1 -0 0 -0 -0 1 -0 0 0 -0 1 0
1 0.000122962 -0.00027041 -0.000104618 -0.00012285 1 0.000415234 -0.000373024 0.000270461 -0.000415201 1 -0.000207603
0.999999 0.00095353 0.000926448 -0.000271478 -0.000955927 0.999996 0.00258959 -0.00238637 -0.000923975 -0.00259047 0.999996 -0.00207623
1 0.000152285 -0.000342977 0.000686331 -0.00015289 0.999998 -0.00176289 0.00208073 0.000342708 0.00176294 0.999998 0.00135504
1 0.000345544 0.000119056 -0.000463122 -0.000345665 0.999999 0.00101419 -0.00090055 -0.000118705 -0.00101423 0.999999 -0.000203384
1 0.000488787 0.000206312 -0.000373134 -0.00048897 0.999999 0.000887822 -0.000731897 -0.000205878 -0.000887923 1 -0.000188121
1 -0.000368313 -0.000268739 0.000387222 0.000368055 0.999999 -0.000958964 0.00125401 0.000269092 0.000958865 1 0.000715821
1 0.000254348 7.78902e-05 -0.000150361 -0.000254387 1 0.000494463 -0.000459014 -7.77644e-05 -0.000494483 1 0.000180838
1 9.15154e-05 0.000498825 -0.000377246 -9.17589e-05 1 0.000488106 -0.000284249 -0.00049878 -0.000488151 1 -8.35534e-05
1 0.000282598 0.000302147 -0.000295552 -0.000282694 1 0.000317503 -0.000203096 -0.000302057 -0.000317589 1 6.64165e-06
1 -0.000360866 0.000171317 -0.000130684 0.000360881 1 -8.85563e-05 0.000125242 -0.000171285 8.86181e-05 1 0.000123638
1 -6.88961e-05 -0.00013713 0.000113772 6.89439e-05 1 0.000348695 -0.000117617 0.000137106 -0.000348705 1 0.000596617
1 -0.000137928 -0.000818286 0.00138082 0.000138831 0.999999 0.00110307 -0.00126177 0.000818134 -0.00110319 0.999999 0.0138731
1 0.00033379 -0.000376061 0.000345352 -0.000333362 0.999999 0.00113919 -0.000531735 0.000376441 -0.00113907 0.999999 0.0408239
1 1.26859e-05 -0.000345968 0.000352457 -1.24561e-05 1 0.000664155 -1.97592e-06 0.000345977 -0.000664151 1 0.076228
1 -9.5594e-05 -0.00011774 -0.000436599 9.5623e-05 1 0.000246618 0.00015981 0.000117716 -0.000246629 1 0.11793
1 0.000247722 -0.000695422 -9.00551e-05 -0.000246511 0.999998 0.0017401 -0.0007692 0.000695852 -0.00173993 0.999998 0.152389
1 0.000641077 -0.000460657 0.000129051 -0.000640647 0.999999 0.000932355 -0.000235009 0.000461254 -0.00093206 0.999999 0.19015
1 0.000607458 -0.000655563 0.000213089 -0.000606504 0.999999 0.00145468 -0.000828683 0.000656446 -0.00145428 0.999999 0.234037
0.999999 0.000491809 -0.00118537 0.00102788 -0.000489231 0.999998 0.00217355 -0.00154655 0.00118643 -0.00217296 0.999997 0.281734
1 6.1639e-06 -0.000557437 -6.36223e-05 -5.22137e-06 0.999999 0.00169082 -0.00119267 0.000557446 -0.00169082 0.999998 0.334147
0.999999 0.000451758 -0.000916313 0.000250639 -0.000449439 0.999997 0.00252927 -0.00162003 0.000917453 -0.00252886 0.999996 0.387226
0.999999 0.00149658 -0.000586185 -0.000428771 -0.00149526 0.999996 0.00225151 -0.00164287 0.000589552 -0.00225063 0.999997 0.442484
1 0.000291206 -0.000204281 -0.000339685 -0.00029073 0.999997 0.00232638 -0.00168361 0.000204958 -0.00232632 0.999997 0.499614
1 0.000834356 0.00031416 -0.00102475 -0.000835077 0.999997 0.00230295 -0.00157269 -0.000312237 -0.00230321 0.999997 0.557324
0.999999 0.00103176 0.000696064 -0.00127928 -0.00103431 0.999993 0.0036736 -0.00285479 -0.000692269 -0.00367432 0.999993 0.615107
0.999999 0.00114902 0.000513658 -0.00133931 -0.00115091 0.999992 0.00370788 -0.00196883 -0.000509393 -0.00370846 0.999993 0.673263
0.999999 0.000944446 0.0012771 -0.00305191 -0.000948753 0.999994 0.00337613 -0.00170029 -0.0012739 -0.00337734 0.999993 0.733504
0.999999 0.00105804 0.00101226 -0.00273861 -0.00106129 0.999994 0.00321856 -0.0013216 -0.00100885 -0.00321963 0.999994 0.792305
0.999999 0.000900243 0.000509442 -0.00200287 -0.000902198 0.999992 0.00385009 -0.00149716 -0.000505972 -0.00385054 0.999992 0.852948
0.999999 0.000871864 0.000597846 -0.00203715 -0.000874083 0.999993 0.00372173 -0.00154836 -0.000594597 -0.00372225 0.999993 0.911197
0.999999 0.00117935 0.000613962 -0.00201113 -0.00118178 0.999991 0.00397576 -0.00128588 -0.000609268 -0.00397648 0.999992 0.972035
1 0.000682046 0.000472809 -0.00168871 -0.000683657 0.999994 0.00341693 -0.00107657 -0.000470476 -0.00341725 0.999994 1.03075
0.999999 0.00118145 0.000649279 -0.00200007 -0.00118363 0.999994 0.00338267 -0.000924196 -0.000645278 -0.00338343 0.999994 1.09206
1 0.000677613 0.000706311 -0.00141263 -0.000680263 0.999993 0.00375775 -0.00100821 -0.00070376 -0.00375823 0.999993 1.15155
1 0.00056747 0.00035835 -0.00140845 -0.000568257 0.999997 0.00220032 0.000332916 -0.0003571 -0.00220052 0.999998 1.2119
1 0.000761019 0.00041359 -0.00116877 -0.000762195 0.999996 0.00285172 -0.000400278 -0.000411418 -0.00285203 0.999996 1.2719
1 -0.000652704 0.000102158 -0.000883953 0.000652288 0.999992 0.00402117 -0.00158082 -0.000104782 -0.00402111 0.999992 1.3312
1 5.93056e-05 0.000265753 -0.000685635 -5.99706e-05 0.999997 0.00250319 -5.55012e-05 -0.000265603 -0.00250321 0.999997 1.39229
1 0.00016297 8.85754e-05 -0.000285229 -0.000163268 0.999994 0.00337122 -0.000967678 -8.80255e-05 -0.00337124 0.999994 1.45237
1 -0.000100434 0.000401169 -0.00046657 9.92618e-05 0.999996 0.00292069 -8.88343e-05 -0.00040146 -0.00292065 0.999996 1.51275
1 0.000526959 0.000526098 -0.00114656 -0.0005286 0.999995 0.00312427 6.69001e-05 -0.000524449 -0.00312455 0.999995 1.57245
0.999999 0.00075674 0.000677764 -0.00120091 -0.000759092 0.999994 0.00347696 -0.00043788 -0.000675129 -0.00347747 0.999994 1.6324
0.999999 0.000917573 0.000437619 -0.00104891 -0.000919038 0.999994 0.00335939 0.000141789 -0.000434534 -0.00335979 0.999994 1.69222
1 0.00097944 8.16534e-07 -0.000905708 -0.000979435 0.999991 0.00416223 0.000143192 3.26013e-06 -0.00416223 0.999991 1.75335
1 0.00057089 0.000188201 -0.000693743 -0.000571612 0.999992 0.00386075 0.000403461 -0.000185995 -0.00386085 0.999993 1.81205
1 0.00069836 7.51321e-05 -0.000849456 -0.000698684 0.99999 0.00440513 0.000183598 -7.2055e-05 -0.00440518 0.99999 1.87209
0.999999 0.00140356 0.000793968 -0.00192825 -0.00140569 0.999995 0.00267645 0.00217646 -0.000790208 -0.00267756 0.999996 1.93291
1 0.000395276 -0.000256628 -0.00127601 -0.000394264 0.999992 0.00393048 0.00132435 0.000258179 -0.00393038 0.999992 1.99036
1 0.000747626 5.63362e-05 -0.000895565 -0.000747816 0.999994 0.00346171 0.00230692 -5.37478e-05 -0.00346175 0.999994 2.04908
1 0.000282606 6.75714e-05 -0.00129244 -0.00028286 0.999993 0.00379806 0.00218478 -6.64975e-05 -0.00379808 0.999993 2.10921
1 0.000184722 -0.000128441 -0.000374071 -0.000184304 0.999995 0.00324985 0.00275782 0.000129041 -0.00324983 0.999995 2.16966
1 0.00064369 0.000423255 -0.0016542 -0.000645218 0.999993 0.00362018 0.00275558 -0.000420921 -0.00362045 0.999993 2.22942
1 -0.000167751 -0.000320459 -0.000353827 0.00016894 0.999993 0.00371185 0.00363305 0.000319834 -0.00371191 0.999993 2.29033
1 -0.000516902 -0.000410385 -0.000509727 0.00051862 0.999991 0.00419821 0.00194068 0.000408211 -0.00419842 0.999991 2.34966
1 -0.000957152 -0.000186128 -0.000428791 0.000958158 0.999984 0.00548521 0.00086212 0.000180875 -0.00548538 0.999985 2.40869
1 0.00035546 -0.000647694 -0.000642118 -0.000352909 0.999992 0.00393458 0.002393 0.000649087 -0.00393435 0.999992 2.46824
1 0.000347141 -0.000290214 -0.000917277 -0.000346103 0.999994 0.00356858 0.00313821 0.000291451 -0.00356847 0.999994 2.52755
0.999999 0.0012987 0.000155106 -0.00160937 -0.00129924 0.999993 0.00356177 0.0023538 -0.000150479 -0.00356196 0.999994 2.58787
1 0.000794608 0.000233144 -0.00177723 -0.000795546 0.999991 0.00405152 0.00213212 -0.000229923 -0.0040517 0.999992 2.64695
1 -0.00013027 -6.48721e-05 -0.00164637 0.000130509 0.999993 0.00369228 0.00306051 6.43907e-05 -0.00369229 0.999993 2.7102
1 0.000395425 -0.000682469 -0.00103865 -0.000392957 0.999993 0.00361331 0.0034541 0.000683893 -0.00361304 0.999993 2.76911
1 -5.77933e-05 -0.000195279 -0.00200333 5.85123e-05 0.999993 0.00368354 0.00289013 0.000195065 -0.00368355 0.999993 2.83007
1 0.000743074 0.000174275 -0.00263888 -0.000743757 0.999992 0.00395407 0.0032302 -0.000171335 -0.0039542 0.999992 2.88893
1 -0.000107371 0.000511843 -0.00186972 0.000104936 0.999989 0.00475537 0.00203271 -0.000512348 -0.00475532 0.999989 2.94794
0.999998 -0.00159912 -0.000884508 -0.00187183 0.00160375 0.999985 0.00525669 0.000902339 0.000876089 -0.0052581 0.999986 3.00729
1 -6.07073e-05 -0.000475952 -0.000915839 6.2034e-05 0.999996 0.00278796 0.00516749 0.000475781 -0.00278799 0.999996 3.06953
1 -5.33935e-05 -0.000474106 -0.00197655 5.49599e-05 0.999995 0.00330463 0.0059689 0.000473927 -0.00330465 0.999994 3.12976
1 -0.000323574 -0.000430548 -0.000627642 0.000324499 0.999998 0.00215172 0.00670052 0.000429851 -0.00215186 0.999998 3.19072
0.999999 0.000351029 -0.00106954 0.000185991 -0.00034827 0.999997 0.00257961 0.00647718 0.00107044 -0.00257923 0.999996 3.24912
1 -0.000301382 0.000543656 -0.0040815 0.000298479 0.999986 0.00533219 0.0021516 -0.000545256 -0.00533202 0.999986 3.30382
1 -8.74022e-06 -0.00046269 -0.00109673 1.16731e-05 0.99998 0.00633915 -0.00143231 0.000462625 -0.00633916 0.99998 3.36508
1 -0.000107243 -0.000427384 -0.000476501 0.000110492 0.999971 0.00760931 -0.00205044 0.000426555 -0.00760935 0.999971 3.42363
1 -3.80523e-05 -0.000762527 -0.000353459 4.30107e-05 0.999979 0.00650361 -0.000552336 0.000762264 -0.00650364 0.999979 3.4851
0.999999 0.00042674 -0.00156333 0.000388396 -0.000418131 0.999985 0.00550295 0.000686462 0.00156565 -0.00550228 0.999984 3.53364
1 -0.000205852 -0.000747393 -0.000923472 0.000210261 0.999983 0.00590292 -0.00109092 0.000746165 -0.00590307 0.999982 3.56628
0.999999 -6.33302e-05 -0.00146945 -0.00255446 7.32197e-05 0.999977 0.00673106 -0.0025645 0.00146899 -0.00673116 0.999976 3.58756
0.999808 -4.9795e-05 -0.0195893 -0.0103716 0.000253149 0.999946 0.0103785 -0.00932432 0.0195877 -0.0103815 0.999754 3.60112
0.998598 -8.30195e-05 -0.052932 -0.01939 0.000510208 0.999967 0.00805705 -0.00662004 0.0529296 -0.00807276 0.998566 3.61337
0.995445 -0.000719261 -0.0953364 -0.0258163 0.00115428 0.999989 0.00450796 -0.000423386 0.0953322 -0.00459747 0.995435 3.63248
0.989737 0.000369759 -0.142901 -0.0229897 0.000687534 0.999973 0.00734931 -0.00314809 0.1429 -0.00737213 0.98971 3.62372
0.981893 0.000580274 -0.189435 -0.0303635 0.00100075 0.999965 0.00825027 -0.00372278 0.189433 -0.00829046 0.981859 3.62442
0.971401 0.000685068 -0.237444 -0.0370895 0.00131557 0.999965 0.00826718 -0.00403417 0.237441 -0.00834312 0.971366 3.62282
0.958638 0.00140597 -0.284623 -0.0438559 0.000873878 0.999969 0.0078829 -0.00341791 0.284625 -0.00780558 0.958607 3.62117
0.943305 0.000870375 -0.331927 -0.0509743 0.00140024 0.999977 0.0066015 -0.00149707 0.331925 -0.006692 0.943282 3.62002
0.925742 0.00126976 -0.378152 -0.0575465 0.00141001 0.999976 0.00680952 -0.00137458 0.378152 -0.00683706 0.925718 3.61621
0.905401 0.000849373 -0.424558 -0.0629428 0.00189528 0.99998 0.00604238 -6.30087e-05 0.424554 -0.00627543 0.905381 3.61325
0.883241 0.00157436 -0.468917 -0.0662496 0.00219537 0.99997 0.00749248 -0.00322397 0.468915 -0.00764711 0.88321 3.60498
0.859386 0.000970905 -0.511326 -0.0740937 0.00264837 0.999976 0.00634988 -0.000614524 0.51132 -0.00681118 0.859363 3.60192
0.832088 0.000976844 -0.554643 -0.0797385 0.00226521 0.999984 0.00515951 -0.000566542 0.554639 -0.00554955 0.832072 3.59409
0.803329 0.00133045 -0.595534 -0.084167 0.00197631 0.999986 0.00489991 -0.000141216 0.595533 -0.0051132 0.803315 3.58782
0.772215 0.00165543 -0.635359 -0.0882178 0.00247604 0.999981 0.00561483 -0.000877351 0.635357 -0.00590903 0.772196 3.58072
0.739965 0.000935181 -0.672645 -0.0915636 0.00335491 0.999981 0.00508096 -0.000386213 0.672637 -0.0060164 0.739948 3.5743
0.706 0.000662383 -0.708212 -0.0948253 0.00307078 0.999987 0.00399647 -0.000229467 0.708205 -0.00499627 0.705989 3.56631
0.669004 0.00105643 -0.743258 -0.0986384 0.0028392 0.999988 0.00397689 0.000948456 0.743254 -0.00477081 0.668993 3.56043
0.630799 0.000764084 -0.775946 -0.101363 0.00336257 0.999987 0.00371828 0.00124885 0.775939 -0.00495466 0.630789 3.55338
0.591572 0.00089458 -0.806252 -0.102476 0.00364656 0.999986 0.00378513 0.00090037 0.806244 -0.00517922 0.59156 3.5459
0.550197 0.00144039 -0.835033 -0.10608 0.00316288 0.999988 0.00380893 0.00120381 0.835029 -0.00473677 0.550186 3.53784
0.507689 0.000250751 -0.861541 -0.107338 0.00451617 0.999985 0.00295234 0.0014356 0.861529 -0.00538973 0.50768 3.53057
0.464653 0.00166639 -0.885491 -0.108657 0.00313295 0.999989 0.00352585 0.00102941 0.885487 -0.0044125 0.464643 3.52175
0.419247 0.00181134 -0.90787 -0.109697 0.00315488 0.999989 0.00345203 0.00126309 0.907867 -0.00431148 0.419237 3.51355
0.37355 0.00143562 -0.927609 -0.110016 0.00368238 0.999989 0.00303054 0.00172513 0.927603 -0.00454787 0.373541 3.5059
0.326952 0.00170776 -0.945039 -0.110669 0.0033363 0.99999 0.00296131 0.00194657 0.945035 -0.00412115 0.326943 3.49743
0.279592 0.00238591 -0.960116 -0.109688 0.0036489 0.999987 0.00354757 0.00143699 0.960112 -0.00449524 0.27958 3.48935
0.232279 0.0017109 -0.972648 -0.108786 0.00303413 0.999992 0.00248358 0.00161204 0.972644 -0.00352802 0.232272 3.4812
0.203548 0.00251829 -0.979062 -0.107841 0.00357002 0.999988 0.00331433 0.00124376 0.979059 -0.0041699 0.203536 3.47634
0.188023 0.00208552 -0.982162 -0.106534 0.00332098 0.999991 0.00275914 0.00120275 0.982159 -0.00378052 0.188015 3.47459
0.180039 0.00256907 -0.983656 -0.106621 0.00336977 0.999989 0.0032285 0.000954594 0.983654 -0.00389595 0.180029 3.47356
0.17603 0.00179728 -0.984383 -0.107022 0.00410869 0.999988 0.0025605 0.00128497 0.984376 -0.00449525 0.176021 3.47346
0.173526 0.00159618 -0.984828 -0.119913 0.00355301 0.999991 0.00224679 0.0018667 0.984823 -0.00388898 0.173519 3.47522
0.172877 0.00205086 -0.984941 -0.146566 0.00327609 0.999991 0.00265721 0.00171541 0.984938 -0.00368613 0.172869 3.47886
0.171911 0.00117615 -0.985112 -0.182661 0.00394507 0.99999 0.00188237 0.00246702 0.985105 -0.00420993 0.171905 3.48554
0.171647 0.00236845 -0.985156 -0.223536 0.0033855 0.99999 0.00299398 0.00224336 0.985153 -0.00384915 0.171637 3.49269
0.171525 0.00157793 -0.985179 -0.257393 0.00362628 0.999991 0.00223301 0.00300812 0.985173 -0.00395555 0.171518 3.49868
0.171735 0.00125712 -0.985142 -0.296267 0.0036063 0.999992 0.00190473 0.0025245 0.985137 -0.00387983 0.171729 3.50444
0.170374 0.00106281 -0.985379 -0.339635 0.00471602 0.999987 0.00189398 0.00225345 0.985368 -0.00496975 0.170367 3.51168
0.150772 0.00173638 -0.988567 -0.386625 0.00416949 0.999988 0.00239235 0.00217377 0.98856 -0.00448252 0.150763 3.51715
0.11689 0.00155779 -0.993144 -0.435887 0.00397009 0.99999 0.00203579 0.00271271 0.993137 -0.00418083 0.116883 3.51984
0.0750814 0.00165168 -0.997176 -0.474935 0.00455425 0.999988 0.00199924 0.0026883 0.997167 -0.00469149 0.075073 3.51952
0.0301526 0.00175828 -0.999544 -0.515289 0.00403327 0.99999 0.00188074 0.00282904 0.999537 -0.00408814 0.0301453 3.51794
0.00267871 0.00182454 -0.999995 -0.559263 0.00345598 0.999992 0.00183379 0.00260917 0.99999 -0.00346087 0.00267238 3.52067
-0.0122381 0.0015675 -0.999924 -0.607728 0.00351938 0.999993 0.00152453 0.00275787 0.999919 -0.00350046 -0.0122435 3.52229
-0.0203102 0.00213117 -0.999791 -0.659998 0.00432897 0.999989 0.00204364 0.00201764 0.999784 -0.00428656 -0.0203192 3.52419
-0.024498 0.000941371 -0.999699 -0.704992 0.0045052 0.99999 0.000831242 0.00406396 0.99969 -0.00448348 -0.024502 3.5232
-0.0456155 0.00144244 -0.998958 -0.734079 0.00371654 0.999992 0.00127422 0.00381983 0.998952 -0.00365454 -0.0456205 3.52131
-0.0811709 0.000449476 -0.9967 -0.753127 0.00444795 0.99999 8.87205e-05 0.00486942 0.99669 -0.00442607 -0.0811721 3.51657
-0.123499 0.000873918 -0.992344 -0.765888 0.00448598 0.99999 0.000322362 0.00510459 0.992335 -0.00441182 -0.123502 3.51033
-0.169477 0.000177491 -0.985534 -0.774556 0.00408889 0.999992 -0.000523049 0.00488216 0.985526 -0.00411838 -0.169476 3.50492
-0.214736 0.000594903 -0.976672 -0.778851 0.00381538 0.999993 -0.00022976 0.00442835 0.976665 -0.00377571 -0.214737 3.49563
-0.263202 0.00074676 -0.96474 -0.779733 0.00341136 0.999994 -0.000156645 0.00434744 0.964735 -0.00333231 -0.263203 3.49109
-0.309976 0.000443896 -0.950744 -0.7778 0.00374868 0.999993 -0.000755311 0.00453287 0.950737 -0.00379816 -0.309976 3.48436
-0.357014 0.00056375 -0.934099 -0.776116 0.00328114 0.999994 -0.000650536 0.00424108 0.934093 -0.00329716 -0.357014 3.47855
-0.40317 0.00105024 -0.915125 -0.773184 0.0035004 0.999994 -0.000394506 0.00405453 0.915118 -0.00336235 -0.403171 3.47354
-0.448313 0.00128236 -0.893876 -0.768661 0.00264374 0.999996 0.000108662 0.00370339 0.893873 -0.00231446 -0.448314 3.46789
-0.492056 0.00162435 -0.870562 -0.762974 0.00348697 0.999994 -0.00010504 0.00328671 0.870557 -0.00308731 -0.492058 3.46295
-0.534683 0.000467179 -0.845053 -0.758209 0.00240066 0.999997 -0.000966114 0.00433511 0.845049 -0.00254525 -0.534682 3.45769
-0.577188 0.000504079 -0.816611 -0.752966 0.00252956 0.999996 -0.00117063 0.00484494 0.816607 -0.00274134 -0.577187 3.45285
-0.616018 3.72831e-05 -0.787732 -0.746557 0.00197827 0.999997 -0.00149971 0.00499076 0.787729 -0.00248219 -0.616016 3.44825
-0.655357 0.000323159 -0.755319 -0.739737 0.00214099 0.999997 -0.0014298 0.00457661 0.755316 -0.00255416 -0.655356 3.44528
-0.692303 0.000179802 -0.721607 -0.732869 0.00196135 0.999997 -0.00163253 0.00506267 0.721604 -0.00254553 -0.692301 3.44123
-0.727648 0.000818272 -0.68595 -0.725197 0.00187872 0.999998 -0.000800028 0.0040919 0.685948 -0.00187085 -0.727648 3.43901
-0.761046 0.000277832 -0.648697 -0.718082 0.00166174 0.999997 -0.00152125 0.00432853 0.648695 -0.00223571 -0.761045 3.43582
-0.792757 0.000361769 -0.609538 -0.710249 0.00191725 0.999996 -0.00190004 0.00428129 0.609535 -0.00267491 -0.792755 3.43297
-0.821797 0.00032269 -0.56978 -0.701491 0.0010369 0.999999 -0.000929185 0.00379262 0.569779 -0.00135441 -0.821797 3.43116
-0.849431 0.000138704 -0.5277 -0.694852 0.00118913 0.999998 -0.00165129 0.00441092 0.527698 -0.00203016 -0.849429 3.42996
-0.875014 0.000711484 -0.484097 -0.687604 0.00146257 0.999998 -0.00117391 0.00451341 0.484096 -0.00173521 -0.875013 3.42903
-0.897978 0.000758559 -0.440039 -0.679175 0.00111514 0.999999 -0.0005518 0.00370367 0.440038 -0.00098621 -0.897979 3.42806
-0.918946 6.77601e-05 -0.394383 -0.670794 0.000718417 0.999999 -0.00150216 0.00406239 0.394383 -0.00166374 -0.918945 3.42793
-0.937849 0.000160176 -0.347042 -0.662547 0.000536246 0.999999 -0.00098761 0.00370136 0.347042 -0.00111233 -0.937849 3.42821
-0.953643 -0.000658449 -0.30094 -0.654625 -0.000143997 0.999998 -0.00173166 0.00459878 0.300941 -0.00160805 -0.953641 3.42758
-0.967618 -0.000390888 -0.252421 -0.646563 -0.00016299 1 -0.000923759 0.00362315 0.252421 -0.000852703 -0.967617 3.42949
-0.978937 -0.00124591 -0.204159 -0.638155 -0.000816229 0.999997 -0.00218883 0.00470074 0.204162 -0.00197609 -0.978935 3.42934
-0.987954 -0.00118316 -0.154746 -0.630549 -0.00103704 0.999999 -0.001025 0.003958 0.154747 -0.000852175 -0.987954 3.43155
-0.994396 -0.00162435 -0.105702 -0.622546 -0.00144643 0.999997 -0.0017599 0.00515398 0.105705 -0.00159714 -0.994396 3.43266
-0.998359 -0.00138379 -0.0572544 -0.614924 -0.00128125 0.999998 -0.00182759 0.00512462 0.0572568 -0.00175124 -0.998358 3.43404
-0.999638 -0.00101997 -0.0268826 -0.61153 -0.000974048 0.999998 -0.00172132 0.00549063 0.0268843 -0.00169451 -0.999637 3.42185
-0.999929 -0.00145822 -0.0118313 -0.609895 -0.00143018 0.999996 -0.00237747 0.0057331 0.0118347 -0.00236039 -0.999927 3.39583
-0.999994 -0.000841306 -0.00326067 -0.610161 -0.000837773 0.999999 -0.00108486 0.00496614 0.00326157 -0.00108212 -0.999994 3.36071
-0.999999 -0.00135857 0.00107116 -0.610398 -0.00135973 0.999998 -0.00109 0.00460314 -0.00106967 -0.00109145 -0.999999 3.31889
-0.999995 -0.000608258 0.00314467 -0.610798 -0.000614132 0.999998 -0.00186756 0.00496778 -0.00314353 -0.00186948 -0.999993 3.27138
-0.999989 -0.000360837 0.00461476 -0.611122 -0.000366191 0.999999 -0.0011594 0.00474624 -0.00461433 -0.00116108 -0.999989 3.22015
-0.999986 -0.000955502 0.00522877 -0.61135 -0.00096539 0.999998 -0.00188882 0.00503258 -0.00522695 -0.00189384 -0.999985 3.16732
-0.999985 -0.00114288 0.0052983 -0.610932 -0.00115485 0.999997 -0.00225775 0.00510926 -0.0052957 -0.00226383 -0.999983 3.11185
-0.999983 -0.00219117 0.00531092 -0.610499 -0.00220143 0.999996 -0.00192541 0.00502463 -0.00530668 -0.00193707 -0.999984 3.05498
-0.999985 -0.000978561 0.00533852 -0.610296 -0.000993919 0.999995 -0.00287495 0.00509677 -0.00533568 -0.00288022 -0.999982 2.99699
-0.999985 -0.000766298 0.00545041 -0.610015 -0.000781012 0.999996 -0.00269804 0.00542966 -0.00544833 -0.00270225 -0.999982 2.93762
-0.999985 -0.000915263 0.00547777 -0.610143 -0.000921581 0.999999 -0.00115096 0.00344767 -0.00547672 -0.00115599 -0.999984 2.87995
-0.999983 -0.0010004 0.00581156 -0.609525 -0.00101246 0.999997 -0.00207362 0.00383642 -0.00580947 -0.00207947 -0.999981 2.8207
-0.999984 -0.00109502 0.00546665 -0.609232 -0.00110425 0.999998 -0.00168628 0.00320452 -0.0054648 -0.00169229 -0.999984 2.7612
-0.999985 -0.000936241 0.00533822 -0.608347 -0.000943951 0.999999 -0.00144183 0.00280055 -0.00533686 -0.00144685 -0.999985 2.70136
-0.999984 -0.00152793 0.00539295 -0.607926 -0.00153649 0.999998 -0.00158403 0.00290908 -0.00539052 -0.0015923 -0.999984 2.64282
-0.999989 -0.000550599 0.00462978 -0.607169 -0.000567307 0.999993 -0.00360839 0.00507677 -0.00462776 -0.00361098 -0.999983 2.5826
-0.999988 -0.00132837 0.00471926 -0.607156 -0.00134004 0.999996 -0.00247187 0.00324025 -0.00471596 -0.00247816 -0.999986 2.52349
-0.999985 -0.000834421 0.00540768 -0.607409 -0.000848028 0.999996 -0.00251455 0.00308584 -0.00540556 -0.0025191 -0.999982 2.4632
-0.999985 -0.000740412 0.00550127 -0.607323 -0.00075426 0.999997 -0.0025155 0.00257806 -0.00549939 -0.00251961 -0.999982 2.40292
-0.999983 -0.000990854 0.00582433 -0.607717 -0.00100104 0.999998 -0.00174688 0.00157461 -0.00582258 -0.00175268 -0.999982 2.34339
-0.999985 -0.00151516 0.00530011 -0.605577 -0.00152582 0.999997 -0.00200906 0.00202501 -0.00529705 -0.00201711 -0.999984 2.28251
-0.999988 -0.00105899 0.00475609 -0.603864 -0.00107094 0.999996 -0.00251074 0.00218964 -0.00475341 -0.00251581 -0.999986 2.22078
-0.999983 -0.00099394 0.00570438 -0.605287 -0.00100193 0.999999 -0.00139877 0.000875481 -0.00570298 -0.00140446 -0.999983 2.16169
-0.999983 -0.00139884 0.00573264 -0.605547 -0.00140771 0.999998 -0.00154216 0.000300626 -0.00573047 -0.0015502 -0.999982 2.10387
-0.999983 -0.00121477 0.00572164 -0.604446 -0.00122306 0.999998 -0.00144559 8.67808e-05 -0.00571988 -0.00145257 -0.999983 2.04363
-0.999982 -0.00157593 0.0057316 -0.603853 -0.00158297 0.999998 -0.0012244 -0.000686618 -0.00572966 -0.00123345 -0.999983 1.98363
-0.999982 -0.0012392 0.00589632 -0.603795 -0.001249 0.999998 -0.00165811 -0.000958829 -0.00589425 -0.00166545 -0.999981 1.92298
-0.999983 -0.00115172 0.00573549 -0.604076 -0.00115544 0.999999 -0.000645007 -0.00137786 -0.00573474 -0.000651623 -0.999983 1.86264
-0.999979 -0.00128848 0.00628697 -0.603611 -0.00129534 0.999999 -0.00108642 -0.00139042 -0.00628556 -0.00109454 -0.99998 1.80316
-0.999983 -0.000969679 0.00579099 -0.602887 -0.000975309 0.999999 -0.000969477 -0.00198943 -0.00579004 -0.000975109 -0.999983 1.74301
-0.999983 -0.00120127 0.00570716 -0.60202 -0.00120314 0.999999 -0.000324529 -0.00229327 -0.00570677 -0.00033139 -0.999984 1.68317
-0.999982 -0.00101 0.00583442 -0.601463 -0.00101369 0.999999 -0.000630425 -0.00292197 -0.00583378 -0.000636329 -0.999983 1.62354
-0.999983 -0.00102202 0.00575945 -0.601739 -0.00103028 0.999998 -0.00143199 -0.00214027 -0.00575798 -0.0014379 -0.999982 1.56267
-0.999981 -0.000267974 0.00614591 -0.600769 -0.000276919 0.999999 -0.00145465 -0.0026802 -0.00614552 -0.00145633 -0.99998 1.50408
-0.999983 -0.000831861 0.00583083 -0.601536 -0.00083875 0.999999 -0.00117912 -0.00283322 -0.00582984 -0.00118399 -0.999982 1.44325
-0.999983 -0.000782523 0.00580911 -0.600592 -0.000790278 0.999999 -0.00133284 -0.00267311 -0.00580806 -0.00133741 -0.999982 1.38263
-0.99998 -0.000907149 0.00624606 -0.600488 -0.000918312 0.999998 -0.00178456 -0.00339069 -0.00624443 -0.00179026 -0.999979 1.32342
-0.99998 -0.00061236 0.00636957 -0.599934 -0.00061775 0.999999 -0.000844266 -0.00463434 -0.00636904 -0.000848183 -0.999979 1.26344
-0.99998 -0.000910371 0.00618129 -0.599543 -0.000915821 0.999999 -0.000878907 -0.00426322 -0.00618049 -0.000884551 -0.999981 1.20338
-0.999979 -0.00135526 0.00636687 -0.598663 -0.00136233 0.999998 -0.00110688 -0.00491367 -0.00636536 -0.00111553 -0.999979 1.144
-0.999971 -0.00136772 0.00745285 -0.598692 -0.00137946 0.999998 -0.00156997 -0.0039602 -0.00745069 -0.00158021 -0.999971 1.08406
-0.999978 -0.000472038 0.00659764 -0.59829 -0.000480594 0.999999 -0.0012953 -0.00580131 -0.00659702 -0.00129845 -0.999977 1.0229
-0.999976 -0.000529733 0.00692614 -0.59737 -0.000531087 1 -0.000193685 -0.0062648 -0.00692604 -0.000197359 -0.999976 0.961599
-0.999981 -0.000212655 0.00619587 -0.596035 -0.000223195 0.999999 -0.00170052 -0.00519568 -0.00619549 -0.00170187 -0.999979 0.900031
-0.999974 -0.000244314 0.00714917 -0.597101 -0.0002588 0.999998 -0.00202541 -0.00510356 -0.00714866 -0.00202721 -0.999972 0.841588
-0.999976 -0.0013355 0.00682899 -0.598047 -0.00133681 0.999999 -0.000187212 -0.00769901 -0.00682873 -0.000196336 -0.999977 0.783697
-0.999975 -0.00169218 0.00680503 -0.59738 -0.00170116 0.999998 -0.00131516 -0.0061637 -0.00680279 -0.00132671 -0.999976 0.72415
-0.999973 -0.00123606 0.00723047 -0.596952 -0.0012525 0.999997 -0.00226952 -0.00445437 -0.00722764 -0.00227852 -0.999971 0.661807
-0.999979 -0.00166061 0.00630677 -0.594749 -0.00165781 0.999999 0.000449689 -0.00776678 -0.00630751 0.000439224 -0.99998 0.603627
-0.999982 -0.000896969 0.00586188 -0.592141 -0.000887376 0.999998 0.00163901 -0.0130087 -0.00586334 0.00163378 -0.999981 0.544267
-0.999975 -0.000374093 0.00707856 -0.594341 -0.000357652 0.999997 0.00232371 -0.0135649 -0.00707941 0.00232112 -0.999972 0.483964
-0.999979 -0.000817349 0.00649528 -0.592467 -0.000811018 0.999999 0.000977305 -0.0120108 -0.00649607 0.000972017 -0.999978 0.435284
-0.999995 2.05118e-05 0.0032028 -0.590438 2.1002e-05 1 0.000153018 -0.0102275 -0.00320279 0.000153084 -0.999995 0.404535
-0.999298 -0.000819267 -0.0374543 -0.593262 -0.000873151 0.999999 0.00142234 -0.0122361 0.0374531 0.00145404 -0.999297 0.378973
-0.994363 -0.000315429 -0.106024 -0.605978 -0.000518812 0.999998 0.00189069 -0.0133783 0.106024 0.00193504 -0.994362 0.358525
-0.982086 7.73798e-05 -0.188431 -0.618859 -0.000317628 0.999998 0.00206611 -0.013094 0.188431 0.00208894 -0.982084 0.343676
-0.961009 0.000689015 -0.276517 -0.635261 0.000343395 0.999999 0.00129832 -0.0125088 0.276517 0.00115275 -0.961008 0.332721
-0.928757 0.000461744 -0.370689 -0.649021 -0.00019677 0.999998 0.00173864 -0.0140821 0.370689 0.00168772 -0.928756 0.326533
-0.889844 0.000497294 -0.456264 -0.66498 0.000183436 1 0.000732173 -0.0122299 0.456265 0.000567825 -0.889844 0.320968
-0.840801 0.000350231 -0.541345 -0.680074 -0.000283962 0.999999 0.00108801 -0.013859 0.541345 0.00106852 -0.8408 0.322633
-0.782523 -4.30062e-05 -0.622621 -0.69553 -0.00107699 0.999999 0.00128451 -0.0138745 0.62262 0.00167572 -0.782522 0.32438
-0.717698 -1.30733e-05 -0.696354 -0.71128 -0.00044621 1 0.000441112 -0.0129717 0.696354 0.000627306 -0.717698 0.328118
-0.644558 0.000328119 -0.764555 -0.725182 -0.000379366 1 0.000748987 -0.0135087 0.764555 0.000772812 -0.644558 0.334647
-0.565239 0.000732018 -0.824927 -0.73828 0.000179185 1 0.000764595 -0.0137396 0.824927 0.000284364 -0.565239 0.342904
-0.480659 0.000935546 -0.876907 -0.752167 0.000762618 0.999999 0.000648856 -0.0135221 0.876907 -0.000356867 -0.480659 0.351511
-0.391841 0.000654916 -0.920033 -0.774955 0.00018509 1 0.00063301 -0.0137708 0.920033 7.77507e-05 -0.391841 0.355739
-0.335966 0.00107849 -0.941873 -0.804658 0.000661625 0.999999 0.000909049 -0.0143687 0.941874 -0.000317757 -0.335967 0.351004
-0.307095 0.000115983 -0.951679 -0.840525 0.000123843 1 8.19095e-05 -0.0122454 0.951679 -9.2705e-05 -0.307095 0.340589
-0.291712 0.00105515 -0.956506 -0.881081 0.000955452 0.999999 0.000811741 -0.0132294 0.956506 -0.0006771 -0.291713 0.328173
-0.283592 0.00224309 -0.958943 -0.910637 0.000818364 0.999997 0.00209711 -0.0163401 0.958945 -0.000190042 -0.283593 0.317272
-0.278724 0.00130699 -0.96037 -0.935003 0.000262716 0.999999 0.00128468 -0.0150122 0.960371 0.000105767 -0.278725 0.308902
-0.274587 0.00272851 -0.961559 -0.950563 0.000627847 0.999996 0.0026583 -0.0174818 0.961562 0.000126221 -0.274587 0.304173
-0.235051 0.00293957 -0.971979 -0.965696 0.000489593 0.999996 0.0029059 -0.0171412 0.971983 0.000207161 -0.235051 0.304719
-0.167072 0.00133106 -0.985944 -0.983421 0.00060142 0.999999 0.00124812 -0.0142436 0.985945 -0.000384441 -0.167072 0.311332
-0.0837627 0.000862044 -0.996485 -0.994301 0.000628047 0.999999 0.000812291 -0.0133954 0.996486 -0.0005578 -0.0837632 0.319146
0.00461182 0.0017075 -0.999988 -1.00422 0.000951418 0.999998 0.0017119 -0.0149515 0.999989 -0.000959302 0.00461018 0.33221
0.0606241 0.00247253 -0.998158 -1.02161 0.000836318 0.999996 0.00252788 -0.0165086 0.99816 -0.000988028 0.0606218 0.340853
0.0896833 0.00312555 -0.995965 -1.04905 0.000764329 0.999995 0.00320702 -0.0170827 0.99597 -0.00104886 0.0896804 0.344916
0.103864 0.00266422 -0.994588 -1.08843 0.000434012 0.999996 0.00272403 -0.0177803 0.994591 -0.000714592 0.103863 0.349523
0.112682 0.00286228 -0.993627 -1.13293 0.000179969 0.999996 0.00290104 -0.0169731 0.993631 -0.000505717 0.112681 0.351413
0.116045 0.00285633 -0.99324 -1.17799 0.00110706 0.999995 0.00300509 -0.0163974 0.993243 -0.0014483 0.116041 0.355642
0.11843 0.00299695 -0.992958 -1.21855 0.0010141 0.999995 0.00313914 -0.0174887 0.992962 -0.00137873 0.118426 0.35837
0.118553 0.00336566 -0.992942 -1.25782 -0.000562679 0.999994 0.00332238 -0.0192432 0.992948 0.00016483 0.118554 0.365595
0.120065 0.00136112 -0.992765 -1.30523 0.00177514 0.999997 0.00158572 -0.0145673 0.992764 -0.00195269 0.120062 0.365594
0.119537 0.00604329 -0.992811 -1.35011 0.000232115 0.999981 0.00611488 -0.0222034 0.99283 -0.000961397 0.119533 0.373881
0.120962 0.00543993 -0.992642 -1.40302 0.000492845 0.999985 0.00554023 -0.0220369 0.992657 -0.00115938 0.120957 0.38372
0.159383 0.00727411 -0.98719 -1.44284 -0.00110975 0.999974 0.00718914 -0.0243874 0.987216 -5.02948e-05 0.159387 0.396356
0.228849 0.00540007 -0.973447 -1.4763 0.000443412 0.999984 0.00565152 -0.0215343 0.973462 -0.00172498 0.228843 0.407391
0.307077 0.00833797 -0.951648 -1.49534 -0.00139687 0.999964 0.00831056 -0.0262316 0.951684 -0.00122265 0.307078 0.427184
0.396193 0.00480679 -0.918155 -1.51438 -0.000173394 0.999987 0.00516038 -0.0206162 0.918167 -0.00188531 0.396189 0.438797
0.477812 0.00407948 -0.878453 -1.52413 -0.000387782 0.99999 0.00443297 -0.0189353 0.878462 -0.00177747 0.477809 0.45453
0.529086 0.00550307 -0.848551 -1.52885 -0.00100819 0.999982 0.00585653 -0.0205316 0.848568 -0.00224311 0.529082 0.461707
0.554824 0.00588701 -0.831947 -1.53096 0.000233421 0.999974 0.00723166 -0.0214554 0.831968 -0.0042065 0.554808 0.464904
0.571206 0.00727802 -0.820774 -1.53424 -0.00226054 0.999971 0.00729381 -0.0229937 0.820803 -0.00231088 0.571206 0.465745
0.608199 0.00701344 -0.793754 -1.53555 -0.00218573 0.999972 0.00716077 -0.0247093 0.793782 -0.00262023 0.608197 0.477502
0.663488 0.00715354 -0.748153 -1.53369 -0.0030036 0.999972 0.00689763 -0.0247601 0.748181 -0.00232935 0.663491 0.488773
0.726604 0.00598787 -0.68703 -1.53228 -0.00240753 0.999978 0.00616918 -0.0235747 0.687052 -0.0028285 0.726603 0.499733
0.78584 0.00767625 -0.618383 -1.52266 -0.00422207 0.999966 0.00704761 -0.0265545 0.618416 -0.00292743 0.785845 0.513219
0.841864 0.00804747 -0.53963 -1.5141 -0.0047371 0.99996 0.00752212 -0.0274657 0.539669 -0.00377631 0.841869 0.525984
0.890367 0.00732652 -0.455184 -1.50534 -0.0050632 0.999968 0.0061913 -0.0270442 0.455215 -0.00320785 0.890376 0.537512
0.931439 0.00763683 -0.363818 -1.49534 -0.00591777 0.999965 0.00583953 -0.0269941 0.36385 -0.00328617 0.931452 0.548317
0.962715 0.00750344 -0.270413 -1.48233 -0.00629571 0.999966 0.00533336 -0.0280481 0.270444 -0.00343206 0.96273 0.557636
0.984265 0.00686626 -0.176566 -1.47137 -0.00610524 0.99997 0.00485299 -0.0277009 0.176594 -0.00369865 0.984277 0.581407
0.993001 0.00655757 -0.117923 -1.46748 -0.00602614 0.99997 0.00486262 -0.0279115 0.117951 -0.00411797 0.993011 0.612386
0.996328 0.00663249 -0.0853629 -1.47109 -0.00632516 0.999973 0.00387019 -0.026948 0.0853862 -0.00331605 0.996342 0.647656
0.997545 0.00675583 -0.0697014 -1.47527 -0.0064683 0.99997 0.00434995 -0.0279175 0.0697287 -0.00388842 0.997558 0.68993
0.998087 0.00584908 -0.0615459 -1.4782 -0.00551947 0.99997 0.00552425 -0.0285264 0.0615763 -0.00517399 0.998089 0.725758
0.998321 0.00676946 -0.0575335 -1.48291 -0.00652354 0.999969 0.00446111 -0.02765 0.0575619 -0.00407829 0.998334 0.761798
0.998454 0.00723653 -0.055115 -1.48649 -0.00703224 0.999968 0.00389961 -0.027512 0.0551415 -0.003506 0.998472 0.806941
0.998546 0.00722696 -0.053419 -1.49048 -0.00704355 0.999969 0.00362072 -0.0270308 0.0534434 -0.0032392 0.998566 0.854859
0.998541 0.00674955 -0.0535768 -1.49326 -0.00653469 0.99997 0.00418442 -0.0277004 0.0536034 -0.00382821 0.998555 0.906031
0.998575 0.00681834 -0.0529262 -1.49709 -0.00655587 0.999965 0.00513117 -0.0282663 0.0529594 -0.00477688 0.998585 0.959408
0.99858 0.00654259 -0.0528756 -1.50097 -0.00629488 0.999968 0.00484995 -0.0267819 0.0529057 -0.00451021 0.998589 1.01596
0.998546 0.00669878 -0.053486 -1.5026 -0.00646241 0.999969 0.00459094 -0.0265562 0.0535151 -0.00423862 0.998558 1.07321
0.998557 0.00697934 -0.0532456 -1.5064 -0.00676399 0.999968 0.00422354 -0.0261256 0.0532734 -0.00385729 0.998573 1.13201
0.998576 0.00692943 -0.052905 -1.50922 -0.00672422 0.999969 0.00405594 -0.0257568 0.0529315 -0.00369442 0.998591 1.18853
0.998575 0.00619263 -0.0530058 -1.51198 -0.00597289 0.999973 0.004303 -0.0252864 0.053031 -0.00398027 0.998585 1.24716
0.998568 0.00639961 -0.0531092 -1.51533 -0.00620134 0.999973 0.00389728 -0.0244133 0.0531327 -0.00356236 0.998581 1.30701
0.99851 0.00612925 -0.054222 -1.51637 -0.00590287 0.999973 0.00433434 -0.0248273 0.0542472 -0.00400782 0.998519 1.36746
0.998538 0.00591907 -0.0537214 -1.51986 -0.00571138 0.999976 0.00401875 -0.0239663 0.0537439 -0.00370606 0.998548 1.4264
0.998548 0.0060526 -0.053522 -1.52424 -0.00586138 0.999976 0.00372904 -0.023606 0.0535433 -0.00340992 0.99856 1.48462
0.998556 0.0064224 -0.0533391 -1.52759 -0.00622603 0.999973 0.00384684 -0.0231284 0.0533624 -0.0035092 0.998569 1.54363
0.998561 0.00664968 -0.0532121 -1.5311 -0.00645796 0.999972 0.00377415 -0.0233737 0.0532357 -0.00342508 0.998576 1.60309
0.99855 0.00685879 -0.0533959 -1.53465 -0.00665909 0.99997 0.00391718 -0.0237086 0.0534211 -0.00355594 0.998566 1.66038
0.998719 0.00665139 -0.0501666 -1.53705 -0.00654865 0.999976 0.00221226 -0.0209127 0.0501801 -0.0018809 0.998738 1.70777
0.999928 0.00646445 -0.0100814 -1.53362 -0.00644113 0.999977 0.0023441 -0.0202928 0.0100963 -0.002279 0.999946 1.7433
0.998334 0.00487814 0.0574917 -1.52312 -0.00507383 0.999982 0.00325831 -0.0231558 -0.0574747 -0.00354459 0.998341 1.77049
0.989975 0.00472771 0.141162 -1.51102 -0.00522145 0.999981 0.00312747 -0.023033 -0.141144 -0.00383319 0.989982 1.79148
0.973675 0.00459835 0.227896 -1.49593 -0.00531644 0.999983 0.00253718 -0.023448 -0.22788 -0.00368198 0.973682 1.81976
0.959358 0.00449403 0.282157 -1.48219 -0.0053975 0.999982 0.00242483 -0.0240024 -0.282141 -0.00384922 0.959365 1.85509
0.951021 0.00422189 0.309098 -1.46884 -0.00532936 0.999982 0.00273867 -0.0242343 -0.309081 -0.00425183 0.951026 1.89629
0.94678 0.00433633 0.321852 -1.45623 -0.00537006 0.999983 0.00232409 -0.024083 -0.321837 -0.00392877 0.946787 1.94231
0.950674 0.00395272 0.310167 -1.44533 -0.00529378 0.99998 0.00348206 -0.0249339 -0.310147 -0.00495226 0.950676 1.98976
0.959716 0.00518579 0.280924 -1.44024 -0.00591267 0.999981 0.00173994 -0.0233067 -0.280909 -0.00333085 0.959729 2.02776
0.970082 0.00447698 0.242736 -1.43823 -0.00543427 0.99998 0.00327433 -0.0239108 -0.242717 -0.00449546 0.970087 2.05441
0.979828 0.00500443 0.199779 -1.4409 -0.0056906 0.99998 0.00286053 -0.0226355 -0.199761 -0.0039397 0.979837 2.07378
0.988173 0.00507114 0.15326 -1.44378 -0.00559317 0.99998 0.00297523 -0.0227482 -0.153242 -0.00379725 0.988181 2.08691
0.994427 0.00537226 0.105295 -1.44895 -0.00583126 0.999975 0.00405185 -0.0232458 -0.105271 -0.00464327 0.994433 2.09572
0.998434 0.00361587 0.0558332 -1.45393 -0.00385838 0.999984 0.00423631 -0.0228761 -0.055817 -0.0044451 0.998431 2.10027
0.99996 0.00588241 0.00669796 -1.4609 -0.00590187 0.999978 0.00288951 -0.0218781 -0.00668082 -0.00292892 0.999973 2.1046
0.999053 0.00611938 -0.04308 -1.46782 -0.00600633 0.999978 0.00275313 -0.0209107 0.0430959 -0.00249177 0.999068 2.11922
0.995793 0.0053013 -0.0914795 -1.47448 -0.00499286 0.999981 0.00360015 -0.02125 0.0914969 -0.00312826 0.9958 2.1449
0.992466 0.00564619 -0.122394 -1.47933 -0.00513629 0.999977 0.00448121 -0.0214784 0.122416 -0.0038188 0.992471 2.18009
0.990657 0.00588484 -0.136253 -1.48478 -0.00537182 0.999977 0.00413261 -0.0216543 0.136275 -0.00336207 0.990665 2.22231
0.989536 0.00592556 -0.144161 -1.49089 -0.00533592 0.999976 0.00447638 -0.0216783 0.144184 -0.00366031 0.989544 2.2702
0.988829 0.00569966 -0.148945 -1.49573 -0.00512653 0.999978 0.00423162 -0.021702 0.148966 -0.00342078 0.988836 2.32084
0.988672 0.00584812 -0.149977 -1.50309 -0.00529984 0.999978 0.00405519 -0.0212178 0.149998 -0.0032144 0.988681 2.37278
0.98861 0.00547925 -0.150398 -1.51136 -0.0049454 0.99998 0.00392337 -0.0204462 0.150417 -0.0031349 0.988618 2.42745
0.988391 0.00591678 -0.151819 -1.51861 -0.00517319 0.999973 0.00529237 -0.023142 0.151846 -0.00444554 0.988394 2.48472
0.988339 0.00544703 -0.152171 -1.52676 -0.00472645 0.999976 0.00509666 -0.0224382 0.152195 -0.004318 0.988341 2.54143
0.988372 0.00655753 -0.151915 -1.53634 -0.00576061 0.999967 0.00568534 -0.0230856 0.151948 -0.00474411 0.988377 2.59813
0.988271 0.00600004 -0.152595 -1.54363 -0.00538111 0.999976 0.00446868 -0.0220926 0.152618 -0.00359513 0.988279 2.65803
0.988196 0.00592511 -0.153083 -1.55287 -0.0052694 0.999975 0.00468879 -0.0220631 0.153107 -0.00382679 0.988202 2.71696
0.988207 0.00548756 -0.153028 -1.56157 -0.00483655 0.999978 0.0046261 -0.0207172 0.15305 -0.00383142 0.988211 2.7746
0.988201 0.00604131 -0.153044 -1.56856 -0.00554234 0.999978 0.00368671 -0.0195675 0.153063 -0.00279499 0.988213 2.83464
0.98819 0.00571027 -0.153127 -1.57778 -0.00513671 0.999978 0.00414097 -0.0198804 0.153147 -0.0033055 0.988198 2.89315
0.988257 0.0058741 -0.152688 -1.58721 -0.00526134 0.999976 0.00441686 -0.0204935 0.15271 -0.00356165 0.988265 2.95236
0.988234 0.006239 -0.152824 -1.59658 -0.00568417 0.999976 0.00406717 -0.0205815 0.152845 -0.00315064 0.988245 3.01013
0.988261 0.00608072 -0.152652 -1.60443 -0.00508903 0.999963 0.00688625 -0.0232568 0.152688 -0.00602857 0.988256 3.06448
0.98805 0.00664563 -0.153987 -1.61146 -0.00601183 0.999971 0.00458122 -0.0206001 0.154014 -0.00360073 0.988062 3.12768
0.988414 0.00781489 -0.15158 -1.61622 -0.00701917 0.999959 0.00578387 -0.0244117 0.151619 -0.00465289 0.988428 3.18716
0.993863 0.00523303 -0.110493 -1.63127 -0.0049344 0.999983 0.00297601 -0.0172376 0.110507 -0.00241253 0.993872 3.24726
0.999092 0.00630816 -0.0421327 -1.62366 -0.00611167 0.99997 0.00479064 -0.0222716 0.0421616 -0.00452879 0.999101 3.31202
0.999175 0.00613618 0.0401546 -1.61656 -0.00630324 0.999972 0.00403521 -0.0219761 -0.0401287 -0.00428499 0.999185 3.36238
0.991742 0.00549367 0.128132 -1.60827 -0.00594074 0.999978 0.00310717 -0.0217714 -0.128112 -0.00384271 0.991752 3.39852
0.98284 0.00628488 0.184354 -1.60511 -0.00719381 0.999965 0.00426194 -0.0248616 -0.18432 -0.00551501 0.982851 3.42004
0.977112 0.00642516 0.212627 -1.60339 -0.00744851 0.999964 0.00401218 -0.024117 -0.212594 -0.00550411 0.977125 3.43803
0.973334 0.00647832 0.229303 -1.60234 -0.00758794 0.999963 0.00395768 -0.0245261 -0.229269 -0.00559208 0.973347 3.44936
