1 0 0 0 0 1 0 0 0 0 1 0
1 4.00851e-06 -2.10155e-05 1.75865e-05 -4.00968e-06 1 -5.57011e-05 2.63831e-05 2.10153e-05 5.57012e-05 1 -2.13756e-05
1 5.08965e-05 1.13643e-05 -6.75307e-05 -5.08961e-05 1 -3.37592e-05 -2.29783e-05 -1.1366e-05 3.37586e-05 1 1.24616e-06
1 1.58898e-05 4.22526e-06 2.17306e-05 -1.58896e-05 1 -4.00805e-05 2.54049e-05 -4.2259e-06 4.00805e-05 1 -1.43314e-05
1 4.82784e-05 -2.73783e-06 -5.37991e-05 -4.82785e-05 1 -4.42981e-05 -1.41689e-06 2.73569e-06 4.42982e-05 1 2.41048e-05
1 6.80141e-05 -7.57709e-06 -3.89367e-05 -6.80144e-05 1 -2.88522e-05 2.60695e-05 7.57513e-06 2.88527e-05 1 -4.38414e-06
1 -4.37375e-05 -3.8281e-05 2.66547e-05 4.37343e-05 1 -8.36182e-05 5.29151e-05 3.82847e-05 8.36165e-05 1 -1.97994e-05
1 2.7002e-05 -1.78981e-05 1.38208e-05 -2.7003e-05 1 -5.73664e-05 4.4471e-05 1.78965e-05 5.73669e-05 1 -6.20095e-06
1 5.17663e-05 -2.91335e-06 -3.74705e-06 -5.17665e-05 1 -5.54535e-05 4.23241e-05 2.91048e-06 5.54536e-05 1 2.40073e-05
1 2.68302e-05 -7.70582e-07 -3.64916e-05 -2.68302e-05 1 -4.35537e-05 2.41734e-05 7.69413e-07 4.35537e-05 1 1.59483e-05
1 -1.19229e-05 -2.30019e-05 1.54468e-05 1.19211e-05 1 -7.85979e-05 3.60437e-05 2.30028e-05 7.85976e-05 1 1.16595e-05
1 -3.1767e-06 1.41805e-05 -0.000136149 3.17707e-06 1 -2.6135e-05 0.000108741 -1.41804e-05 2.61351e-05 1 0.000690621
1 -0.000245889 0.000129412 0.000255873 0.000245898 1 -6.65483e-05 0.00012242 -0.000129396 6.65801e-05 1 0.0139907
1 0.000205175 0.000168537 -0.000113349 -0.000205193 1 0.000106957 0.000282966 -0.000168515 -0.000106992 1 0.0412031
1 0.00010304 0.000251599 -0.000183567 -0.000103021 1 -7.42117e-05 0.000504225 -0.000251606 7.41858e-05 1 0.0766809
1 -9.59569e-05 -5.18089e-05 -0.000349227 9.59612e-05 1 8.30628e-05 0.00019012 5.1801e-05 -8.30678e-05 1 0.11688
1 0.000292427 -0.0001062 -0.000564334 -0.000292437 1 -9.31191e-05 0.000721712 0.000106173 9.31501e-05 1 0.151512
1 -7.64578e-05 -0.000207367 -0.000404999 7.64409e-05 1 -8.1385e-05 0.000760899 0.000207373 8.13691e-05 1 0.189174
1 0.000225915 -7.22856e-06 -0.000478863 -0.000225917 1 -0.000246633 0.000624366 7.17284e-06 0.000246634 1 0.233238
1 0.000326164 -0.000442664 -0.00106878 -0.00032631 1 -0.000329465 0.000525957 0.000442556 0.000329609 1 0.281496
1 -0.000102606 4.09029e-05 -0.000749083 0.000102625 1 -0.000473385 0.000879015 -4.08543e-05 0.00047339 1 0.334035
1 0.000130598 -0.000371712 -0.00146013 -0.000130793 1 -0.000523896 0.0009157 0.000371643 0.000523945 1 0.387722
1 0.000400578 -0.00024023 -0.00142113 -0.000400758 1 -0.000749196 0.00128512 0.00023993 0.000749292 1 0.443392
1 0.000137593 -0.000152459 -0.0010078 -0.000137729 1 -0.000891908 0.00113826 0.000152337 0.000891929 1 0.501052
1 0.000195034 -5.4941e-05 -0.000298003 -0.000195087 1 -0.000966357 0.000700956 5.47525e-05 0.000966368 1 0.558543
1 9.6734e-05 -9.42453e-05 -0.00197819 -9.68516e-05 0.999999 -0.00124956 0.000796896 9.41243e-05 0.00124957 0.999999 0.615196
1 0.00027296 -9.25766e-05 -0.00180138 -0.000273069 0.999999 -0.00118634 0.00125607 9.22527e-05 0.00118636 0.999999 0.673898
1 0.000445161 -0.000312801 -0.0024801 -0.000445533 0.999999 -0.00119149 0.000593294 0.00031227 0.00119163 0.999999 0.733846
1 -0.000169642 0.000112535 -0.00249964 0.000169792 0.999999 -0.00133251 0.0014964 -0.000112309 0.00133252 0.999999 0.793313
1 0.000260429 -7.54825e-05 -0.00264273 -0.000260521 0.999999 -0.00121791 0.00165259 7.51652e-05 0.00121793 0.999999 0.853791
1 -0.000432707 -0.00079346 -0.00569833 0.000431407 0.999999 -0.00163788 0.00087848 0.000794167 0.00163753 0.999998 0.910938
1 -0.000386459 -0.00085938 -0.00539161 0.00038491 0.999998 -0.0018023 0.00081803 0.000860075 0.00180197 0.999998 0.971547
1 -2.5396e-06 -0.000822657 -0.00571443 1.00904e-06 0.999998 -0.0018605 0.000514257 0.000822661 0.0018605 0.999998 1.03039
1 -0.000355196 -0.000823506 -0.00545005 0.000353595 0.999998 -0.00194392 0.000356917 0.000824195 0.00194363 0.999998 1.09039
1 -0.000232821 -0.00071749 -0.00494801 0.00023168 0.999999 -0.00159006 0.00169684 0.000717859 0.00158989 0.999998 1.14986
1 -0.000241549 -0.00074118 -0.00682915 0.000240266 0.999998 -0.00173124 0.00092318 0.000741597 0.00173106 0.999998 1.21143
1 -0.000119285 -0.000847358 -0.00721073 0.000117637 0.999998 -0.00194475 0.000899531 0.000847588 0.00194465 0.999998 1.27073
1 -0.000189054 -0.000740242 -0.00701465 0.000187421 0.999998 -0.00220587 0.000642813 0.000740658 0.00220573 0.999997 1.33007
0.999999 0.000313113 -0.00111519 -0.00695575 -0.000315517 0.999998 -0.00215578 0.000308061 0.00111452 0.00215613 0.999997 1.39004
1 4.76398e-05 -0.000469951 -0.00766332 -4.86518e-05 0.999998 -0.00215363 0.000837838 0.000469847 0.00215365 0.999998 1.44877
1 -0.000643865 -0.000183502 -0.00759119 0.000643508 0.999998 -0.00193882 0.00111953 0.00018475 0.00193871 0.999998 1.50846
1 -0.000175068 -0.000116661 -0.00749972 0.000174823 0.999998 -0.00209206 0.00137287 0.000117027 0.00209204 0.999998 1.56895
1 -0.000212203 -0.000341267 -0.00800131 0.000211497 0.999998 -0.00206626 0.000902345 0.000341705 0.00206619 0.999998 1.62722
1 0.000696496 -0.000465422 -0.00812545 -0.000697704 0.999996 -0.00259965 0.000774651 0.00046361 0.00259998 0.999997 1.69083
1 0.000740093 -0.000616769 -0.00833622 -0.000741678 0.999996 -0.00257334 0.00103681 0.000614862 0.0025738 0.999996 1.75139
1 0.000652783 -0.000724095 -0.00855927 -0.000654838 0.999996 -0.00284202 0.00095027 0.000722237 0.0028425 0.999996 1.81095
1 0.000134832 -0.000842893 -0.00971677 -0.00013725 0.999996 -0.0028688 0.00143092 0.000842503 0.00286891 0.999996 1.87082
1 0.00015289 -0.000503701 -0.00954402 -0.000154461 0.999995 -0.00312152 0.0014819 0.000503222 0.00312159 0.999995 1.93173
1 -0.000155683 -0.000592565 -0.0101464 0.000153634 0.999994 -0.00345638 0.00131564 0.0005931 0.00345628 0.999994 1.99055
1 5.64938e-05 -0.000825693 -0.0108068 -5.88453e-05 0.999996 -0.00284819 0.00103696 0.000825529 0.00284824 0.999996 2.04968
0.999999 0.000331942 -0.000971724 -0.0109931 -0.000334636 0.999996 -0.00277386 0.00121731 0.0009708 0.00277418 0.999996 2.10998
1 0.000230828 -0.000872599 -0.0104496 -0.00023329 0.999996 -0.0028214 0.00103819 0.000871944 0.0028216 0.999996 2.16868
0.999999 0.000595065 -0.000945244 -0.0110296 -0.000598183 0.999994 -0.00330208 0.00092819 0.000943274 0.00330264 0.999994 2.23042
0.999999 0.000492087 -0.00106283 -0.0111765 -0.000495374 0.999995 -0.00309481 0.00132485 0.0010613 0.00309533 0.999995 2.29055
1 0.000203229 -0.000789048 -0.0120504 -0.000206432 0.999992 -0.00406137 0.000981358 0.000788216 0.00406153 0.999991 2.35043
1 0.000428646 -0.000438853 -0.0123247 -0.00043054 0.999991 -0.0043244 0.000533627 0.000436995 0.00432459 0.999991 2.40967
0.999999 0.000899512 -0.000883396 -0.0122446 -0.000903577 0.999989 -0.00461244 0.000511263 0.000879238 0.00461323 0.999989 2.4703
1 0.000705209 -0.000621689 -0.012732 -0.000707543 0.999993 -0.00376197 0.000870852 0.000619031 0.00376241 0.999993 2.52839
1 0.000568565 -0.000332563 -0.0128565 -0.000569976 0.999991 -0.00425555 0.00199275 0.000330141 0.00425573 0.999991 2.58855
0.999999 0.000903037 -0.000783227 -0.0140042 -0.000906415 0.99999 -0.00432385 0.000698192 0.000779315 0.00432455 0.99999 2.64915
1 0.000403412 -0.000813117 -0.0145788 -0.000406842 0.999991 -0.00422332 0.000502718 0.000811406 0.00422365 0.999991 2.71044
0.999999 0.000946407 -0.000628035 -0.0134506 -0.000948724 0.999993 -0.00369883 0.00124522 0.000624529 0.00369942 0.999993 2.7672
0.999999 0.00100166 -0.000666028 -0.0131066 -0.00100426 0.999992 -0.0039166 0.00113302 0.000662099 0.00391726 0.999992 2.82737
0.999999 0.00109821 -0.000534165 -0.0132329 -0.00110018 0.999992 -0.00371366 0.00040427 0.000530082 0.00371425 0.999993 2.88723
0.999999 0.00136064 -0.000258704 -0.0134884 -0.00136171 0.99999 -0.00418122 0.000245092 0.000253012 0.00418157 0.999991 2.94768
0.999999 0.00116632 -2.23144e-05 -0.0134395 -0.00116641 0.999991 -0.0040946 0.00113139 1.75386e-05 0.00409462 0.999992 3.00587
0.999999 0.00117436 -0.000771616 -0.0143204 -0.00117736 0.999992 -0.00390664 -0.00104254 0.000767022 0.00390754 0.999992 3.06618
0.999999 0.00116381 -0.000872416 -0.0145073 -0.00116745 0.999991 -0.00417721 -0.000734568 0.000867547 0.00417823 0.999991 3.12634
0.999999 0.00115264 -0.000835186 -0.0142458 -0.00115594 0.999991 -0.0039639 -0.000747204 0.00083061 0.00396486 0.999992 3.18636
0.999999 0.0012749 -0.00100967 -0.0145078 -0.00127915 0.99999 -0.00421956 -0.00100487 0.00100428 0.00422085 0.999991 3.24524
0.999999 0.00114585 -0.00079356 -0.014814 -0.00114919 0.99999 -0.0042218 -0.000678875 0.000788715 0.00422271 0.999991 3.30576
0.999998 0.00177602 -0.000937737 -0.013948 -0.00178013 0.999989 -0.00439938 -0.000130872 0.000929913 0.00440104 0.99999 3.3647
0.999999 0.0016647 -0.000458541 -0.013784 -0.00166665 0.999989 -0.00428195 -8.14515e-05 0.000451408 0.00428271 0.999991 3.4241
0.999998 0.00204157 -0.000593685 -0.013868 -0.00204427 0.999987 -0.00459181 0.000168313 0.000584303 0.00459301 0.999989 3.48427
0.999998 0.00196465 -0.000813597 -0.0145096 -0.00196851 0.999987 -0.00477104 -0.000277233 0.000804213 0.00477263 0.999988 3.53113
0.999998 0.00173263 -0.000882964 -0.0142817 -0.00173682 0.999987 -0.00477124 -0.000441944 0.000874686 0.00477276 0.999988 3.56367
0.999997 0.00117208 -0.0022244 -0.0147012 -0.00118219 0.999989 -0.00454797 -0.00205631 0.00221905 0.00455058 0.999987 3.58838
0.999741 0.00165957 -0.0226932 -0.0184384 -0.00176224 0.999988 -0.00450517 -0.00162369 0.0226855 0.004544 0.999732 3.60683
0.998429 0.0017663 -0.0560089 -0.0231706 -0.00203685 0.999987 -0.00477378 -0.0021369 0.0559998 0.00488036 0.998419 3.61447
0.995144 0.00158524 -0.0984158 -0.0299313 -0.00201943 0.999989 -0.00431232 -0.00180484 0.0984078 0.00449012 0.995136 3.62034
0.989646 0.00156905 -0.143519 -0.0367266 -0.00215642 0.99999 -0.00393723 -0.00124953 0.143511 0.00420595 0.98964 3.62275
0.981695 0.00184656 -0.190451 -0.0420926 -0.00266612 0.999988 -0.00404714 -0.00196183 0.190442 0.00448083 0.981688 3.62341
0.971213 0.00191961 -0.238206 -0.048766 -0.00291663 0.999988 -0.00383318 -0.00174512 0.238196 0.00441759 0.971207 3.62241
0.958293 0.00230949 -0.285778 -0.0551426 -0.00350932 0.999987 -0.00368641 -0.00171488 0.285766 0.00453555 0.958289 3.61984
0.942931 0.00240157 -0.332978 -0.0613504 -0.00370504 0.999988 -0.00327966 -0.00166642 0.332966 0.00432619 0.942929 3.6164
0.925132 0.00275437 -0.379636 -0.0677027 -0.00425163 0.999986 -0.00310558 -0.00188927 0.379622 0.00448714 0.925131 3.61218
0.904757 0.00179386 -0.425924 -0.0730871 -0.00345249 0.999989 -0.00312221 -0.00220426 0.425914 0.00429534 0.904754 3.60752
0.882602 0.00209971 -0.470117 -0.0781075 -0.00398744 0.999987 -0.00301976 -0.00192095 0.470105 0.00453981 0.882599 3.60206
0.857951 0.00190211 -0.513727 -0.0835208 -0.00392716 0.999988 -0.00285604 -0.00201275 0.513716 0.00446784 0.857949 3.59611
0.831172 0.00190758 -0.556011 -0.0881891 -0.00388623 0.99999 -0.00237868 -0.00191614 0.556001 0.00413789 0.831171 3.58996
0.802234 0.00187014 -0.597006 -0.0926357 -0.00411123 0.999989 -0.00239202 -0.00209494 0.596995 0.00437339 0.802233 3.58322
0.771117 0.00199117 -0.63669 -0.0967087 -0.00417107 0.999989 -0.00192438 -0.00187827 0.636679 0.0041396 0.771117 3.57689
0.738738 0.0018592 -0.67399 -0.100372 -0.00412399 0.99999 -0.0017617 -0.00167477 0.67398 0.00408097 0.738738 3.56982
0.704101 0.00217403 -0.710097 -0.103788 -0.00432442 0.99999 -0.00122634 -0.00162886 0.710087 0.00393422 0.704103 3.5625
0.667655 0.00189218 -0.744468 -0.106396 -0.00408829 0.999991 -0.00112484 -0.00151497 0.744459 0.00379461 0.667657 3.55458
0.629262 0.00241939 -0.777189 -0.109479 -0.00464633 0.999989 -0.000648998 -0.00158371 0.777179 0.00401947 0.629266 3.54734
0.589967 0.00234267 -0.807424 -0.111258 -0.00483776 0.999988 -0.00063347 -0.00172629 0.807413 0.00427985 0.589972 3.53941
0.548624 0.00239599 -0.836066 -0.113036 -0.0048584 0.999988 -0.000322312 -0.00169729 0.836055 0.00423877 0.548629 3.53151
0.50649 0.00231877 -0.862243 -0.114324 -0.00475821 0.999989 -0.000105817 -0.0017495 0.862233 0.00415632 0.506495 3.5236
0.462737 0.00213974 -0.886493 -0.11519 -0.00475551 0.999989 -6.86278e-05 -0.0016474 0.886483 0.00424749 0.462742 3.51549
0.417197 0.00234903 -0.908813 -0.11558 -0.00509887 0.999987 0.00024401 -0.00163841 0.908802 0.00453212 0.417204 3.50739
0.371956 0.00251393 -0.928247 -0.116102 -0.00541047 0.999985 0.000540195 -0.00129812 0.928235 0.00482132 0.371964 3.49995
0.324814 0.00250275 -0.945775 -0.115695 -0.00534919 0.999985 0.000809093 -0.00126121 0.945763 0.00479633 0.324823 3.49175
0.277562 0.00247403 -0.960704 -0.115086 -0.0055307 0.999984 0.000977275 -0.00128412 0.960692 0.00504211 0.277571 3.48379
0.230348 0.0022594 -0.973106 -0.114279 -0.00479214 0.999988 0.00118745 -0.00136154 0.973097 0.00438974 0.230356 3.47587
0.201138 0.00251155 -0.97956 -0.113258 -0.00500616 0.999986 0.00153598 -0.00123559 0.97955 0.00459489 0.201148 3.47104
0.185713 0.00253638 -0.982601 -0.112472 -0.00494574 0.999986 0.00164651 -0.00127735 0.982592 0.00455391 0.185723 3.46911
0.177837 0.00258535 -0.984057 -0.112496 -0.00500859 0.999986 0.00172206 -0.00122866 0.984047 0.00462249 0.177848 3.46817
0.173623 0.00255241 -0.984809 -0.112896 -0.00471942 0.999987 0.00175971 -0.00119607 0.984801 0.00434221 0.173632 3.46777
0.171374 0.00249866 -0.985203 -0.12607 -0.00488351 0.999987 0.00168668 -0.00116885 0.985194 0.00452219 0.171384 3.46964
0.170287 0.00250235 -0.985391 -0.152074 -0.005158 0.999985 0.00164804 -0.00102674 0.985381 0.004802 0.170297 3.47387
0.169803 0.00223705 -0.985475 -0.187059 -0.00465584 0.999988 0.00146777 -0.00104012 0.985467 0.00433899 0.169812 3.48009
0.169342 0.00244277 -0.985554 -0.228403 -0.00530907 0.999985 0.00156631 -0.000699292 0.985543 0.00496714 0.169352 3.48702
0.169074 0.0022223 -0.985601 -0.263225 -0.00521494 0.999985 0.00136014 -0.000483421 0.98559 0.00490989 0.169083 3.49285
0.169344 0.00230484 -0.985554 -0.300246 -0.00498154 0.999986 0.00148263 -0.000348388 0.985544 0.0046585 0.169353 3.49919
0.167729 0.00206842 -0.985831 -0.344844 -0.00471146 0.999988 0.00129652 -1.80442e-05 0.985822 0.00442724 0.167737 3.50709
0.148687 0.00219233 -0.988882 -0.392043 -0.00490708 0.999987 0.00147913 -0.00040373 0.988872 0.00463259 0.148696 3.51132
0.114425 0.00221062 -0.993429 -0.441006 -0.00478522 0.999987 0.00167404 3.67792e-05 0.99342 0.00456223 0.114434 3.51393
0.0722926 0.00193895 -0.997382 -0.479721 -0.00437621 0.999989 0.00162682 -8.33371e-06 0.997374 0.00424714 0.0723003 3.51355
0.0283832 0.00212654 -0.999595 -0.520493 -0.00471039 0.999987 0.00199362 -0.00025992 0.999586 0.0046519 0.0283928 3.5126
0.0010922 0.00212631 -0.999997 -0.565502 -0.00461957 0.999987 0.00212124 -0.00023713 0.999989 0.00461724 0.001102 3.51322
-0.0140632 0.00218085 -0.999899 -0.613402 -0.00429348 0.999988 0.00224143 -0.000356869 0.999892 0.00432457 -0.0140537 3.51407
-0.0214747 0.00218161 -0.999767 -0.665832 -0.00429392 0.999988 0.00227432 -4.80302e-05 0.99976 0.00434176 -0.0214651 3.51512
-0.0265606 0.00206726 -0.999645 -0.707296 -0.00406651 0.999989 0.00217602 0.000161961 0.999639 0.00412286 -0.0265519 3.51571
-0.0480658 0.00217954 -0.998842 -0.735555 -0.00436153 0.999988 0.00239193 0.000376878 0.998835 0.00447145 -0.0480557 3.51418
-0.0832907 0.00184904 -0.996524 -0.755205 -0.00379389 0.99999 0.00217257 -0.000144329 0.996518 0.00396165 -0.0832829 3.50885
-0.125435 0.00216838 -0.992099 -0.766932 -0.00380516 0.999989 0.00266673 0.000195814 0.992095 0.0041096 -0.125425 3.50295
-0.171342 0.0018899 -0.98521 -0.775608 -0.00409676 0.999988 0.00263074 0.000214811 0.985203 0.00448692 -0.171332 3.49703
-0.217785 0.00216728 -0.975994 -0.778234 -0.00358889 0.999989 0.0030214 0.00040846 0.97599 0.00416075 -0.217775 3.49028
-0.265818 0.00206038 -0.964021 -0.779492 -0.00356242 0.999989 0.00311955 0.000274329 0.964017 0.00426348 -0.265808 3.48417
-0.312367 0.00210266 -0.949959 -0.778623 -0.00284277 0.999991 0.00314817 0.000233477 0.949957 0.0036839 -0.312359 3.47849
-0.359497 0.00191774 -0.933144 -0.77667 -0.00262875 0.999992 0.00306786 0.00055905 0.933142 0.00355589 -0.359489 3.47248
-0.405378 0.00193993 -0.914147 -0.773227 -0.00289341 0.99999 0.00340518 0.000813214 0.914145 0.00402539 -0.405368 3.46691
-0.450784 0.00194896 -0.892631 -0.768797 -0.00215043 0.999992 0.00326935 0.00064632 0.89263 0.00339331 -0.450777 3.46152
-0.494729 0.00187424 -0.869045 -0.76366 -0.00235048 0.999991 0.00349472 0.000707713 0.869044 0.00377162 -0.49472 3.45621
-0.537319 0.00191094 -0.843377 -0.757995 -0.00199765 0.999992 0.00353852 0.000619344 0.843377 0.00358609 -0.537311 3.45205
-0.579286 0.00222944 -0.815121 -0.751937 -0.00126871 0.999993 0.00363673 0.000267542 0.815123 0.00314086 -0.579279 3.44705
-0.61885 0.00227041 -0.785506 -0.745513 -0.000904474 0.999993 0.00360293 0.000299234 0.785509 0.00294014 -0.618844 3.44296
-0.657307 0.00218537 -0.75362 -0.738801 -0.001091 0.999992 0.00385137 0.000268569 0.753623 0.00335374 -0.657299 3.43905
-0.694317 0.00228091 -0.719665 -0.731491 -0.000568856 0.999993 0.0037182 0.000177388 0.719669 0.002991 -0.694311 3.43593
-0.729381 0.00206537 -0.684105 -0.724482 -0.000955923 0.999991 0.00403825 0.000260423 0.684107 0.00359938 -0.729372 3.43237
-0.762633 0.00207515 -0.646829 -0.717162 -0.000817372 0.999991 0.00417187 0.000339447 0.646831 0.0037103 -0.762624 3.42934
-0.794224 0.00190156 -0.607622 -0.709386 -0.000698257 0.999992 0.00404218 0.000306598 0.607624 0.00363467 -0.794216 3.42705
-0.823632 0.00220295 -0.56712 -0.701426 -0.000170098 0.999991 0.00413145 0.000434935 0.567125 0.00349926 -0.823625 3.42536
-0.850734 0.00194472 -0.525592 -0.693378 -0.000378663 0.999991 0.00431292 0.000500779 0.525596 0.00386817 -0.850726 3.42385
-0.875806 0.00215914 -0.482658 -0.685537 0.000150028 0.999991 0.00420117 0.000192233 0.482662 0.003607 -0.875799 3.42267
-0.898862 0.00220758 -0.438226 -0.677374 0.000652644 0.999993 0.00369883 0.000131244 0.438231 0.00303873 -0.898857 3.42208
-0.919667 0.00229294 -0.392693 -0.669564 0.000933943 0.999993 0.00365173 0.000113821 0.392698 0.00299162 -0.919662 3.42171
-0.938486 0.00270627 -0.345308 -0.661136 0.00155285 0.999992 0.00361685 9.16222e-05 0.345315 0.00285815 -0.938483 3.42181
-0.954319 0.00230108 -0.29878 -0.653332 0.00129359 0.999993 0.00356974 0.000225168 0.298786 0.00302017 -0.954315 3.42229
-0.968166 0.00207948 -0.2503 -0.644945 0.00129482 0.999994 0.00329953 0.000114511 0.250305 0.0028704 -0.968163 3.42357
-0.979487 0.00212821 -0.201498 -0.636965 0.00148123 0.999993 0.00336158 -0.00021348 0.201503 0.00299416 -0.979483 3.42459
-0.988218 0.00236804 -0.153032 -0.629115 0.0019334 0.999994 0.0029889 -4.30914e-05 0.153038 0.00265781 -0.988217 3.42638
-0.994667 0.00166627 -0.10313 -0.621146 0.00134442 0.999994 0.00319021 -0.000174733 0.103134 0.00303455 -0.994663 3.42854
-0.99852 0.00219715 -0.0543458 -0.61363 0.00203258 0.999993 0.0030832 -6.17509e-05 0.0543522 0.00296818 -0.998517 3.42985
-0.999704 0.0015289 -0.0243011 -0.609743 0.00144958 0.999994 0.00328098 0.000105863 0.024306 0.00324478 -0.999699 3.41783
-0.99996 0.00204887 -0.00868595 -0.608607 0.0020235 0.999994 0.00292896 -4.53282e-05 0.0086919 0.00291127 -0.999958 3.39259
-0.999996 0.00266057 -0.000979614 -0.6084 0.00265766 0.999992 0.00295756 0.000224973 0.000987476 0.00295495 -0.999995 3.35701
-0.999992 0.00194316 0.00360483 -0.608454 0.00195487 0.999993 0.00324862 0.000366195 -0.00359849 0.00325564 -0.999988 3.31458
-0.999981 0.00134511 0.00595141 -0.608596 0.00136564 0.999993 0.00344795 0.000810907 -0.00594673 0.00345601 -0.999976 3.26652
-0.999975 0.00224943 0.00670419 -0.608643 0.00227048 0.999993 0.00313361 0.000905139 -0.00669709 0.00314875 -0.999973 3.2155
-0.99997 0.00219459 0.00741934 -0.608381 0.00221556 0.999994 0.0028195 0.00142179 -0.00741311 0.00283586 -0.999969 3.1612
-0.999969 0.00243478 0.00754244 -0.607993 0.00245554 0.999993 0.00274416 0.00199149 -0.00753571 0.00276259 -0.999968 3.10583
-0.999967 0.00260197 0.00765361 -0.607516 0.00262555 0.999992 0.0030733 0.00219163 -0.00764555 0.0030933 -0.999966 3.04934
-0.999966 0.00252194 0.00787337 -0.606997 0.00254346 0.999993 0.00272523 0.00177658 -0.00786644 0.00274516 -0.999965 2.99201
-0.999965 0.00231604 0.00800691 -0.606766 0.00233943 0.999993 0.00291367 0.00267506 -0.0080001 0.0029323 -0.999964 2.93162
-0.999966 0.00208865 0.00792959 -0.607414 0.00211204 0.999993 0.00294246 0.00326628 -0.0079234 0.00295911 -0.999964 2.86764
-0.999968 0.00129997 0.00791961 -0.606798 0.00132366 0.999995 0.00298637 0.00305864 -0.00791568 0.00299676 -0.999964 2.8084
-0.999968 0.00171713 0.0078282 -0.606656 0.00174018 0.999994 0.00293966 0.00353931 -0.0078231 0.00295319 -0.999965 2.7499
-0.999968 0.00115607 0.00793345 -0.606178 0.00117614 0.999996 0.00252547 0.00255172 -0.0079305 0.00253472 -0.999965 2.68913
-0.999968 0.00163368 0.00785915 -0.606221 0.00165806 0.999994 0.0030959 0.00348719 -0.00785405 0.00310883 -0.999964 2.63013
-0.999967 0.00188262 0.00795198 -0.606154 0.00190209 0.999995 0.00244174 0.00328528 -0.00794734 0.00245678 -0.999965 2.56468
-0.999969 0.00151151 0.00778481 -0.605451 0.0015314 0.999996 0.00255048 0.00408139 -0.00778092 0.00256232 -0.999966 2.50501
-0.999969 0.00168771 0.00769366 -0.604396 0.00170533 0.999996 0.00228419 0.00421903 -0.00768977 0.00229724 -0.999968 2.44559
-0.999967 0.0017338 0.00799321 -0.603974 0.00175311 0.999996 0.00240908 0.00416367 -0.007989 0.00242302 -0.999965 2.38377
-0.999968 0.00116739 0.00786114 -0.603372 0.00118474 0.999997 0.00220317 0.00450899 -0.00785854 0.00221242 -0.999967 2.32371
-0.999968 0.000698946 0.00797309 -0.602371 0.000713471 0.999998 0.00181895 0.00460892 -0.0079718 0.00182458 -0.999967 2.26359
-0.999969 0.00122802 0.00782984 -0.602279 0.00124336 0.999997 0.00195467 0.00484532 -0.00782741 0.00196434 -0.999967 2.20263
-0.99997 0.00111509 0.00770627 -0.601771 0.00112739 0.999998 0.00159109 0.00521046 -0.00770448 0.00159973 -0.999969 2.14301
-0.999969 0.000750958 0.00785579 -0.601607 0.000759345 0.999999 0.00106462 0.00502803 -0.00785498 0.00107056 -0.999969 2.08478
-0.999967 0.000900443 0.00808814 -0.600417 0.000914044 0.999998 0.001678 0.00571573 -0.00808661 0.00168534 -0.999966 2.02317
-0.999966 0.000823391 0.00820048 -0.599863 0.000833528 0.999999 0.0012328 0.00580988 -0.00819946 0.0012396 -0.999966 1.96349
-0.999969 0.000832984 0.00785965 -0.599364 0.000846125 0.999998 0.00166879 0.00625987 -0.00785824 0.00167538 -0.999968 1.90294
-0.999971 0.000685102 0.00757908 -0.599668 0.00069999 0.999998 0.00196191 0.00678104 -0.00757772 0.00196716 -0.999969 1.8446
-0.999967 0.000475783 0.00807166 -0.598867 0.000488118 0.999999 0.00152629 0.00678847 -0.00807092 0.00153018 -0.999966 1.78543
-0.99997 0.000516558 0.00766824 -0.598058 0.000527314 0.999999 0.0014007 0.00709699 -0.0076675 0.0014047 -0.99997 1.72511
-0.999976 0.000453973 0.00685107 -0.597837 0.00046659 0.999998 0.00184006 0.00770558 -0.00685022 0.00184321 -0.999975 1.66383
-0.999976 0.000199681 0.00691043 -0.597075 0.000211026 0.999999 0.00164107 0.00770859 -0.0069101 0.00164249 -0.999975 1.60418
-0.999977 0.000591991 0.00668362 -0.596949 0.00060227 0.999999 0.00153605 0.00774568 -0.0066827 0.00154004 -0.999976 1.54245
-0.999971 0.00111478 0.00746817 -0.595465 0.00112036 0.999999 0.000743509 0.00803393 -0.00746734 0.000751854 -0.999972 1.48339
-0.99997 0.000880157 0.00766759 -0.594492 0.000883975 0.999999 0.00049458 0.00838902 -0.00766715 0.000501343 -0.99997 1.42297
-0.999975 0.000996339 0.00704466 -0.594298 0.000999973 0.999999 0.000512336 0.0078022 -0.00704414 0.000519368 -0.999975 1.36316
-0.999973 0.000627788 0.0073115 -0.593248 0.00063123 1 0.000468522 0.00880026 -0.0073112 0.000473125 -0.999973 1.30349
-0.999975 0.000438693 0.00710333 -0.592224 0.000438424 1 -3.93959e-05 0.00879706 -0.00710334 -3.62806e-05 -0.999975 1.24337
-0.999973 0.00119244 0.00730371 -0.592177 0.00119455 0.999999 0.00028447 0.00928069 -0.00730337 0.000293187 -0.999973 1.18298
-0.999974 0.000890268 0.00716344 -0.592055 0.000894901 0.999999 0.000643609 0.00960728 -0.00716286 0.000650003 -0.999974 1.1215
-0.999975 0.000607476 0.00711451 -0.591132 0.000610209 1 0.000382046 0.0103854 -0.00711428 0.000386377 -0.999975 1.06113
-0.999976 0.00163906 0.0067049 -0.591001 0.00163988 0.999999 0.000116996 0.010285 -0.0067047 0.000127988 -0.999978 1.00168
-0.999976 0.000747332 0.00692636 -0.590619 0.000747896 1 7.88923e-05 0.0107514 -0.0069263 8.40706e-05 -0.999976 0.938445
-0.99997 0.00116209 0.00759538 -0.589331 0.00116053 0.999999 -0.000209187 0.010269 -0.00759561 -0.000200367 -0.999971 0.881318
-0.999971 0.00112086 0.00750198 -0.588963 0.00111785 0.999999 -0.000404525 0.0105451 -0.00750242 -0.000396128 -0.999972 0.821891
-0.999972 0.000907081 0.0074465 -0.589086 0.00090483 1 -0.000305671 0.0101954 -0.00744677 -0.000298924 -0.999972 0.760913
-0.999971 0.00133955 0.00755368 -0.588475 0.00133601 0.999999 -0.000472901 0.0109587 -0.00755431 -0.000462795 -0.999971 0.701853
-0.999972 0.00131825 0.0073106 -0.58751 0.00131405 0.999999 -0.000578822 0.011408 -0.00731136 -0.000569199 -0.999973 0.641553
-0.999968 0.00115369 0.0078928 -0.586747 0.00114969 0.999999 -0.000511536 0.0112813 -0.00789338 -0.000502445 -0.999969 0.58224
-0.999969 0.00101669 0.00782079 -0.586344 0.00101328 0.999999 -0.000439838 0.011737 -0.00782123 -0.0004319 -0.999969 0.522881
-0.999968 0.00139085 0.007884 -0.584827 0.00138515 0.999999 -0.000729538 0.0121603 -0.007885 -0.000718594 -0.999969 0.462418
-0.999969 0.00110088 0.00785466 -0.585054 0.00109314 0.999999 -0.000989499 0.0113089 -0.00785574 -0.000980882 -0.999969 0.41514
-0.999986 0.00127127 0.00517572 -0.584465 0.00126657 0.999999 -0.000911998 0.0122399 -0.00517688 -0.00090543 -0.999986 0.382392
-0.999413 0.00123462 -0.0342235 -0.590931 0.00126153 0.999999 -0.000764498 0.0121824 0.0342226 -0.000807224 -0.999414 0.357684
-0.994644 0.00151223 -0.103349 -0.601521 0.0015882 0.999999 -0.000652863 0.0121467 0.103348 -0.000813505 -0.994645 0.336655
-0.982705 0.000986012 -0.185174 -0.614791 0.00109244 0.999999 -0.00047272 0.0124067 0.185173 -0.000666836 -0.982706 0.321471
-0.961686 0.000659184 -0.274152 -0.629978 0.000777304 1 -0.000322223 0.0128917 0.274152 -0.000522977 -0.961686 0.311015
-0.929667 0.00120329 -0.3684 -0.645759 0.00139016 0.999999 -0.000241845 0.0124086 0.368399 -0.000736969 -0.929667 0.302085
-0.891054 0.0013489 -0.453895 -0.660904 0.00162796 0.999999 -0.000224066 0.0124388 0.453894 -0.000938578 -0.891055 0.298589
-0.842123 0.00110022 -0.539284 -0.676551 0.00154424 0.999999 -0.000371271 0.0123893 0.539283 -0.00114544 -0.842124 0.297933
-0.784141 -0.000105596 -0.620582 -0.692593 0.000289154 1 -0.000535518 0.0127712 0.620582 -0.000599366 -0.784141 0.299668
-0.71951 0.000263851 -0.694482 -0.707933 0.000714408 1 -0.00036023 0.0130511 0.694482 -0.000755333 -0.71951 0.30324
-0.646497 0.000232553 -0.762916 -0.722367 0.000853981 1 -0.000418844 0.0130085 0.762916 -0.000922298 -0.646497 0.309322
-0.567232 0.00079651 -0.823558 -0.736707 0.00157491 0.999999 -0.000117579 0.0128602 0.823557 -0.00136373 -0.567232 0.316556
-0.482129 0.000921792 -0.8761 -0.750238 0.0017716 0.999998 7.72186e-05 0.0130686 0.876099 -0.00151487 -0.48213 0.325247
-0.393893 0.000619932 -0.919156 -0.773553 0.00161281 0.999999 -1.6692e-05 0.0133429 0.919155 -0.001489 -0.393893 0.329471
-0.338008 0.000787085 -0.941143 -0.804258 0.00179142 0.999998 0.000192922 0.0127921 0.941141 -0.00162078 -0.338009 0.324704
-0.308899 0.000432664 -0.951095 -0.839774 0.00148543 0.999999 -2.75311e-05 0.0127557 0.951094 -0.00142129 -0.308899 0.314687
-0.293479 0.000651738 -0.955965 -0.880213 0.00165166 0.999999 0.000174703 0.013015 0.955964 -0.00152765 -0.29348 0.30178
-0.285406 0.000607151 -0.958407 -0.912668 0.00132773 0.999999 0.000238114 0.0129822 0.958406 -0.00120454 -0.285406 0.29076
-0.281498 0.000838824 -0.959562 -0.935136 0.00154624 0.999999 0.000420568 0.0131187 0.959561 -0.00136532 -0.281499 0.282575
-0.277301 0.00100387 -0.960783 -0.952022 0.00171714 0.999998 0.000549245 0.0133009 0.960782 -0.00149749 -0.277302 0.277264
-0.237806 0.000857853 -0.971312 -0.968159 0.00146977 0.999999 0.000523344 0.0132698 0.971312 -0.00130316 -0.237807 0.278214
-0.169514 0.000662839 -0.985528 -0.982803 0.00148194 0.999999 0.000417674 0.0134209 0.985527 -0.00138969 -0.169515 0.284287
-0.0867884 0.000598186 -0.996227 -0.995367 0.00105058 0.999999 0.000508928 0.0135724 0.996226 -0.00100245 -0.0867889 0.294351
0.00143899 0.00079813 -0.999999 -1.00674 0.00188065 0.999998 0.000800836 0.0132577 0.999997 -0.0018818 0.00143749 0.305678
0.0587878 0.000672113 -0.99827 -1.02735 0.0013599 0.999999 0.000753361 0.0133955 0.99827 -0.00140183 0.0587869 0.313034
0.0876123 0.000261965 -0.996155 -1.05745 0.00139818 0.999999 0.000385947 0.0133242 0.996154 -0.00142662 0.0876118 0.317726
0.102243 0.000140401 -0.994759 -1.09495 0.00110512 0.999999 0.000254726 0.0132226 0.994759 -0.00112537 0.102242 0.321222
0.110162 0.00017494 -0.993914 -1.13944 0.00119867 0.999999 0.000308868 0.0134598 0.993913 -0.0012254 0.110162 0.32552
0.11393 0.000185839 -0.993489 -1.18579 0.00135332 0.999999 0.00034225 0.0138895 0.993488 -0.0013835 0.113929 0.330182
0.116263 0.000401308 -0.993218 -1.22608 0.00111777 0.999999 0.000534891 0.0133931 0.993218 -0.00117238 0.116263 0.332671
0.117323 0.000246272 -0.993094 -1.2664 0.00120837 0.999999 0.00039074 0.01402 0.993093 -0.00124587 0.117323 0.336504
0.117537 -8.77924e-05 -0.993069 -1.313 0.0014857 0.999999 8.74383e-05 0.0135722 0.993067 -0.00148568 0.117537 0.340957
0.117904 2.68579e-05 -0.993025 -1.36241 0.00152052 0.999999 0.000207581 0.0140693 0.993024 -0.00153439 0.117904 0.345911
0.120686 -8.9895e-05 -0.992691 -1.41475 0.00129562 0.999999 6.69577e-05 0.0139713 0.99269 -0.00129423 0.120686 0.352516
0.159581 0.000660576 -0.987185 -1.45728 0.000915764 0.999999 0.000817186 0.0126827 0.987184 -0.00103444 0.15958 0.364569
0.227645 0.000399611 -0.973744 -1.48942 0.00105714 0.999999 0.000657527 0.0126346 0.973744 -0.00117907 0.227645 0.378874
0.307701 9.16842e-05 -0.951483 -1.51165 0.000749352 1 0.000338693 0.012527 0.951483 -0.000817212 0.307701 0.394742
0.394704 0.000327782 -0.918808 -1.52782 0.000703173 1 0.000658818 0.012662 0.918808 -0.000906119 0.394703 0.411803
0.476467 -0.000280103 -0.879192 -1.53714 0.00146095 0.999999 0.000473152 0.0128055 0.879191 -0.0015099 0.476467 0.428185
0.526793 -7.6495e-05 -0.849993 -1.54606 0.00116442 0.999999 0.000631666 0.012015 0.849993 -0.0013225 0.526793 0.438882
0.551992 -0.000323923 -0.833849 -1.55105 0.00158394 0.999999 0.00066007 0.012288 0.833848 -0.00168512 0.551992 0.444016
0.567082 -0.000122088 -0.823661 -1.55465 0.00155619 0.999998 0.000923194 0.0123374 0.82366 -0.0018053 0.567081 0.447125
0.606217 -8.29536e-05 -0.7953 -1.55579 0.00096129 0.999999 0.000628438 0.0119608 0.795299 -0.00114548 0.606216 0.455027
0.661809 -0.00024077 -0.749672 -1.55422 0.00132619 0.999999 0.000849588 0.0121666 0.749671 -0.00155647 0.661808 0.466535
0.724332 3.32606e-06 -0.689452 -1.5498 0.000645943 1 0.000683446 0.012291 0.689451 -0.000940388 0.724331 0.479964
0.784016 -5.23555e-05 -0.62074 -1.54348 0.000764165 0.999999 0.000880824 0.0124334 0.62074 -0.00116493 0.784016 0.492834
0.840552 6.8876e-05 -0.541731 -1.5355 0.000380807 1 0.000718002 0.0125804 0.541731 -0.000809813 0.840551 0.506157
0.888901 -0.000225157 -0.4581 -1.52566 0.000704678 0.999999 0.000875861 0.0125691 0.4581 -0.00110137 0.8889 0.518345
0.930076 -0.000326472 -0.367368 -1.51441 0.000976626 0.999998 0.00158387 0.0124191 0.367366 -0.0018319 0.930074 0.529694
0.961973 -0.000848697 -0.273143 -1.50406 0.00128194 0.999998 0.00140767 0.0123172 0.273142 -0.0017043 0.961972 0.541837
0.984025 -0.000551575 -0.178028 -1.49432 0.000850213 0.999998 0.00160119 0.0124386 0.178027 -0.00172697 0.984024 0.564583
0.992899 -0.000310766 -0.118957 -1.49244 0.000493694 0.999999 0.00150829 0.0127735 0.118957 -0.00155631 0.992898 0.594629
0.996113 -0.000254744 -0.0880859 -1.49361 0.000393383 0.999999 0.00155655 0.0129556 0.0880854 -0.00158515 0.996112 0.632349
0.997422 -0.000115195 -0.0717629 -1.49736 0.000209517 0.999999 0.00130682 0.0129639 0.0717627 -0.00131849 0.997421 0.674968
0.998009 -0.00029699 -0.0630712 -1.50159 0.00039432 0.999999 0.00153073 0.0120652 0.0630707 -0.00155256 0.998008 0.711872
0.998265 -0.000183405 -0.0588789 -1.50514 0.000274239 0.999999 0.00153463 0.0124864 0.0588786 -0.00154812 0.998264 0.748123
0.998384 -0.000377572 -0.0568292 -1.50932 0.00045932 0.999999 0.00142543 0.0124279 0.0568286 -0.00144923 0.998383 0.792334
0.998436 -0.000346186 -0.0559061 -1.51303 0.000427142 0.999999 0.00143613 0.0127345 0.0559055 -0.00145776 0.998435 0.840689
0.998466 -0.000244951 -0.0553747 -1.51695 0.000333659 0.999999 0.00159272 0.0120925 0.0553743 -0.00160875 0.998464 0.891235
0.998474 -0.00038555 -0.0552312 -1.52112 0.000433837 1 0.000862283 0.0117539 0.0552308 -0.000884929 0.998473 0.948213
0.998474 -0.000376178 -0.0552143 -1.52497 0.00042273 1 0.000831452 0.0123008 0.0552139 -0.000853525 0.998474 1.00391
0.998486 8.85897e-05 -0.0550022 -1.52831 -6.01402e-05 1 0.000518898 0.0121339 0.0550022 -0.000514804 0.998486 1.0607
0.998491 -6.04618e-05 -0.0549224 -1.53205 0.000114241 1 0.000976041 0.0116025 0.0549223 -0.000980842 0.99849 1.11735
0.998477 -0.000301947 -0.0551627 -1.53626 0.00034358 1 0.000745262 0.0128881 0.0551624 -0.00076308 0.998477 1.17618
0.998509 -0.000479985 -0.054583 -1.54027 0.000525977 1 0.000828248 0.0121246 0.0545825 -0.000855723 0.998509 1.23633
0.998505 -0.000335496 -0.0546538 -1.54398 0.000380936 1 0.000820995 0.0124619 0.0546535 -0.000840588 0.998505 1.29473
0.998495 -0.000471184 -0.0548343 -1.547 0.000511178 1 0.000715346 0.0125774 0.0548339 -0.000742299 0.998495 1.35445
0.998508 -0.000218307 -0.0545978 -1.55032 0.000262553 1 0.000803241 0.0119473 0.0545976 -0.000816378 0.998508 1.41284
0.998523 0.000361976 -0.0543269 -1.55144 -0.000323756 1 0.000712309 0.0115513 0.0543272 -0.000693669 0.998523 1.47168
0.998502 -0.000325728 -0.0547066 -1.55735 0.000354454 1 0.000515385 0.0108117 0.0547065 -0.000534004 0.998502 1.53318
0.998505 -0.000298624 -0.0546616 -1.56088 0.000325854 1 0.000489239 0.0111012 0.0546614 -0.00050632 0.998505 1.59285
0.998495 -0.000432443 -0.0548355 -1.5639 0.000453496 1 0.000371491 0.0109317 0.0548354 -0.0003958 0.998495 1.65077
0.998628 -0.000229544 -0.052366 -1.56623 0.000252826 1 0.000437974 0.0111535 0.0523659 -0.000450613 0.998628 1.69785
0.999918 -7.91236e-05 -0.0127695 -1.56262 8.85561e-05 1 0.000738107 0.0114072 0.0127694 -0.000739178 0.999918 1.73455
0.998448 -0.000144361 0.0556962 -1.55386 0.000113077 1 0.000564838 0.0117195 -0.0556963 -0.000557663 0.998448 1.76214
0.990294 -0.000363622 0.138985 -1.54138 0.000255101 1 0.000798625 0.0120083 -0.138985 -0.000755419 0.990294 1.78467
0.974042 -0.000464097 0.226367 -1.52533 0.000274367 1 0.000869612 0.0118525 -0.226367 -0.000784931 0.974042 1.81322
0.959793 -0.000431138 0.280708 -1.51141 0.000261997 1 0.000640077 0.0116338 -0.280708 -0.000540797 0.959793 1.84771
0.951495 0.000922833 0.307664 -1.49852 -0.00092729 1 -0.000131709 0.0115475 -0.307664 -0.000159973 0.951495 1.88982
0.947172 0.000987683 0.320725 -1.48558 -0.00104256 0.999999 -6.10451e-07 0.011754 -0.320725 -0.000333798 0.947172 1.9355
0.950995 0.00108718 0.309203 -1.47522 -0.00117334 0.999999 9.26975e-05 0.0119933 -0.309203 -0.000450954 0.950996 1.98332
0.960027 0.000780612 0.279908 -1.47018 -0.000864668 1 0.000176817 0.012607 -0.279908 -0.000411776 0.960027 2.02103
0.970398 0.000656629 0.241511 -1.46911 -0.000743985 1 0.000270515 0.0123988 -0.241511 -0.000442188 0.970398 2.04789
0.980214 -6.2916e-05 0.19794 -1.47039 7.18954e-06 1 0.000282251 0.0130964 -0.19794 -0.000275243 0.980214 2.06799
0.98844 -0.000103218 0.151613 -1.47394 3.06625e-05 1 0.000480893 0.0132286 -0.151613 -0.000470685 0.98844 2.08112
0.99469 5.4053e-06 0.102919 -1.47884 -2.06711e-05 1 0.000147262 0.0131592 -0.102919 -0.000148608 0.99469 2.08919
0.998547 -0.000231314 0.0538847 -1.48439 0.000215178 1 0.000305248 0.0131044 -0.0538847 -0.00029321 0.998547 2.09413
0.999989 -0.000367963 0.00469506 -1.49027 0.000367053 1 0.000194704 0.0131752 -0.00469513 -0.000192979 0.999989 2.09801
0.999006 -0.000229982 -0.0445684 -1.49587 0.000242537 1 0.000276307 0.013453 0.0445683 -0.000286842 0.999006 2.11189
0.995668 -0.000385516 -0.0929833 -1.50302 0.000415237 1 0.000300289 0.0137662 0.0929832 -0.000337598 0.995668 2.13753
0.992404 -0.000620137 -0.123017 -1.50879 0.000661748 1 0.0002974 0.0138046 0.123017 -0.000376547 0.992405 2.17346
0.990412 -0.000767791 -0.13814 -1.51372 0.000765878 1 -6.70021e-05 0.0136751 0.13814 -3.94388e-05 0.990413 2.21554
0.989264 -0.000463135 -0.146141 -1.52006 0.000472948 1 3.24033e-05 0.0138028 0.146141 -0.000101173 0.989264 2.26349
0.988646 -0.000411668 -0.150261 -1.52634 0.000414983 1 -9.29525e-06 0.0138947 0.150261 -5.3166e-05 0.988646 2.31437
0.988338 -0.000376628 -0.152276 -1.53335 0.000376027 1 -3.27451e-05 0.0142538 0.152276 -2.48965e-05 0.988338 2.36755
0.988201 -0.000526372 -0.153162 -1.54102 0.000497831 1 -0.000224696 0.0144028 0.153162 0.000145796 0.988201 2.42348
0.988086 -0.00019769 -0.153904 -1.54979 0.000159704 1 -0.000259174 0.0140124 0.153904 0.000231507 0.988086 2.47968
0.988079 -0.00083869 -0.153944 -1.55787 0.000834407 1 -9.24315e-05 0.0142962 0.153944 -3.71221e-05 0.98808 2.53688
0.988042 -0.0012176 -0.15418 -1.56642 0.0012348 0.999999 1.58014e-05 0.0149251 0.15418 -0.000205994 0.988043 2.59465
0.988053 -0.00124978 -0.154108 -1.57507 0.00120303 0.999999 -0.00039662 0.0151972 0.154108 0.000206486 0.988054 2.65299
0.988042 -0.00103984 -0.154179 -1.58466 0.000977017 0.999999 -0.000483223 0.0153706 0.154179 0.000326809 0.988043 2.71192
0.988055 -0.00165287 -0.15409 -1.59336 0.0015736 0.999999 -0.000636405 0.016463 0.154091 0.000386328 0.988057 2.77039
0.987986 -0.00164601 -0.154533 -1.60391 0.00158121 0.999999 -0.000542219 0.0159123 0.154534 0.000291356 0.987987 2.82997
0.988018 -0.00148611 -0.154329 -1.61254 0.00139985 0.999999 -0.000667588 0.0161698 0.15433 0.000443551 0.988019 2.88909
0.988025 -0.00161551 -0.154286 -1.62145 0.00150401 0.999999 -0.000839394 0.0165481 0.154287 0.000597294 0.988026 2.94755
0.988027 -0.00158341 -0.154275 -1.63105 0.00149509 0.999999 -0.000688526 0.0164314 0.154276 0.000449627 0.988028 3.00625
0.988062 -0.00154982 -0.15405 -1.63959 0.00150951 0.999999 -0.000378581 0.0161649 0.154051 0.00014152 0.988063 3.06421
0.988039 -0.000585681 -0.154202 -1.64929 0.000533054 1 -0.000382631 0.0146852 0.154202 0.000295857 0.988039 3.12492
0.988475 -0.00142327 -0.151377 -1.6601 0.00130402 0.999999 -0.000887095 0.0162405 0.151378 0.000679473 0.988476 3.18587
0.993654 -0.00152755 -0.112466 -1.66321 0.00141652 0.999998 -0.00106718 0.0158655 0.112468 0.000901093 0.993655 3.24779
0.999077 -0.0019877 -0.0429104 -1.66152 0.00195484 0.999998 -0.000807739 0.0161147 0.0429119 0.00072311 0.999079 3.31178
0.999183 -0.00103233 0.0404053 -1.65569 0.00107011 0.999999 -0.000913408 0.0151079 -0.0404043 0.0009559 0.999183 3.36298
0.991796 -0.00131925 0.12782 -1.64637 0.00145604 0.999998 -0.000976701 0.0154083 -0.127819 0.0011548 0.991797 3.40043
0.983059 -0.00120646 0.183286 -1.64044 0.00137344 0.999999 -0.000784143 0.015588 -0.183285 0.00102259 0.983059 3.42655
0.977479 -0.00101095 0.21103 -1.63903 0.00123811 0.999999 -0.000944288 0.0153425 -0.211029 0.0011843 0.977479 3.44437
0.973649 -0.00087529 0.228052 -1.63791 0.00109806 0.999999 -0.000849962 0.0157237 -0.228051 0.00107798 0.973649 3.45746
0.961708 -0.00130031 0.274072 -1.63021 0.00143071 0.999999 -0.00027592 0.0148946 -0.274071 0.000657473 0.961709 3.46503
0.939581 -0.00117088 0.342324 -1.61933 0.00133076 0.999999 -0.000232184 0.015224 -0.342324 0.000673708 0.939582 3.47207
0.906452 -0.00152723 0.422306 -1.60551 0.00171586 0.999999 -6.65679e-05 0.0152045 -0.422305 0.000784958 0.906453 3.47633
0.864158 -0.00118483 0.50322 -1.59129 0.00128969 0.999999 0.000139778 0.0153248 -0.50322 0.000528206 0.864158 3.47819
0.811393 -0.00154476 0.584499 -1.5758 0.00173741 0.999998 0.000231016 0.0153938 -0.584498 0.00082807 0.811395 3.47774
