1 0 0 1.38778e-17 0 1 -4.6653e-22 0 0 1.0257e-21 1 -2.77556e-17
1 -2.1461e-05 5.39885e-08 -2.07401e-07 2.1461e-05 1 -4.34166e-06 1.72864e-06 -5.38953e-08 4.34166e-06 1 6.83782e-08
1 -2.16473e-05 9.33643e-08 6.63623e-07 2.16473e-05 1 -4.47961e-06 1.72523e-06 -9.32674e-08 4.47961e-06 1 3.14924e-07
1 -5.1907e-06 1.10876e-07 2.20017e-06 5.1907e-06 1 1.02358e-05 5.07371e-06 -1.10929e-07 -1.02358e-05 1 -1.90214e-08
1 -2.15791e-05 9.36368e-08 2.69031e-06 2.15791e-05 1 -4.61198e-06 1.72462e-06 -9.35373e-08 4.61199e-06 1 1.41057e-06
1 -1.16916e-05 8.24292e-08 4.98194e-06 1.16916e-05 1 -1.43659e-05 1.03769e-06 -8.22612e-08 1.43659e-05 1 2.10701e-06
1 -8.64652e-06 8.82563e-08 6.55897e-06 8.64652e-06 1 7.43879e-06 4.44419e-06 -8.83206e-08 -7.43879e-06 1 1.43256e-06
1 -2.16123e-05 1.22743e-07 7.37276e-06 2.16123e-05 1 -4.47614e-06 1.72878e-06 -1.22647e-07 4.47614e-06 1 2.45985e-06
1 -2.1669e-05 1.73171e-07 9.09676e-06 2.1669e-05 1 -4.46244e-06 1.72731e-06 -1.73075e-07 4.46244e-06 1 3.14817e-06
1 -2.16581e-05 1.88148e-07 1.05814e-05 2.16581e-05 1 -4.52985e-06 1.71205e-06 -1.8805e-07 4.52986e-06 1 2.83357e-06
1 -4.26139e-05 1.99282e-07 1.12771e-05 4.26139e-05 1 -2.52086e-05 -2.50767e-06 -1.98208e-07 2.52086e-05 1 3.47264e-06
1 -2.17792e-05 2.33456e-07 1.43502e-05 2.17792e-05 1 -4.34613e-06 1.7411e-06 -2.33361e-07 4.34613e-06 1 0.000883097
1 -6.49226e-05 2.65156e-07 1.37274e-05 6.49226e-05 1 -5.91824e-06 -6.72599e-06 -2.64772e-07 5.91826e-06 1 0.0145456
1 -2.14527e-05 3.06525e-07 1.76369e-05 2.14527e-05 1 -4.58298e-06 1.52301e-06 -3.06427e-07 4.58299e-06 1 0.0379888
1 -2.15701e-05 3.43162e-07 1.94307e-05 2.15701e-05 1 -4.32776e-06 1.40464e-06 -3.43068e-07 4.32776e-06 1 0.0730698
1 -2.15455e-05 3.90814e-07 2.14381e-05 2.15455e-05 1 -4.50551e-06 1.21024e-06 -3.90717e-07 4.50552e-06 1 0.114689
1 -2.16055e-05 4.09612e-07 2.39389e-05 2.16055e-05 1 -4.52718e-06 1.05842e-06 -4.09514e-07 4.52718e-06 1 0.149995
1 -2.16127e-05 4.22144e-07 2.69463e-05 2.16127e-05 1 -4.40952e-06 8.95319e-07 -4.22049e-07 4.40953e-06 1 0.187301
1 -4.96098e-05 4.84936e-07 2.80754e-05 4.96099e-05 1 -2.58364e-05 -1.08568e-05 -4.83654e-07 2.58365e-05 1 0.235567
1 -4.34757e-05 5.30283e-07 3.12097e-05 4.34757e-05 1 -1.5614e-05 -6.9003e-06 -5.29604e-07 1.56141e-05 1 0.289182
1 -2.15974e-05 5.77906e-07 3.52234e-05 2.15974e-05 1 -4.39149e-06 1.99451e-07 -5.77811e-07 4.3915e-06 1 0.346534
1 -2.16102e-05 6.19484e-07 3.75505e-05 2.16102e-05 1 -4.4692e-06 -5.85759e-08 -6.19388e-07 4.46921e-06 1 0.400959
1 -2.16113e-05 6.44121e-07 3.98471e-05 2.16113e-05 1 -4.49812e-06 -2.82395e-07 -6.44024e-07 4.49814e-06 1 0.451283
1 -2.61393e-05 6.61588e-07 4.18453e-05 2.61393e-05 1 -8.78218e-06 -1.41083e-06 -6.61358e-07 8.7822e-06 1 0.502544
1 -2.15816e-05 7.00433e-07 4.42245e-05 2.15816e-05 1 -4.5172e-06 -7.59367e-07 -7.00335e-07 4.51722e-06 1 0.560309
1 -2.16586e-05 7.35734e-07 4.59906e-05 2.16585e-05 1 2.64506e-05 -9.97476e-07 -7.36307e-07 -2.64506e-05 1 0.612833
1 -2.1619e-05 7.78896e-07 4.78404e-05 2.16191e-05 1 -4.51926e-06 -1.26369e-06 -7.78798e-07 4.51928e-06 1 0.671633
1 -2.16187e-05 7.89631e-07 5.03045e-05 2.16187e-05 1 -4.5096e-06 -1.53224e-06 -7.89534e-07 4.50961e-06 1 0.730765
1 -7.24679e-05 7.90304e-07 4.97484e-05 7.24679e-05 1 -4.25107e-06 -1.09897e-05 -7.89996e-07 4.25113e-06 1 0.784193
1 -2.16429e-05 8.54268e-07 5.4576e-05 2.16429e-05 1 -4.41907e-06 -2.02418e-06 -8.54173e-07 4.41908e-06 1 0.843728
1 -2.1746e-05 9.13633e-07 5.74313e-05 2.1746e-05 1 -4.45818e-06 -2.39572e-06 -9.13536e-07 4.4582e-06 1 0.927285
1 -3.83374e-06 9.7045e-07 5.98215e-05 3.83377e-06 1 -2.24991e-05 -3.87089e-06 -9.70364e-07 2.24991e-05 1 0.981092
1 -2.16113e-05 1.00147e-06 6.03369e-05 2.16113e-05 1 -4.46276e-06 -2.87799e-06 -1.00137e-06 4.46279e-06 1 1.03495
1 -2.22018e-05 1.012e-06 6.25488e-05 2.22018e-05 1 1.85295e-05 -3.14183e-06 -1.01241e-06 -1.85294e-05 1 1.10082
1 -2.16873e-05 1.04957e-06 6.44865e-05 2.16873e-05 1 -4.49149e-06 -3.45019e-06 -1.04947e-06 4.49152e-06 1 1.16074
1 -6.51052e-05 1.0616e-06 6.45758e-05 6.51052e-05 1 -4.34105e-06 -1.17225e-05 -1.06132e-06 4.34112e-06 1 1.22667
1 -2.16328e-05 1.09566e-06 6.88075e-05 2.16328e-05 1 -4.39712e-06 -3.94741e-06 -1.09557e-06 4.39714e-06 1 1.27464
1 -2.15814e-05 1.14867e-06 7.05295e-05 2.15815e-05 1 -4.51751e-06 -4.20606e-06 -1.14857e-06 4.51754e-06 1 1.33461
1 -2.15969e-05 1.17597e-06 7.25388e-05 2.1597e-05 1 -4.52162e-06 -4.48102e-06 -1.17588e-06 4.52165e-06 1 1.39458
1 -1.00904e-05 1.25769e-06 7.45139e-05 1.00904e-05 1 6.50543e-06 -2.22615e-06 -1.25776e-06 -6.50542e-06 1 1.45457
1 -2.15726e-05 1.29663e-06 7.50749e-05 2.15726e-05 1 -4.40176e-06 -4.94652e-06 -1.29653e-06 4.40178e-06 1 1.50256
1 -5.65495e-06 1.35673e-06 7.76448e-05 5.65494e-06 1 1.0257e-05 -1.91464e-06 -1.35678e-06 -1.0257e-05 1 1.57455
1 -7.24676e-05 1.35791e-06 7.6101e-05 7.24676e-05 1 -4.23802e-06 -1.48253e-05 -1.3576e-06 4.23811e-06 1 1.64654
1 2.66161e-05 1.41465e-06 8.20586e-05 -2.66161e-05 1 -4.22606e-06 -8.81276e-06 -1.41476e-06 4.22603e-06 1 1.67654
1 -2.22018e-05 1.40431e-06 8.22765e-05 2.22018e-05 1 1.85295e-05 -6.10523e-06 -1.40472e-06 -1.85295e-05 1 1.76653
1 -2.12947e-05 1.42747e-06 8.3981e-05 2.12947e-05 1 -4.32887e-06 -6.32709e-06 -1.42738e-06 4.32891e-06 1 1.82053
1 -2.15967e-05 1.48011e-06 8.53784e-05 2.15967e-05 1 -4.52441e-06 -6.64439e-06 -1.48001e-06 4.52444e-06 1 1.88053
1 -2.19584e-05 1.52283e-06 8.68624e-05 2.19584e-05 1 -4.49258e-06 -6.89987e-06 -1.52273e-06 4.49262e-06 1 1.94053
1 -2.15941e-05 1.54818e-06 8.88549e-05 2.15941e-05 1 -4.41237e-06 -7.20029e-06 -1.54808e-06 4.4124e-06 1 2.00653
1 -2.15784e-05 1.56272e-06 9.03602e-05 2.15784e-05 1 -4.57238e-06 -7.42505e-06 -1.56263e-06 4.57242e-06 1 2.05453
1 -2.15779e-05 1.56153e-06 9.23418e-05 2.15779e-05 1 -4.44515e-06 -7.65101e-06 -1.56143e-06 4.44519e-06 1 2.10853
1 -2.01464e-05 1.58564e-06 9.48877e-05 2.01464e-05 1 -6.20023e-06 -8.12115e-06 -1.58551e-06 6.20026e-06 1 2.17453
1 -2.16771e-05 1.61705e-06 9.63597e-05 2.16771e-05 1 -4.54179e-06 -8.20803e-06 -1.61695e-06 4.54183e-06 1 2.22253
1 -2.39686e-05 1.65505e-06 9.87359e-05 2.39686e-05 1 -6.77168e-06 -8.97318e-06 -1.65488e-06 6.77172e-06 1 2.30053
1 -6.50504e-05 1.64718e-06 9.85508e-05 6.50504e-05 1 -4.79452e-06 -1.68407e-05 -1.64687e-06 4.79463e-06 1 2.35453
1 -2.16272e-05 1.68413e-06 0.000103169 2.16272e-05 1 -4.45716e-06 -9.02539e-06 -1.68403e-06 4.4572e-06 1 2.41453
1 -2.15039e-05 1.72394e-06 0.000104989 2.15039e-05 1 -4.37956e-06 -9.23111e-06 -1.72385e-06 4.37959e-06 1 2.46853
1 -2.15929e-05 1.79554e-06 0.000107102 2.1593e-05 1 -4.5509e-06 -9.60322e-06 -1.79544e-06 4.55094e-06 1 2.54653
1 -2.1743e-05 1.813e-06 0.00010876 2.17431e-05 1 -4.46649e-06 -9.82855e-06 -1.81291e-06 4.46652e-06 1 2.59453
1 -2.1581e-05 1.83018e-06 0.000111127 2.1581e-05 1 -4.54419e-06 -1.01112e-05 -1.83008e-06 4.54423e-06 1 2.65453
1 -2.12608e-05 1.85115e-06 0.000113215 2.12608e-05 1 -4.32367e-06 -1.02776e-05 -1.85106e-06 4.32371e-06 1 2.70853
1 -2.16271e-05 1.8688e-06 0.000115894 2.16271e-05 1 -4.50977e-06 -1.06173e-05 -1.8687e-06 4.50981e-06 1 2.77453
1 -4.26201e-05 1.88657e-06 0.000117083 4.26201e-05 1 -2.5215e-05 -1.51005e-05 -1.8855e-06 2.52151e-05 1 2.82853
1 -2.15898e-05 1.94619e-06 0.000120338 2.15898e-05 1 -4.56851e-06 -1.11306e-05 -1.94609e-06 4.56855e-06 1 2.88853
1 -4.76923e-05 1.97758e-06 0.000121051 4.76924e-05 1 -6.41798e-06 -1.66927e-05 -1.97728e-06 6.41808e-06 1 2.94253
1 -2.16212e-05 2.03294e-06 0.000124742 2.16212e-05 1 -4.39345e-06 -1.1645e-05 -2.03284e-06 4.39349e-06 1 3.00253
1 -2.16811e-05 1.98691e-06 0.000126914 2.16811e-05 1 -4.49696e-06 -1.19956e-05 -1.98682e-06 4.497e-06 1 3.08053
1 -2.15511e-05 1.90397e-06 0.000128152 2.1551e-05 1 2.78428e-05 -1.22466e-05 -1.90457e-06 -2.78428e-05 1 3.14053
1 -2.22018e-05 1.84343e-06 0.000129772 2.22018e-05 1 1.85298e-05 -1.24618e-05 -1.84384e-06 -1.85297e-05 1 3.19453
1 -2.1579e-05 1.83613e-06 0.000131486 2.1579e-05 1 -4.40895e-06 -1.27593e-05 -1.83603e-06 4.40899e-06 1 3.25453
1 -8.39597e-06 1.82906e-06 0.000134203 8.39595e-06 1 8.22213e-06 -1.00983e-05 -1.82912e-06 -8.22212e-06 1 3.31453
1 -2.83463e-05 2.42727e-06 0.000135226 2.83463e-05 1 -9.55637e-06 -1.28834e-05 -2.427e-06 9.55644e-06 1 3.36853
1 -2.16355e-05 3.19164e-06 0.000138589 2.16355e-05 1 -4.47243e-06 -1.3539e-05 -3.19154e-06 4.4725e-06 1 3.42853
1 -2.18559e-05 3.68462e-06 0.000141797 2.1856e-05 1 -4.59399e-06 -1.39157e-05 -3.68452e-06 4.59407e-06 1 3.49899
1 -2.98453e-05 3.85931e-06 0.000143258 2.98453e-05 1 -1.32883e-05 -1.56847e-05 -3.85891e-06 1.32884e-05 1 3.536
1 -6.46623e-05 4.04037e-06 0.000144025 6.46623e-05 1 -8.8522e-06 -2.34214e-05 -4.0398e-06 8.85246e-06 1 3.57889
0.999997 -2.13953e-05 -0.00246086 -0.000237029 2.13839e-05 1 -4.63981e-06 -1.42678e-05 0.00246086 4.58717e-06 0.999997 3.59939
0.999771 -1.75747e-05 -0.0213936 -0.00317046 1.73813e-05 1 -9.22555e-06 -1.48491e-05 0.0213936 8.85159e-06 0.999771 3.61361
0.998216 -2.1666e-05 -0.059698 -0.00900033 2.13577e-05 1 -5.80273e-06 -1.46369e-05 0.059698 4.51737e-06 0.998216 3.62466
0.994322 -4.96453e-05 -0.106418 -0.0159431 5.14133e-05 1 1.38703e-05 -2.03569e-05 0.106418 -1.92629e-05 0.994322 3.63074
0.989725 -2.26164e-05 -0.142983 -0.0212529 2.20849e-05 1 -5.30364e-06 -1.42205e-05 0.142983 2.09138e-06 0.989725 3.63289
0.981765 -1.17185e-05 -0.190101 -0.0279447 8.24409e-06 1 -1.90676e-05 -1.56469e-05 0.190101 1.71527e-05 0.981765 3.63355
0.971314 -2.36073e-05 -0.2378 -0.0345481 2.15389e-05 1 -1.12962e-05 -1.54547e-05 0.2378 5.85022e-06 0.971314 3.63247
0.958392 -2.16657e-05 -0.285454 -0.0409737 1.9464e-05 1 -1.055e-05 -1.53295e-05 0.285454 4.555e-06 0.958392 3.63008
0.94304 -2.16571e-05 -0.332681 -0.047172 1.89342e-05 1 -1.14267e-05 -1.54514e-05 0.332681 4.4768e-06 0.94304 3.62667
0.923402 -2.1685e-05 -0.383835 -0.0536892 1.83094e-05 1 -1.24482e-05 -1.55597e-05 0.383835 4.46684e-06 0.923402 3.62199
0.907349 -2.19638e-05 -0.420378 -0.0582147 1.80879e-05 1 -1.32066e-05 -1.56292e-05 0.420378 4.37919e-06 0.907349 3.61808
0.878165 -2.16626e-05 -0.478357 -0.0651605 1.68349e-05 1 -1.43799e-05 -1.57701e-05 0.478357 4.57482e-06 0.878165 3.61102
0.860902 -5.02859e-05 -0.508771 -0.0686833 3.73205e-05 1 -3.56873e-05 -2.0066e-05 0.508771 1.17357e-05 0.860902 3.6069
0.831647 -4.33303e-05 -0.555305 -0.0738942 4.20304e-05 1 -1.50835e-05 -2.07906e-05 0.555305 -1.07955e-05 0.831647 3.60006
0.796864 -2.16621e-05 -0.604159 -0.0791135 1.45108e-05 1 -1.67158e-05 -1.59834e-05 0.604159 4.55338e-06 0.796864 3.59214
0.772072 -2.16286e-05 -0.635535 -0.0823148 1.38051e-05 1 -1.72612e-05 -1.60357e-05 0.635535 4.55327e-06 0.772072 3.58665
0.742706 -2.16365e-05 -0.669618 -0.0856427 1.30052e-05 1 -1.7887e-05 -1.60838e-05 0.669618 4.57625e-06 0.742706 3.58028
0.708315 -2.17886e-05 -0.705897 -0.0889929 1.22814e-05 1 -1.8543e-05 -1.61054e-05 0.705897 4.4649e-06 0.708315 3.573
0.675846 -2.16105e-05 -0.737043 -0.0916887 1.12995e-05 1 -1.89593e-05 -1.61376e-05 0.737043 4.48534e-06 0.675846 3.56629
0.638167 3.86968e-06 -0.769898 -0.0943213 1.05339e-05 1 1.37578e-05 -1.61978e-05 0.769898 -1.68898e-05 0.638167 3.55868
0.594881 -2.34802e-05 -0.803814 -0.0967736 1.06337e-05 1 -2.13412e-05 -1.64239e-05 0.803814 4.14797e-06 0.594881 3.55015
0.553965 1.26792e-05 -0.83254 -0.0985881 -2.2072e-05 1 5.42978e-07 -1.81584e-05 0.83254 1.80751e-05 0.553965 3.54228
0.515953 -2.17842e-05 -0.856617 -0.0998858 7.33012e-06 1 -2.10154e-05 -1.62007e-05 0.856617 4.56387e-06 0.515953 3.53512
0.46366 8.83999e-06 -0.886013 -0.101108 6.01431e-06 1 1.31246e-05 -1.61894e-05 0.886013 -1.14141e-05 0.46366 3.5255
0.414253 -2.1736e-05 -0.910162 -0.101722 4.83636e-06 1 -2.16803e-05 -1.61467e-05 0.910162 4.57924e-06 0.414253 3.51662
0.363593 -2.18011e-05 -0.931558 -0.101845 3.68532e-06 1 -2.19644e-05 -1.61117e-05 0.931558 4.55301e-06 0.363593 3.50771
0.32605 -2.18418e-05 -0.945353 -0.101627 2.79173e-06 1 -2.21415e-05 -1.61179e-05 0.945353 4.58008e-06 0.32605 3.50124
0.283193 -2.17066e-05 -0.959063 -0.101072 1.78101e-06 1 -2.21073e-05 -1.60369e-05 0.959063 4.55253e-06 0.283193 3.49397
0.235546 -2.18178e-05 -0.971863 -0.100087 7.07724e-07 1 -2.22779e-05 -1.59865e-05 0.971863 4.55967e-06 0.235546 3.48604
0.202122 -1.75555e-05 -0.97936 -0.099132 -2.05063e-05 1 -2.21576e-05 -1.79529e-05 0.97936 2.45616e-05 0.202122 3.48068
0.186835 -2.88094e-06 -0.982391 -0.0985994 5.92242e-07 1 -2.81994e-06 -1.5477e-05 0.982391 -5.49483e-08 0.186835 3.47835
0.178884 -4.40697e-06 -0.98387 -0.0982839 -2.68041e-05 1 -9.35267e-06 -1.75183e-05 0.98387 2.80448e-05 0.178884 3.47722
0.174755 -2.18038e-05 -0.984612 -0.0989675 -6.80042e-07 1 -2.22652e-05 -1.59002e-05 0.984612 4.56053e-06 0.174755 3.47684
0.172613 -2.17436e-05 -0.98499 -0.112312 -6.74694e-07 1 -2.21932e-05 -1.61954e-05 0.98499 4.49539e-06 0.172613 3.47898
0.171503 -2.17605e-05 -0.985184 -0.138414 -8.02876e-07 1 -2.22276e-05 -1.67988e-05 0.985184 4.60308e-06 0.171503 3.48349
0.17093 -1.46696e-05 -0.985283 -0.173719 8.07682e-06 1 -1.34875e-05 -1.66062e-05 0.985283 -5.65253e-06 0.17093 3.48965
0.170635 -2.31667e-05 -0.985334 -0.214792 4.30024e-07 1 -2.34371e-05 -1.87658e-05 0.985334 3.57546e-06 0.170635 3.49682
0.170484 -2.30709e-05 -0.98536 -0.248927 -1.33633e-06 1 -2.36449e-05 -1.92216e-05 0.98536 5.34784e-06 0.170484 3.50278
0.170407 -2.17031e-05 -0.985374 -0.286391 -7.52788e-07 1 -2.21555e-05 -2.01204e-05 0.985374 4.51722e-06 0.170407 3.50931
0.169722 -3.79267e-05 -0.985492 -0.325299 -1.88958e-05 1 -4.17393e-05 -2.26709e-05 0.985492 2.57057e-05 0.169722 3.51597
0.149228 -5.4195e-05 -0.988803 -0.377016 -1.37412e-06 1 -5.50161e-05 -3.20162e-05 0.988803 9.56864e-06 0.149228 3.52162
0.122715 -2.18006e-05 -0.992442 -0.416515 -1.55651e-06 1 -2.21591e-05 -2.30168e-05 0.992442 4.264e-06 0.122715 3.52403
0.0778599 -1.87142e-05 -0.996964 -0.461005 -4.15616e-05 1 -2.2017e-05 -2.64965e-05 0.996964 4.31497e-05 0.0778599 3.52439
0.0221769 -2.18617e-05 -0.999754 -0.513485 -4.21981e-06 1 -2.19607e-05 -2.51643e-05 0.999754 4.70579e-06 0.0221769 3.52289
0.00574667 -2.19179e-05 -0.999983 -0.540918 -4.72131e-06 1 -2.19454e-05 -2.57799e-05 0.999983 4.84735e-06 0.00574667 3.52313
-0.0127205 -2.17108e-05 -0.999919 -0.60039 -4.75728e-06 1 -2.16521e-05 -2.70697e-05 0.999919 4.48146e-06 -0.0127205 3.52457
-0.020052 -2.17506e-05 -0.999799 -0.652423 -5.04624e-06 1 -2.16538e-05 -2.81926e-05 0.999799 4.61102e-06 -0.020052 3.52576
-0.0252153 -2.35066e-05 -0.999682 -0.693651 2.48565e-05 1 -2.4141e-05 -3.53009e-05 0.999682 -2.54574e-05 -0.0252153 3.5266
-0.0501225 -9.82873e-06 -0.998743 -0.724484 -1.88907e-05 1 -8.89306e-06 -2.68264e-05 0.998743 1.84212e-05 -0.0501225 3.52406
-0.0784086 -2.15683e-05 -0.996921 -0.73978 -6.06798e-06 1 -2.11576e-05 -3.00185e-05 0.996921 4.39036e-06 -0.0784086 3.52047
-0.128865 -2.98493e-05 -0.991662 -0.7547 1.78135e-06 1 -3.03317e-05 -3.22251e-05 0.991662 -5.67518e-06 -0.128865 3.51377
-0.165261 -2.17658e-05 -0.98625 -0.760673 -8.26571e-06 1 -2.06842e-05 -3.04401e-05 0.98625 4.73377e-06 -0.165261 3.50888
-0.221585 -9.28303e-06 -0.975141 -0.76535 3.34781e-05 1 -1.7127e-05 -3.8412e-05 0.975141 -3.6441e-05 -0.221585 3.50135
-0.264263 -2.17768e-05 -0.964451 -0.766335 -1.02206e-05 1 -1.9779e-05 -3.05317e-05 0.964451 4.63045e-06 -0.264263 3.49573
-0.306825 -3.35592e-05 -0.951766 -0.765705 1.73793e-05 1 -4.08626e-05 -4.21587e-05 0.951766 -2.90787e-05 -0.306825 3.4902
-0.358304 -1.20736e-05 -0.933605 -0.763256 -4.38045e-05 1 3.87925e-06 -3.25223e-05 0.933605 4.22861e-05 -0.358304 3.48367
-0.39519 -2.17104e-05 -0.918599 -0.760572 -1.28411e-05 1 -1.81099e-05 -3.03278e-05 0.918599 4.63901e-06 -0.39519 3.47909
-0.449418 -2.18498e-05 -0.893322 -0.755444 -1.40428e-05 1 -1.73943e-05 -3.01644e-05 0.893322 4.72749e-06 -0.449418 3.47253
-0.497769 -5.06788e-05 -0.867309 -0.749834 -1.47526e-05 1 -4.99653e-05 -3.98365e-05 0.867309 -1.20762e-05 -0.497769 3.46688
-0.540451 -2.18306e-05 -0.841376 -0.744136 -1.56901e-05 1 -1.58679e-05 -2.98982e-05 0.841376 4.62548e-06 -0.540451 3.46208
-0.577726 -2.29794e-05 -0.816231 -0.738615 1.20793e-05 1 -3.67028e-05 -4.14247e-05 0.816231 -3.10636e-05 -0.577726 3.45802
-0.613839 -2.2275e-05 -0.789431 -0.732782 -1.47449e-05 1 -1.67514e-05 -3.00703e-05 0.789431 1.35741e-06 -0.613839 3.45424
-0.652512 -2.18709e-05 -0.757778 -0.725991 -1.77242e-05 1 -1.35998e-05 -2.94445e-05 0.757778 4.55696e-06 -0.652512 3.45038
-0.693171 -2.16862e-05 -0.720773 -0.718206 -1.88412e-05 1 -1.19677e-05 -2.91078e-05 0.720773 5.28455e-06 -0.693171 3.44653
-0.721434 -2.78686e-05 -0.692483 -0.712369 -2.31014e-05 1 -1.61771e-05 -2.95453e-05 0.692483 4.32665e-06 -0.721434 3.44402
-0.761653 -2.2173e-05 -0.647985 -0.70338 -1.98719e-05 1 -1.08606e-05 -2.88813e-05 0.647985 4.60468e-06 -0.761653 3.4407
-0.793084 -2.1907e-05 -0.609112 -0.695711 -2.02064e-05 1 -9.65612e-06 -2.87418e-05 0.609112 4.64986e-06 -0.793084 3.43836
-0.822533 -2.18514e-05 -0.568717 -0.687912 -2.05529e-05 1 -8.69672e-06 -2.85529e-05 0.568717 4.53542e-06 -0.822533 3.4364
-0.849928 -2.77086e-05 -0.526899 -0.680007 -2.51639e-05 1 -1.19968e-05 -2.87992e-05 0.526899 3.06243e-06 -0.849928 3.43485
-0.872769 -2.17553e-05 -0.488134 -0.672823 -2.10918e-05 1 -6.85675e-06 -2.82431e-05 0.488134 4.31128e-06 -0.872769 3.43378
-0.898282 -2.19607e-05 -0.439419 -0.66398 -2.16987e-05 1 -5.61917e-06 -2.8025e-05 0.439419 4.48723e-06 -0.898282 3.43293
-0.91714 -2.19514e-05 -0.398566 -0.656713 -2.19719e-05 1 -4.51646e-06 -2.78665e-05 0.398566 4.61505e-06 -0.91714 3.4326
-0.937663 -2.22019e-05 -0.347547 -0.647816 -2.23691e-05 1 -3.53106e-06 -2.76347e-05 0.347547 4.46339e-06 -0.937663 3.43263
-0.953861 -2.19676e-05 -0.30025 -0.639738 -2.23343e-05 1 -2.21086e-06 -2.74989e-05 0.30025 4.597e-06 -0.953861 3.43309
-0.968924 -2.22008e-05 -0.24736 -0.630888 -2.26042e-05 1 -1.20902e-06 -2.72722e-05 0.24736 4.41993e-06 -0.968924 3.43406
-0.980076 -2.19818e-05 -0.198625 -0.622897 -2.2453e-05 1 1.20034e-07 -2.7142e-05 0.198625 4.57737e-06 -0.980076 3.43536
-0.988019 1.98904e-05 -0.154335 -0.615766 2.0658e-05 1 -3.37015e-06 -3.62083e-05 0.154335 -6.51803e-06 -0.988019 3.43687
-0.994497 -2.19623e-05 -0.104762 -0.607936 -2.23051e-05 1 2.10066e-06 -2.68306e-05 0.104762 4.42583e-06 -0.994497 3.43893
-0.998626 2.079e-05 -0.0523955 -0.599938 2.08759e-05 1 -1.09148e-06 -3.58738e-05 0.0523955 -2.18378e-06 -0.998626 3.43998
-0.999653 -2.21827e-05 -0.0263544 -0.596735 -2.22891e-05 1 3.74305e-06 -2.65033e-05 0.0263544 4.32916e-06 -0.999653 3.42845
-0.999929 -9.51783e-06 -0.011921 -0.595559 -9.41089e-06 1 -9.02639e-06 -2.89331e-05 0.011921 -8.91357e-06 -0.999929 3.40588
-0.999996 -2.18372e-05 -0.00271646 -0.595322 -2.18495e-05 1 4.48848e-06 -2.62299e-05 0.00271646 4.54782e-06 -0.999996 3.36747
-0.999999 -2.17699e-05 0.00114732 -0.595489 -2.18031e-05 1 -2.89232e-05 -3.61368e-05 -0.00114732 -2.89482e-05 -0.999999 3.32964
-0.999992 4.12089e-06 0.00400581 -0.595839 4.13129e-06 1 2.58846e-06 -3.10994e-05 -0.00400581 2.60499e-06 -0.999992 3.26293
-0.999989 -1.97407e-05 0.00476822 -0.595987 -1.97304e-05 1 2.20707e-06 -2.60826e-05 -0.00476822 2.11296e-06 -0.999989 3.22177
-0.999986 -2.1529e-05 0.00525127 -0.596077 -2.15061e-05 1 4.40296e-06 -2.54168e-05 -0.00525127 4.28996e-06 -0.999986 3.17359
-0.999985 -1.6922e-05 0.00554953 -0.596082 -1.69239e-05 1 -3.08043e-07 -2.61374e-05 -0.00554953 -4.01958e-07 -0.999985 3.11273
-0.999984 -3.46981e-05 0.00568614 -0.595989 -3.46035e-05 1 1.6738e-05 -2.20297e-05 -0.00568614 1.6541e-05 -0.999984 3.05031
-0.999984 -6.63504e-05 0.0057252 -0.595905 -6.63256e-05 1 4.51726e-06 -2.75674e-05 -0.0057252 4.13745e-06 -0.999984 3.01578
-0.999983 2.11093e-05 0.00576683 -0.59565 2.11107e-05 1 1.81616e-07 -3.35571e-05 -0.00576683 3.03355e-07 -0.999983 2.94013
-0.999983 7.73303e-06 0.00577601 -0.595488 7.87483e-06 1 2.45275e-05 -3.08112e-05 -0.00577601 2.45726e-05 -0.999983 2.89905
-0.999983 -1.24534e-05 0.00578209 -0.595175 -1.24839e-05 1 -5.24172e-06 -2.57452e-05 -0.00578209 -5.31381e-06 -0.999983 2.82819
-0.999983 -2.19631e-05 0.0057828 -0.594889 -2.19371e-05 1 4.56565e-06 -2.35636e-05 -0.0057828 4.43871e-06 -0.999983 2.76886
-0.999983 -4.11451e-07 0.00578203 -0.594585 -4.46767e-07 1 -6.10659e-06 -3.04217e-05 -0.00578203 -6.10907e-06 -0.999983 2.70934
-0.999983 -2.08024e-05 0.00578083 -0.594241 -2.07863e-05 1 2.84418e-06 -2.3188e-05 -0.00578083 2.72397e-06 -0.999983 2.64371
-0.999983 2.15636e-05 0.00578028 -0.593981 2.15904e-05 1 4.56868e-06 -3.07748e-05 -0.00578028 4.6934e-06 -0.999983 2.59592
-0.999983 -2.19525e-05 0.00577941 -0.593621 -2.19265e-05 1 4.56538e-06 -2.24737e-05 -0.00577941 4.43858e-06 -0.999983 2.53012
-0.999983 -2.21791e-05 0.00577883 -0.593355 -2.21538e-05 1 4.4423e-06 -2.22172e-05 -0.00577883 4.3142e-06 -0.999983 2.48223
-0.999983 -2.1948e-05 0.00577816 -0.592985 -2.19219e-05 1 4.57251e-06 -2.19523e-05 -0.00577816 4.44576e-06 -0.999983 2.41634
-0.999983 -2.19019e-05 0.00577769 -0.592681 -2.18757e-05 1 4.59018e-06 -2.17004e-05 -0.00577769 4.46371e-06 -0.999983 2.3624
-0.999983 -9.19691e-06 0.00577652 -0.59234 -9.24741e-06 1 -8.71659e-06 -2.39678e-05 -0.00577652 -8.76986e-06 -0.999983 2.30245
-0.999983 -1.74811e-05 0.00577475 -0.591964 -1.74802e-05 1 1.9722e-07 -2.20189e-05 -0.00577475 9.62728e-08 -0.999983 2.23649
-0.999983 -2.19496e-05 0.00577382 -0.591587 -2.19235e-05 1 4.59255e-06 -2.08322e-05 -0.00577382 4.46589e-06 -0.999983 2.17052
-0.999983 -1.25145e-05 0.00577335 -0.591244 -1.25444e-05 1 -5.15227e-06 -2.24493e-05 -0.00577335 -5.22461e-06 -0.999983 2.11054
-0.999983 -2.19313e-05 0.00577308 -0.590901 -2.19047e-05 1 4.67707e-06 -2.02731e-05 -0.00577308 4.55053e-06 -0.999983 2.05056
-0.999983 3.03417e-05 0.00577307 -0.590623 3.03702e-05 1 4.85706e-06 -2.95355e-05 -0.00577307 5.03231e-06 -0.999983 2.00257
-0.999983 -2.19574e-05 0.00577315 -0.590215 -2.19316e-05 1 4.53771e-06 -1.97331e-05 -0.00577315 4.41102e-06 -0.999983 1.93058
-0.999983 -2.16926e-05 0.00577314 -0.589872 -2.16665e-05 1 4.58407e-06 -1.94444e-05 -0.00577314 4.45891e-06 -0.999983 1.87058
-0.999983 -2.17844e-05 0.00577313 -0.589528 -2.17585e-05 1 4.5507e-06 -1.91679e-05 -0.00577313 4.42501e-06 -0.999983 1.81059
-0.999983 -2.2127e-05 0.0057731 -0.589254 -2.19063e-05 1 3.82887e-05 -1.89568e-05 -0.0057731 3.81616e-05 -0.999983 1.76259
-0.999983 -2.19931e-05 0.005773 -0.588806 -2.19675e-05 1 4.50534e-06 -1.85996e-05 -0.005773 4.37845e-06 -0.999983 1.68459
-0.999983 -3.09466e-05 0.00577294 -0.588531 -3.08711e-05 1 1.31692e-05 -1.63982e-05 -0.00577294 1.29908e-05 -0.999983 1.63659
-0.999983 -1.27351e-05 0.00577288 -0.588117 -1.27625e-05 1 -4.71917e-06 -1.99183e-05 -0.00577288 -4.79277e-06 -0.999983 1.56459
-0.999983 -2.19391e-05 0.00577284 -0.587739 -2.19128e-05 1 4.61576e-06 -1.77486e-05 -0.00577284 4.48919e-06 -0.999983 1.4986
-0.999983 -2.17342e-05 0.00577283 -0.587463 -2.17086e-05 1 4.48923e-06 -1.75193e-05 -0.00577283 4.36383e-06 -0.999983 1.4506
-0.999983 -2.19566e-05 0.0057728 -0.587154 -2.19301e-05 1 4.6497e-06 -1.72813e-05 -0.0057728 4.52303e-06 -0.999983 1.3966
-0.999983 -2.21307e-05 0.00577274 -0.586809 -2.21057e-05 1 4.39197e-06 -1.7059e-05 -0.00577274 4.26429e-06 -0.999983 1.3366
-0.999983 -2.19586e-05 0.00577268 -0.586396 -2.18206e-05 1 2.39756e-05 -1.66779e-05 -0.00577268 2.38493e-05 -0.999983 1.2646
-0.999983 -2.18834e-05 0.00577263 -0.586051 -2.18569e-05 1 4.65629e-06 -1.6395e-05 -0.00577263 4.53004e-06 -0.999983 1.2046
-0.999983 -2.19439e-05 0.00577257 -0.585672 -2.19179e-05 1 4.56827e-06 -1.61002e-05 -0.00577257 4.44168e-06 -0.999983 1.1386
-0.999983 -2.19932e-05 0.00577254 -0.585361 -2.19676e-05 1 4.50519e-06 -1.58533e-05 -0.00577254 4.37831e-06 -0.999983 1.0846
-0.999983 -2.18031e-05 0.00577251 -0.585051 -2.17766e-05 1 4.65948e-06 -1.5594e-05 -0.00577251 4.53369e-06 -0.999983 1.0306
-0.999983 4.09252e-06 0.00577246 -0.584705 4.18912e-06 1 1.67227e-05 -2.01067e-05 -0.00577246 1.67466e-05 -0.999983 0.970604
-0.999983 -2.1913e-05 0.00577244 -0.584362 -2.18873e-05 1 4.51403e-06 -1.50577e-05 -0.00577244 4.38761e-06 -0.999983 0.910604
-0.999983 -6.29369e-05 0.00577242 -0.584054 -6.28882e-05 1 8.61613e-06 -1.74847e-05 -0.00577242 8.25297e-06 -0.999983 0.856605
-0.999983 -6.33401e-05 0.00577238 -0.583675 -6.33131e-05 1 4.85527e-06 -1.72018e-05 -0.00577238 4.48972e-06 -0.999983 0.790606
-0.999983 -2.19401e-05 0.00577238 -0.583363 -2.19142e-05 1 4.55707e-06 -1.42675e-05 -0.00577238 4.4305e-06 -0.999983 0.736608
-0.999983 -7.50632e-08 0.00577238 -0.582984 -1.12835e-07 1 -6.54324e-06 -2.12817e-05 -0.00577238 -6.54378e-06 -0.999983 0.670609
-0.999983 -3.0956e-05 0.00577233 -0.582607 -3.08804e-05 1 1.31813e-05 -1.16708e-05 -0.00577233 1.30028e-05 -0.999983 0.604611
-0.999983 -7.01914e-05 0.00577227 -0.582334 -7.01648e-05 1 4.80426e-06 -1.65157e-05 -0.00577227 4.39917e-06 -0.999983 0.556611
-0.999983 -2.19294e-05 0.00577223 -0.581927 -2.19032e-05 1 4.60683e-06 -1.31064e-05 -0.00577223 4.48032e-06 -0.999983 0.48615
-0.999983 2.11121e-05 0.00577224 -0.581668 2.11135e-05 1 1.75877e-07 -2.21295e-05 -0.00577224 2.97746e-07 -0.999983 0.441302
-1 -2.19273e-05 0.000842284 -0.582257 -2.19235e-05 1 4.55591e-06 -1.27607e-05 -0.000842284 4.53744e-06 -1 0.40865
-0.999079 -1.96235e-05 -0.0428972 -0.588992 -1.96891e-05 1 1.10691e-06 -1.3288e-05 0.0428972 1.9505e-06 -0.999079 0.382828
-0.992605 -1.80203e-05 -0.121389 -0.60142 -1.78306e-05 1 -2.64952e-06 -1.38852e-05 0.121389 -4.6549e-07 -0.992605 0.360885
-0.982079 -2.32773e-05 -0.188471 -0.612314 -2.35144e-05 1 -9.77808e-07 -1.32721e-05 0.188471 3.47151e-06 -0.982079 0.34879
-0.96074 -2.39856e-05 -0.277449 -0.627158 -2.39206e-05 1 -3.61911e-06 -1.36003e-05 0.277449 3.15974e-06 -0.96074 0.337697
-0.9334 -2.20482e-05 -0.358839 -0.641158 -2.2461e-05 1 -3.01834e-06 -1.35611e-05 0.358839 5.24255e-06 -0.9334 0.331057
-0.894037 -2.18656e-05 -0.447992 -0.657008 -2.15959e-05 1 -5.71009e-06 -1.40261e-05 0.447992 4.56977e-06 -0.894037 0.326889
-0.845564 -2.09617e-05 -0.533875 -0.672863 -1.87525e-05 1 -9.56276e-06 -1.47622e-05 0.533875 1.92554e-06 -0.845564 0.325654
-0.769783 -1.96454e-05 -0.638306 -0.693093 -3.2029e-06 1 -2.69148e-05 -1.78761e-05 0.638306 -1.86741e-05 -0.769783 0.327823
-0.709523 8.94619e-06 -0.704683 -0.706638 2.47319e-05 1 -1.22064e-05 -2.31477e-05 0.704683 -2.60889e-05 -0.709523 0.331513
-0.628054 4.10693e-06 -0.77817 -0.722483 1.0486e-06 1 4.43136e-06 -1.36374e-05 0.77817 1.96714e-06 -0.628054 0.338164
-0.580327 -2.16395e-05 -0.814384 -0.730729 -1.61793e-05 1 -1.50423e-05 -1.56967e-05 0.814384 4.44674e-06 -0.580327 0.342692
-0.478755 3.64014e-06 -0.877949 -0.746946 3.78637e-05 1 -1.65013e-05 -2.55619e-05 0.877949 -4.11425e-05 -0.478755 0.353051
-0.377241 -1.6391e-06 -0.926115 -0.775995 3.98546e-05 1 -1.80041e-05 -2.62096e-05 0.926115 -4.37018e-05 -0.377241 0.356759
-0.331659 -2.3627e-05 -0.943399 -0.804116 -1.28785e-05 1 -2.0517e-05 -1.74826e-05 0.943399 5.34488e-06 -0.331659 0.351716
-0.308258 -2.36165e-05 -0.951303 -0.832991 -1.24131e-05 1 -2.08031e-05 -1.80759e-05 0.951303 5.3959e-06 -0.308258 0.343464
-0.290772 -2.1889e-05 -0.956792 -0.877198 -1.07268e-05 1 -1.96176e-05 -1.88563e-05 0.956792 4.5591e-06 -0.290772 0.329162
-0.28231 -2.17706e-05 -0.959323 -0.912137 -1.06376e-05 1 -1.95633e-05 -1.9562e-05 0.959323 4.68196e-06 -0.28231 0.317233
-0.278506 -9.70612e-06 -0.960435 -0.934475 3.30193e-05 1 -1.96809e-05 -2.80176e-05 0.960435 -3.71941e-05 -0.278506 0.309303
-0.273964 -2.19729e-05 -0.96174 -0.949418 -1.04047e-05 1 -1.98831e-05 -2.03303e-05 0.96174 4.5594e-06 -0.273964 0.304356
-0.234281 -2.18398e-05 -0.972169 -0.965219 -9.60565e-06 1 -2.01502e-05 -2.06661e-05 0.972169 4.6175e-06 -0.234281 0.305362
-0.166343 -5.00786e-05 -0.986068 -0.979954 -3.88279e-05 1 -4.42361e-05 -3.00333e-05 0.986068 3.09286e-05 -0.166343 0.311764
-0.091759 -2.19679e-05 -0.995781 -0.991519 -6.54853e-06 1 -2.14576e-05 -2.13332e-05 0.995781 4.55198e-06 -0.091759 0.320497
0.00578488 -1.77388e-05 -0.999983 -1.00382 1.76873e-05 1 -1.76368e-05 -2.57782e-05 0.999983 -1.75849e-05 0.00578488 0.333248
0.0614548 -2.17388e-05 -0.99811 -1.02368 -3.26657e-06 1 -2.19811e-05 -2.21017e-05 0.99811 4.61124e-06 0.0614548 0.340689
0.0881421 -2.34516e-05 -0.996108 -1.05047 2.89445e-05 1 -2.0982e-05 -2.81585e-05 0.996108 -2.69824e-05 0.0881421 0.344855
0.102864 -2.17313e-05 -0.994695 -1.08384 -2.34799e-06 1 -2.20901e-05 -2.34461e-05 0.994695 4.60782e-06 0.102864 0.348319
0.112761 -3.04076e-05 -0.993622 -1.13595 -1.38358e-05 1 -3.2173e-05 -2.53565e-05 0.993622 1.73754e-05 0.112761 0.353077
0.116954 -1.58981e-05 -0.993137 -1.18769 -5.02866e-05 1 -2.19298e-05 -2.88197e-05 0.993137 5.25063e-05 0.116954 0.357877
0.118689 -2.3257e-05 -0.992931 -1.22201 -3.47556e-06 1 -2.3838e-05 -2.66599e-05 0.992931 6.28031e-06 0.118689 0.361027
0.1197 -7.79299e-06 -0.99281 -1.26283 1.54352e-05 1 -5.98845e-06 -2.57469e-05 0.99281 -1.46074e-05 0.1197 0.365068
0.120237 -2.19057e-05 -0.992745 -1.3137 -1.98199e-06 1 -2.23059e-05 -2.85609e-05 0.992745 4.6496e-06 0.120237 0.370473
0.120449 -1.05797e-05 -0.992719 -1.35867 1.09116e-05 1 -9.33335e-06 -2.81166e-05 0.992719 -9.70799e-06 0.120449 0.375455
0.121864 9.27263e-06 -0.992547 -1.40549 -1.88361e-06 1 9.11099e-06 -3.05916e-05 0.992547 7.59261e-07 0.121864 0.380984
0.162975 -2.18624e-05 -0.98663 -1.45282 -8.08092e-07 1 -2.22921e-05 -3.16741e-05 0.98663 4.43034e-06 0.162975 0.392969
0.238066 -2.58329e-05 -0.971249 -1.48691 3.91323e-06 1 -2.56384e-05 -3.31824e-05 0.971249 2.30291e-06 0.238066 0.409162
0.302629 -1.71552e-05 -0.953108 -1.50499 -2.0826e-05 1 -2.46118e-05 -3.52998e-05 0.953108 2.72977e-05 0.302629 0.422125
0.405151 7.98052e-06 -0.91425 -1.52362 4.543e-06 1 1.07423e-05 -3.3428e-05 0.91425 -8.50569e-06 0.405151 0.442244
0.486412 -2.84188e-05 -0.87373 -1.53301 1.15611e-05 1 -2.60896e-05 -3.4735e-05 0.87373 2.589e-06 0.486412 0.458237
0.532829 -4.49273e-05 -0.846223 -1.53939 5.1176e-05 1 -2.08684e-05 -4.18998e-05 0.846223 -3.2187e-05 0.532829 0.467633
0.554566 -3.46127e-05 -0.83214 -1.54373 1.73784e-05 1 -3.00132e-05 -3.58654e-05 0.83214 2.18298e-06 0.554566 0.472143
0.56969 -2.20968e-05 -0.821859 -1.54733 9.36571e-06 1 -2.03943e-05 -3.40458e-05 0.821859 3.92114e-06 0.56969 0.475307
0.608399 -2.17062e-05 -0.793631 -1.54836 9.64293e-06 1 -1.99582e-05 -3.41514e-05 0.793631 4.48962e-06 0.608399 0.483149
0.658597 -2.17336e-05 -0.752496 -1.54705 1.08138e-05 1 -1.94176e-05 -3.41972e-05 0.752496 4.65105e-06 0.658597 0.493461
0.720086 -2.50482e-05 -0.693884 -1.54338 1.4839e-05 1 -2.06991e-05 -3.46264e-05 0.693884 4.60855e-06 0.720086 0.506491
0.774979 1.72331e-05 -0.631987 -1.53828 -1.78127e-05 1 5.42511e-06 -3.62111e-05 0.631987 7.05302e-06 0.774979 0.518626
0.831797 -5.73509e-05 -0.55508 -1.53084 4.41283e-05 1 -3.7193e-05 -4.56561e-05 0.55508 6.44232e-06 0.831797 0.531892
0.886588 -4.61312e-05 -0.46256 -1.52073 3.8915e-05 1 -2.51417e-05 -4.11578e-05 0.46256 4.28981e-06 0.886588 0.545717
0.924182 -2.16241e-05 -0.381953 -1.51115 1.82303e-05 1 -1.25042e-05 -3.36671e-05 0.381953 4.59303e-06 0.924182 0.556184
0.960342 -2.17086e-05 -0.278826 -1.49817 1.95408e-05 1 -1.05541e-05 -3.34789e-05 0.278826 4.68708e-06 0.960342 0.568115
0.984594 -6.42575e-05 -0.174856 -1.48776 6.3259e-05 1 -1.12839e-05 -4.21093e-05 0.174856 4.88762e-08 0.984594 0.591548
0.993758 -4.42062e-05 -0.111561 -1.48517 4.25143e-05 1 -1.75446e-05 -4.05585e-05 0.111561 1.26921e-05 0.993758 0.62569
0.996206 -2.16585e-05 -0.0870283 -1.48665 2.1189e-05 1 -6.31755e-06 -3.35773e-05 0.0870283 4.44954e-06 0.996206 0.655715
0.997706 -2.16263e-05 -0.0676954 -1.49095 2.1274e-05 1 -5.92594e-06 -3.38955e-05 0.0676954 4.4722e-06 0.997706 0.705964
0.998199 -2.19808e-05 -0.0599854 -1.4944 2.16004e-05 1 -6.99031e-06 -3.42095e-05 0.0599854 5.68202e-06 0.998199 0.740326
0.998413 -2.16239e-05 -0.0563207 -1.49761 2.13366e-05 1 -5.70265e-06 -3.43637e-05 0.0563207 4.4919e-06 0.998413 0.774853
0.998532 -1.77505e-05 -0.0541694 -1.50126 1.72381e-05 1 -9.9274e-06 -3.50424e-05 0.0541694 8.97905e-06 0.998532 0.818889
0.998581 -2.16836e-05 -0.0532465 -1.50416 2.14107e-05 1 -5.69655e-06 -3.4905e-05 0.0532465 4.54843e-06 0.998581 0.857341
0.998618 -2.16198e-05 -0.0525476 -1.50841 2.13556e-05 1 -5.58999e-06 -3.52251e-05 0.0525476 4.46009e-06 0.998618 0.918923
0.99863 -5.0698e-05 -0.0523249 -1.51118 4.93807e-05 1 -2.64686e-05 -4.68979e-05 0.0523249 2.38485e-05 0.99863 0.961904
0.998639 -2.17329e-05 -0.0521579 -1.51556 2.14722e-05 1 -5.55979e-06 -3.58887e-05 0.0521579 4.43228e-06 0.998639 1.03405
0.998641 -2.24099e-05 -0.0521124 -1.51854 2.21113e-05 1 -6.3077e-06 -3.6346e-05 0.0521124 5.14686e-06 0.998641 1.08521
0.998642 2.07374e-07 -0.0520922 -1.5218 -2.66085e-07 1 -1.12012e-06 -3.82444e-05 0.0520922 1.13246e-06 0.998642 1.14287
0.998643 -2.15487e-05 -0.052087 -1.52534 2.12814e-05 1 -5.68714e-06 -3.69053e-05 0.052087 4.57094e-06 0.998643 1.20701
0.998642 -2.17965e-05 -0.0520882 -1.52822 2.15308e-05 1 -5.66042e-06 -3.71786e-05 0.0520882 4.53123e-06 0.998642 1.2599
0.998642 -2.16474e-05 -0.0520916 -1.5314 2.13864e-05 1 -5.56728e-06 -3.75092e-05 0.0520916 4.44567e-06 0.998642 1.31897
0.998642 -2.16193e-05 -0.0520953 -1.53456 2.13547e-05 1 -5.63588e-06 -3.78613e-05 0.0520953 4.51574e-06 0.998642 1.37827
0.998642 -2.16091e-05 -0.0520983 -1.53739 2.13483e-05 1 -5.56152e-06 -3.81379e-05 0.0520983 4.44175e-06 0.998642 1.4318
0.998642 -2.16359e-05 -0.0521018 -1.54054 2.13729e-05 1 -5.60388e-06 -3.84822e-05 0.0521018 4.48271e-06 0.998642 1.49138
0.998641 -6.4756e-05 -0.0521079 -1.54399 6.43102e-05 1 -1.02312e-05 -4.81078e-05 0.0521079 6.86622e-06 0.998641 1.55703
0.998641 -2.16199e-05 -0.0521109 -1.5468 2.13559e-05 1 -5.62343e-06 -3.91518e-05 0.0521109 4.50292e-06 0.998641 1.61081
0.998641 -1.09572e-05 -0.052113 -1.54991 1.12006e-05 1 4.37875e-06 -3.70855e-05 0.052113 -4.9565e-06 0.998641 1.6702
0.999004 -2.16294e-05 -0.0446157 -1.55186 2.14095e-05 1 -5.40685e-06 -3.97827e-05 0.0446157 4.44627e-06 0.999004 1.72995
0.999956 -2.15978e-05 -0.00934293 -1.54777 2.15549e-05 1 -4.6882e-06 -3.9828e-05 0.00934293 4.48661e-06 0.999956 1.75798
0.997735 -1.54928e-05 0.0672639 -1.53714 1.61255e-05 1 -8.86257e-06 -4.01668e-05 -0.0672639 9.92716e-06 0.997735 1.78826
0.988456 -2.3607e-05 0.151508 -1.52431 2.4409e-05 1 -3.43334e-06 -4.00067e-05 -0.151508 7.09185e-06 0.988456 1.81019
0.973242 -4.72518e-05 0.229782 -1.50994 4.62296e-05 1 9.83154e-06 -4.37772e-05 -0.229782 1.05428e-06 0.973242 1.83643
0.958981 -2.15772e-05 0.283469 -1.49615 2.19526e-05 1 1.85223e-06 -3.92074e-05 -0.283469 4.44662e-06 0.958981 1.87249
0.950437 -1.36658e-05 0.310917 -1.48342 9.75455e-06 1 1.41348e-05 -3.65761e-05 -0.310917 -1.04014e-05 0.950437 1.91414
0.946288 -1.4845e-05 0.323325 -1.47157 1.3274e-05 1 7.06413e-06 -3.70437e-05 -0.323325 -2.3929e-06 0.946288 1.95524
0.950871 -2.15504e-05 0.309589 -1.45866 2.18747e-05 1 2.42396e-06 -3.90332e-05 -0.309589 4.46728e-06 0.950871 2.01224
0.957172 -2.16009e-05 0.28952 -1.4547 2.19936e-05 1 1.89726e-06 -3.90633e-05 -0.28952 4.55158e-06 0.957172 2.03907
0.970751 -2.16989e-05 0.240088 -1.4531 2.21212e-05 1 9.35977e-07 -3.91589e-05 -0.240088 4.40244e-06 0.970751 2.07464
0.980584 -2.15846e-05 0.196098 -1.45514 2.20412e-05 1 -1.46261e-07 -3.93122e-05 -0.196098 4.46565e-06 0.980584 2.0927
0.988777 2.21359e-05 0.149396 -1.45894 -2.22098e-05 1 -1.17376e-06 -4.23035e-05 -0.149396 -2.15747e-06 0.988777 2.10499
0.994363 -2.16606e-05 0.106028 -1.46335 2.20033e-05 1 -2.06256e-06 -3.95581e-05 -0.106028 4.38389e-06 0.994363 2.11235
0.998375 -2.17883e-05 0.0569885 -1.46897 2.2011e-05 1 -3.2813e-06 -3.97054e-05 -0.0569885 4.53034e-06 0.998375 2.11744
0.999972 -2.16473e-05 0.00746266 -1.47506 2.16798e-05 1 -4.27578e-06 -3.98522e-05 -0.00746266 4.43746e-06 0.999972 2.12094
0.999478 -2.17101e-05 -0.0323131 -1.48012 2.1556e-05 1 -5.11529e-06 -4.00083e-05 0.0323131 4.41608e-06 0.999478 2.13141
0.996644 -1.2588e-05 -0.0818622 -1.48712 1.12776e-05 1 -1.64709e-05 -4.12144e-05 0.0818622 1.54924e-05 0.996644 2.15526
0.993276 -2.16452e-05 -0.115774 -1.49309 2.09805e-05 1 -6.96026e-06 -4.05483e-05 0.115774 4.48446e-06 0.993276 2.18903
0.990625 -2.17239e-05 -0.136612 -1.49973 2.09218e-05 1 -7.30746e-06 -4.09343e-05 0.136612 4.38078e-06 0.990625 2.24401
0.989659 -7.4847e-05 -0.143442 -1.50465 7.45216e-05 1 -7.64112e-06 -5.11342e-05 0.143442 -3.12743e-06 0.989659 2.28701
0.989066 -2.17075e-05 -0.147471 -1.5107 2.08046e-05 1 -7.66497e-06 -4.15998e-05 0.147471 4.51309e-06 0.989066 2.338
0.988759 -1.67803e-05 -0.149518 -1.5174 2.07086e-05 1 2.4716e-05 -4.19792e-05 0.149518 -2.75345e-05 0.988759 2.39139
0.988603 -2.16666e-05 -0.150545 -1.52466 2.07367e-05 1 -7.74644e-06 -4.23896e-05 0.150545 4.53634e-06 0.988603 2.44648
0.988531 -4.94806e-05 -0.151017 -1.53159 5.16645e-05 1 1.05377e-05 -4.90811e-05 0.151017 -1.8219e-05 0.988531 2.49709
0.988488 -4.39997e-05 -0.151297 -1.54045 4.46781e-05 1 1.08435e-06 -4.76319e-05 0.151297 -7.83152e-06 0.988488 2.5599
0.988472 -1.65231e-05 -0.151402 -1.54795 1.46218e-05 1 -1.36714e-05 -4.4199e-05 0.151402 1.13001e-05 0.988472 2.61185
0.988463 -6.43931e-05 -0.151462 -1.55907 6.34412e-05 1 -1.11168e-05 -5.30732e-05 0.151462 1.37955e-06 0.988463 2.68751
0.988461 -7.40405e-05 -0.151474 -1.56604 7.37092e-05 1 -7.80186e-06 -5.4321e-05 0.151474 -3.45322e-06 0.988461 2.73433
0.988461 -2.15882e-05 -0.151478 -1.57484 2.06621e-05 1 -7.68769e-06 -4.50236e-05 0.151478 4.46912e-06 0.988461 2.79306
0.988461 -2.19078e-05 -0.151475 -1.58372 2.10334e-05 1 -7.37508e-06 -4.54414e-05 0.151475 4.10394e-06 0.988461 2.85194
0.988462 -4.4081e-05 -0.151471 -1.59265 4.47893e-05 1 1.2642e-06 -5.03529e-05 0.151471 -8.03391e-06 0.988462 2.91095
0.988462 -2.16538e-05 -0.151467 -1.60163 2.07212e-05 1 -7.73571e-06 -4.63949e-05 0.151467 4.50787e-06 0.988462 2.97004
0.988463 -2.11248e-05 -0.151463 -1.61064 2.00785e-05 1 -8.43712e-06 -4.69149e-05 0.151463 5.29862e-06 0.988463 3.02919
0.988463 -2.65936e-05 -0.151461 -1.61876 2.0704e-05 1 -4.04624e-05 -5.70919e-05 0.151461 3.68598e-05 0.988463 3.08246
0.988464 -2.16513e-05 -0.151458 -1.62781 2.07247e-05 1 -7.6964e-06 -4.77221e-05 0.151458 4.46869e-06 0.988464 3.14169
0.988892 -2.15475e-05 -0.148634 -1.63735 2.06324e-05 1 -7.69906e-06 -4.82275e-05 0.148634 4.54688e-06 0.988892 3.2071
0.993412 -2.16311e-05 -0.114601 -1.64039 2.09735e-05 1 -6.94391e-06 -4.85333e-05 0.114601 4.49458e-06 0.993412 3.26319
0.998839 -5.26113e-06 -0.0481732 -1.63872 5.00346e-06 1 -5.46948e-06 -5.04392e-05 0.0481732 5.22209e-06 0.998839 3.32699
0.999068 -3.35017e-05 0.0431727 -1.63158 3.41804e-05 1 -1.4982e-05 -5.13838e-05 -0.0431727 1.64437e-05 0.999068 3.38383
0.990353 -6.47027e-05 0.138565 -1.62131 6.55347e-05 1 -1.44237e-06 -5.68468e-05 -0.138565 1.05092e-05 0.990353 3.42404
0.984071 1.66056e-05 0.177773 -1.61734 -1.67944e-05 1 -4.42713e-07 -5.1343e-05 -0.177773 -2.54993e-06 0.984071 3.44237
0.977274 -4.05919e-05 0.211979 -1.61464 4.3893e-05 1 -1.08667e-05 -5.61982e-05 -0.211979 1.99242e-05 0.977274 3.46331
0.972203 -1.41015e-05 0.234141 -1.61323 2.21535e-05 1 -3.17594e-05 -5.86717e-05 -0.234141 3.60636e-05 0.972203 3.47882
0.959056 -3.13983e-05 0.283216 -1.60618 2.19922e-05 1 3.63909e-05 -4.88153e-05 -0.283216 -2.86724e-05 0.959056 3.48841
0.938196 -7.09301e-05 0.346104 -1.59612 7.41869e-05 1 3.83767e-06 -5.80529e-05 -0.346104 2.20759e-05 0.938196 3.49469
0.908877 -2.16472e-05 0.417064 -1.58413 2.15054e-05 1 5.03856e-06 -4.83628e-05 -0.417064 4.38971e-06 0.908877 3.4987
0.861935 -2.16669e-05 0.507019 -1.56816 2.08795e-05 1 7.23865e-06 -4.8022e-05 -0.507019 4.34705e-06 0.861935 3.50066
0.814977 -2.16777e-05 0.579493 -1.55469 2.01844e-05 1 9.02159e-06 -4.7724e-05 -0.579493 4.34429e-06 0.814977 3.50003
0.754494 -2.1746e-05 0.656307 -1.53973 1.92165e-05 1 1.10425e-05 -4.74012e-05 -0.656307 4.28037e-06 0.754494 3.49721
0.687009 -2.17928e-05 0.726649 -1.52531 5.36493e-06 1 2.49186e-05 -4.42488e-05 -0.726649 -1.32209e-05 0.687009 3.49245
0.639514 -2.21713e-05 0.76878 -1.51643 1.75543e-05 1 1.42369e-05 -4.68539e-05 -0.76878 4.39072e-06 0.639514 3.4888
0.610391 -2.18223e-05 0.7921 -1.51159 1.70038e-05 1 1.44468e-05 -4.67269e-05 -0.7921 4.65054e-06 0.610391 3.48677
0.601268 1.50799e-06 0.799048 -1.51021 -2.21428e-05 1 1.47748e-05 -4.91875e-05 -0.799048 -2.65768e-05 0.601268 3.48627
0.59222 -2.18205e-05 0.805776 -1.50897 1.65113e-05 1 1.49448e-05 -4.66804e-05 -0.805776 4.45377e-06 0.59222 3.48597
