1 0 0 1.38778e-17 0 1 -4.6653e-22 0 0 1.0257e-21 1 -2.77556e-17
1 -2.15797e-05 4.55542e-08 -3.74981e-07 2.15797e-05 1 -4.58905e-06 1.70639e-06 -4.54552e-08 4.58905e-06 1 1.05961e-07
1 -2.16156e-05 9.09036e-08 5.82145e-07 2.16156e-05 1 -4.43888e-06 1.73088e-06 -9.08076e-08 4.43888e-06 1 2.81496e-07
1 -5.1907e-06 1.10876e-07 2.20017e-06 5.1907e-06 1 1.02358e-05 5.07371e-06 -1.10929e-07 -1.02358e-05 1 -1.90214e-08
1 -2.15791e-05 9.36368e-08 2.69031e-06 2.15791e-05 1 -4.61198e-06 1.72462e-06 -9.35373e-08 4.61199e-06 1 1.41057e-06
1 -1.16916e-05 8.24292e-08 4.98194e-06 1.16916e-05 1 -1.43659e-05 1.03769e-06 -8.22612e-08 1.43659e-05 1 2.10701e-06
1 -8.64652e-06 8.82563e-08 6.55897e-06 8.64652e-06 1 7.43879e-06 4.44419e-06 -8.83206e-08 -7.43879e-06 1 1.43256e-06
1 -2.16074e-05 1.27572e-07 7.49383e-06 2.16074e-05 1 -4.50185e-06 1.72402e-06 -1.27475e-07 4.50185e-06 1 2.53941e-06
1 -2.15471e-05 1.6892e-07 8.97739e-06 2.15471e-05 1 -4.38446e-06 1.74961e-06 -1.68826e-07 4.38446e-06 1 3.12171e-06
1 -2.16581e-05 1.88148e-07 1.05814e-05 2.16581e-05 1 -4.52985e-06 1.71205e-06 -1.8805e-07 4.52986e-06 1 2.83357e-06
1 -2.16265e-05 2.14116e-07 1.25085e-05 2.16265e-05 1 -4.41158e-06 1.72724e-06 -2.1402e-07 4.41159e-06 1 2.3659e-06
1 -2.17792e-05 2.33456e-07 1.43502e-05 2.17792e-05 1 -4.34613e-06 1.7411e-06 -2.33361e-07 4.34613e-06 1 0.000883097
1 -6.49226e-05 2.65156e-07 1.37274e-05 6.49226e-05 1 -5.91824e-06 -6.72599e-06 -2.64772e-07 5.91826e-06 1 0.0145456
1 -2.14527e-05 3.06525e-07 1.76369e-05 2.14527e-05 1 -4.58298e-06 1.52301e-06 -3.06427e-07 4.58299e-06 1 0.0379888
1 -2.15701e-05 3.43162e-07 1.94307e-05 2.15701e-05 1 -4.32776e-06 1.40464e-06 -3.43068e-07 4.32776e-06 1 0.0730698
1 -2.15455e-05 3.90814e-07 2.14381e-05 2.15455e-05 1 -4.50551e-06 1.21024e-06 -3.90717e-07 4.50552e-06 1 0.114689
1 -2.16055e-05 4.09612e-07 2.39389e-05 2.16055e-05 1 -4.52718e-06 1.05842e-06 -4.09514e-07 4.52718e-06 1 0.149995
1 -2.16127e-05 4.22144e-07 2.69463e-05 2.16127e-05 1 -4.40952e-06 8.95319e-07 -4.22049e-07 4.40953e-06 1 0.187301
1 -4.96098e-05 4.84936e-07 2.80754e-05 4.96099e-05 1 -2.58364e-05 -1.08568e-05 -4.83654e-07 2.58365e-05 1 0.235567
1 -2.16638e-05 5.29854e-07 3.15316e-05 2.16638e-05 1 -4.43194e-06 5.11814e-07 -5.29757e-07 4.43195e-06 1 0.274131
1 -2.19161e-05 5.75178e-07 3.49579e-05 2.19161e-05 1 -5.06037e-06 1.23306e-07 -5.75067e-07 5.06038e-06 1 0.341198
1 -2.16102e-05 6.19484e-07 3.75505e-05 2.16102e-05 1 -4.4692e-06 -5.85759e-08 -6.19388e-07 4.46921e-06 1 0.400959
1 -2.16113e-05 6.44121e-07 3.98471e-05 2.16113e-05 1 -4.49812e-06 -2.82395e-07 -6.44024e-07 4.49814e-06 1 0.451283
1 -2.61393e-05 6.61588e-07 4.18453e-05 2.61393e-05 1 -8.78218e-06 -1.41083e-06 -6.61358e-07 8.7822e-06 1 0.502544
1 -2.15816e-05 7.00433e-07 4.42245e-05 2.15816e-05 1 -4.5172e-06 -7.59367e-07 -7.00335e-07 4.51722e-06 1 0.560309
1 -2.16586e-05 7.35734e-07 4.59906e-05 2.16585e-05 1 2.64506e-05 -9.97476e-07 -7.36307e-07 -2.64506e-05 1 0.612833
1 -2.1619e-05 7.78896e-07 4.78404e-05 2.16191e-05 1 -4.51926e-06 -1.26369e-06 -7.78798e-07 4.51928e-06 1 0.671633
1 1.80882e-07 8.03886e-07 5.16555e-05 -1.80882e-07 1 5.18377e-07 -3.26111e-06 -8.03886e-07 -5.18378e-07 1 0.736693
1 -8.38434e-06 8.23203e-07 5.32953e-05 8.38433e-06 1 8.23211e-06 1.141e-06 -8.23272e-07 -8.2321e-06 1 0.790139
1 -2.16429e-05 8.54268e-07 5.4576e-05 2.16429e-05 1 -4.41907e-06 -2.02418e-06 -8.54173e-07 4.41908e-06 1 0.843728
1 -2.17518e-05 9.111e-07 5.72324e-05 2.17518e-05 1 -4.401e-06 -2.35935e-06 -9.11004e-07 4.40102e-06 1 0.92131
1 -3.83374e-06 9.7045e-07 5.98215e-05 3.83377e-06 1 -2.24991e-05 -3.87089e-06 -9.70364e-07 2.24991e-05 1 0.981092
1 -2.13959e-05 1.0038e-06 6.05215e-05 2.13959e-05 1 -4.70822e-06 -2.87287e-06 -1.0037e-06 4.70824e-06 1 1.04093
1 -2.22018e-05 1.012e-06 6.25488e-05 2.22018e-05 1 1.85295e-05 -3.14183e-06 -1.01241e-06 -1.85294e-05 1 1.10082
1 -2.16873e-05 1.04957e-06 6.44865e-05 2.16873e-05 1 -4.49149e-06 -3.45019e-06 -1.04947e-06 4.49152e-06 1 1.16074
1 -2.63882e-05 1.08008e-06 6.60649e-05 2.63883e-05 1 -9.02053e-06 -4.63703e-06 -1.07984e-06 9.02055e-06 1 1.21468
1 -2.16328e-05 1.09566e-06 6.88075e-05 2.16328e-05 1 -4.39712e-06 -3.94741e-06 -1.09557e-06 4.39714e-06 1 1.27464
1 -2.15814e-05 1.14867e-06 7.05295e-05 2.15815e-05 1 -4.51751e-06 -4.20606e-06 -1.14857e-06 4.51754e-06 1 1.33461
1 -2.15969e-05 1.17597e-06 7.25388e-05 2.1597e-05 1 -4.52162e-06 -4.48102e-06 -1.17588e-06 4.52165e-06 1 1.39458
1 -1.00904e-05 1.25769e-06 7.45139e-05 1.00904e-05 1 6.50543e-06 -2.22615e-06 -1.25776e-06 -6.50542e-06 1 1.45457
1 -2.15726e-05 1.29663e-06 7.50749e-05 2.15726e-05 1 -4.40176e-06 -4.94652e-06 -1.29653e-06 4.40178e-06 1 1.50256
1 -2.15806e-05 1.34592e-06 7.66656e-05 2.15806e-05 1 -4.6092e-06 -5.27958e-06 -1.34582e-06 4.60923e-06 1 1.56855
1 -2.14297e-05 1.37791e-06 7.82404e-05 2.14298e-05 1 -4.02982e-06 -5.49964e-06 -1.37783e-06 4.02985e-06 1 1.62854
1 -2.16114e-05 1.40153e-06 8.01966e-05 2.16114e-05 1 -4.46155e-06 -5.84067e-06 -1.40143e-06 4.46158e-06 1 1.70054
1 -2.22018e-05 1.40431e-06 8.22765e-05 2.22018e-05 1 1.85295e-05 -6.10523e-06 -1.40472e-06 -1.85295e-05 1 1.76653
1 -2.1686e-05 1.41458e-06 8.3266e-05 2.1686e-05 1 -4.44446e-06 -6.27233e-06 -1.41449e-06 4.44449e-06 1 1.79653
1 -2.12872e-05 1.47123e-06 8.51086e-05 2.12872e-05 1 -4.96885e-06 -6.63716e-06 -1.47112e-06 4.96888e-06 1 1.86853
1 -2.19584e-05 1.52283e-06 8.68624e-05 2.19584e-05 1 -4.49258e-06 -6.89987e-06 -1.52273e-06 4.49262e-06 1 1.94053
1 -2.15941e-05 1.54818e-06 8.88549e-05 2.15941e-05 1 -4.41237e-06 -7.20029e-06 -1.54808e-06 4.4124e-06 1 2.00653
1 -2.15784e-05 1.56272e-06 9.03602e-05 2.15784e-05 1 -4.57238e-06 -7.42505e-06 -1.56263e-06 4.57242e-06 1 2.05453
1 -2.15779e-05 1.56153e-06 9.23418e-05 2.15779e-05 1 -4.44515e-06 -7.65101e-06 -1.56143e-06 4.44519e-06 1 2.10853
1 -2.01464e-05 1.58564e-06 9.48877e-05 2.01464e-05 1 -6.20023e-06 -8.12115e-06 -1.58551e-06 6.20026e-06 1 2.17453
1 -2.16581e-05 1.63128e-06 9.68966e-05 2.16581e-05 1 -4.53058e-06 -8.26145e-06 -1.63118e-06 4.53062e-06 1 2.24053
1 -2.19608e-05 1.65198e-06 9.82016e-05 2.19608e-05 1 -4.496e-06 -8.4236e-06 -1.65188e-06 4.49603e-06 1 2.28253
1 1.70196e-05 1.68932e-06 0.000102284 -1.70196e-05 1 -4.41684e-06 -1.11899e-05 -1.6894e-06 4.41681e-06 1 2.34253
1 -2.15969e-05 1.68144e-06 0.000102939 2.1597e-05 1 -4.52161e-06 -8.99456e-06 -1.68135e-06 4.52164e-06 1 2.40853
1 -3.90153e-05 1.7241e-06 0.000104455 3.90153e-05 1 1.18698e-05 -7.58414e-06 -1.72457e-06 -1.18697e-05 1 2.48053
1 -2.16429e-05 1.77264e-06 0.000106477 2.16429e-05 1 2.92603e-05 -9.49871e-06 -1.77328e-06 -2.92603e-05 1 2.52253
1 -2.1743e-05 1.813e-06 0.00010876 2.17431e-05 1 -4.46649e-06 -9.82855e-06 -1.81291e-06 4.46652e-06 1 2.59453
1 -2.3864e-05 1.8311e-06 0.000111236 2.3864e-05 1 -6.17529e-06 -1.05136e-05 -1.83095e-06 6.17533e-06 1 2.66053
1 -2.12608e-05 1.85115e-06 0.000113215 2.12608e-05 1 -4.32367e-06 -1.02776e-05 -1.85106e-06 4.32371e-06 1 2.70853
1 -2.16271e-05 1.8688e-06 0.000115894 2.16271e-05 1 -4.50977e-06 -1.06173e-05 -1.8687e-06 4.50981e-06 1 2.77453
1 -4.26201e-05 1.88657e-06 0.000117083 4.26201e-05 1 -2.5215e-05 -1.51005e-05 -1.8855e-06 2.52151e-05 1 2.82853
1 -2.15898e-05 1.94619e-06 0.000120338 2.15898e-05 1 -4.56851e-06 -1.11306e-05 -1.94609e-06 4.56855e-06 1 2.88853
1 -4.76923e-05 1.97758e-06 0.000121051 4.76924e-05 1 -6.41798e-06 -1.66927e-05 -1.97728e-06 6.41808e-06 1 2.94253
1 -5.34878e-05 2.02949e-06 0.000123784 5.34878e-05 1 -3.38568e-06 -1.72346e-05 -2.02931e-06 3.38578e-06 1 3.02053
1 -2.16811e-05 1.98691e-06 0.000126914 2.16811e-05 1 -4.49696e-06 -1.19956e-05 -1.98682e-06 4.497e-06 1 3.08053
1 -2.23889e-05 1.9115e-06 0.000127964 2.23889e-05 1 -4.39253e-06 -1.21685e-05 -1.9114e-06 4.39257e-06 1 3.13453
1 -2.22018e-05 1.84343e-06 0.000129772 2.22018e-05 1 1.85298e-05 -1.24618e-05 -1.84384e-06 -1.85297e-05 1 3.19453
1 -2.1579e-05 1.83613e-06 0.000131486 2.1579e-05 1 -4.40895e-06 -1.27593e-05 -1.83603e-06 4.40899e-06 1 3.25453
1 -8.39597e-06 1.82906e-06 0.000134203 8.39595e-06 1 8.22213e-06 -1.00983e-05 -1.82912e-06 -8.22212e-06 1 3.31453
1 -2.83463e-05 2.42727e-06 0.000135226 2.83463e-05 1 -9.55637e-06 -1.28834e-05 -2.427e-06 9.55644e-06 1 3.36853
1 -2.16355e-05 3.19164e-06 0.000138589 2.16355e-05 1 -4.47243e-06 -1.3539e-05 -3.19154e-06 4.4725e-06 1 3.42853
1 -3.07527e-05 3.58678e-06 0.000140587 3.07527e-05 1 -1.3888e-05 -1.56823e-05 -3.58635e-06 1.38881e-05 1 3.48242
1 -2.98453e-05 3.85931e-06 0.000143258 2.98453e-05 1 -1.32883e-05 -1.56847e-05 -3.85891e-06 1.32884e-05 1 3.536
1 -2.15719e-05 4.04311e-06 0.00014579 2.15719e-05 1 -4.37031e-06 -1.41822e-05 -4.04301e-06 4.3704e-06 1 3.57341
1 -2.18849e-05 -0.000172112 0.000120136 2.18841e-05 1 -4.56423e-06 -1.42915e-05 0.000172112 4.56047e-06 1 3.59331
0.999704 -2.15706e-05 -0.0243355 -0.00362328 2.14578e-05 1 -4.89777e-06 -1.44487e-05 0.0243355 4.37413e-06 0.999704 3.61487
0.998443 -4.16659e-05 -0.0557733 -0.00841002 4.14107e-05 1 -5.73086e-06 -1.9041e-05 0.0557733 3.41233e-06 0.998443 3.62389
0.994788 -2.17478e-05 -0.101963 -0.0152875 2.11688e-05 1 -6.76107e-06 -1.47828e-05 0.101963 4.56739e-06 0.994788 3.63036
0.990385 -5.03142e-05 -0.138339 -0.0205855 5.01764e-05 1 -4.4835e-06 -2.02647e-05 0.138339 -2.50097e-06 0.990385 3.63271
0.979873 -2.27855e-05 -0.19962 -0.0292767 2.23515e-05 1 -4.42791e-06 -1.38145e-05 0.19962 -1.23009e-07 0.979873 3.63345
0.971314 -2.36073e-05 -0.2378 -0.0345481 2.15389e-05 1 -1.12962e-05 -1.54547e-05 0.2378 5.85022e-06 0.971314 3.63247
0.958392 -2.16657e-05 -0.285454 -0.0409737 1.9464e-05 1 -1.055e-05 -1.53295e-05 0.285454 4.555e-06 0.958392 3.63008
0.94304 -2.16571e-05 -0.332681 -0.047172 1.89342e-05 1 -1.14267e-05 -1.54514e-05 0.332681 4.4768e-06 0.94304 3.62667
0.929039 -2.21398e-05 -0.369981 -0.0519448 1.88642e-05 1 -1.24715e-05 -1.56073e-05 0.369981 4.60715e-06 0.929039 3.62335
0.909436 -2.16483e-05 -0.415844 -0.0576592 1.77913e-05 1 -1.31498e-05 -1.56451e-05 0.415844 4.56049e-06 0.909436 3.61859
0.878165 -2.16626e-05 -0.478357 -0.0651605 1.68349e-05 1 -1.43799e-05 -1.57701e-05 0.478357 4.57482e-06 0.878165 3.61102
0.863433 -2.85192e-05 -0.504463 -0.0681887 3.39084e-05 1 1.50344e-06 -1.41054e-05 0.504463 -1.84036e-05 0.863433 3.6075
0.828861 -2.16305e-05 -0.559454 -0.0743469 1.5414e-05 1 -1.58269e-05 -1.59194e-05 0.559454 4.49487e-06 0.828861 3.59941
0.805834 1.03541e-05 -0.592142 -0.0778534 -1.94287e-05 1 -8.95421e-06 -1.81878e-05 0.592142 1.87201e-05 0.805834 3.59416
0.772072 -2.16286e-05 -0.635535 -0.0823148 1.38051e-05 1 -1.72612e-05 -1.60357e-05 0.635535 4.55327e-06 0.772072 3.58665
0.739349 -2.16815e-05 -0.673323 -0.0859943 1.30255e-05 1 -1.78979e-05 -1.60778e-05 0.673323 4.46241e-06 0.739349 3.57956
0.708315 -2.17886e-05 -0.705897 -0.0889929 1.22814e-05 1 -1.8543e-05 -1.61054e-05 0.705897 4.4649e-06 0.708315 3.573
0.675846 -2.16105e-05 -0.737043 -0.0916887 1.12995e-05 1 -1.89593e-05 -1.61376e-05 0.737043 4.48534e-06 0.675846 3.56629
0.638167 3.86968e-06 -0.769898 -0.0943213 1.05339e-05 1 1.37578e-05 -1.61978e-05 0.769898 -1.68898e-05 0.638167 3.55868
0.578687 -2.83414e-05 -0.815549 -0.0975478 3.28761e-05 1 -1.14234e-05 -2.06033e-05 0.815549 -2.02015e-05 0.578687 3.54702
0.549796 -2.1713e-05 -0.835299 -0.0987497 8.11446e-06 1 -2.06533e-05 -1.61949e-05 0.835299 4.57708e-06 0.549796 3.54149
0.515953 -2.17842e-05 -0.856617 -0.0998858 7.33012e-06 1 -2.10154e-05 -1.62007e-05 0.856617 4.56387e-06 0.515953 3.53512
0.459224 -2.17377e-05 -0.888321 -0.101186 5.82268e-06 1 -2.14605e-05 -1.61868e-05 0.888321 4.68275e-06 0.459224 3.52469
0.414253 -2.1736e-05 -0.910162 -0.101722 4.83636e-06 1 -2.16803e-05 -1.61467e-05 0.910162 4.57924e-06 0.414253 3.51662
0.37289 -2.50571e-05 -0.927875 -0.101859 -2.52708e-06 1 -2.80204e-05 -1.67189e-05 0.927875 1.27934e-05 0.37289 3.50933
0.32605 -2.18418e-05 -0.945353 -0.101627 2.79173e-06 1 -2.21415e-05 -1.61179e-05 0.945353 4.58008e-06 0.32605 3.50124
0.283193 -2.17066e-05 -0.959063 -0.101072 1.78101e-06 1 -2.21073e-05 -1.60369e-05 0.959063 4.55253e-06 0.283193 3.49397
0.235546 -2.18178e-05 -0.971863 -0.100087 7.07724e-07 1 -2.22779e-05 -1.59865e-05 0.971863 4.55967e-06 0.235546 3.48604
0.202122 -1.75555e-05 -0.97936 -0.099132 -2.05063e-05 1 -2.21576e-05 -1.79529e-05 0.97936 2.45616e-05 0.202122 3.48068
0.18915 -2.12404e-05 -0.981948 -0.0986862 3.3032e-07 1 -2.15672e-05 -1.57342e-05 0.981948 3.75509e-06 0.18915 3.4787
0.179466 -2.09249e-05 -0.983764 -0.0983092 1.54162e-07 1 -2.12421e-05 -1.56707e-05 0.983764 3.66059e-06 0.179466 3.4773
0.174472 -2.5638e-05 -0.984662 -0.0996003 5.12906e-05 1 -1.69491e-05 -2.38698e-05 0.984662 -4.75468e-05 0.174472 3.47692
0.172613 -2.17436e-05 -0.98499 -0.112312 -6.74694e-07 1 -2.21932e-05 -1.61954e-05 0.98499 4.49539e-06 0.172613 3.47898
0.171503 -2.17605e-05 -0.985184 -0.138414 -8.02876e-07 1 -2.22276e-05 -1.67988e-05 0.985184 4.60308e-06 0.171503 3.48349
0.17093 -1.46696e-05 -0.985283 -0.173719 8.07682e-06 1 -1.34875e-05 -1.66062e-05 0.985283 -5.65253e-06 0.17093 3.48965
0.170635 -2.31667e-05 -0.985334 -0.214792 4.30024e-07 1 -2.34371e-05 -1.87658e-05 0.985334 3.57546e-06 0.170635 3.49682
0.170484 -2.30709e-05 -0.98536 -0.248927 -1.33633e-06 1 -2.36449e-05 -1.92216e-05 0.98536 5.34784e-06 0.170484 3.50278
0.170407 -2.17031e-05 -0.985374 -0.286391 -7.52788e-07 1 -2.21555e-05 -2.01204e-05 0.985374 4.51722e-06 0.170407 3.50931
0.169722 -3.79267e-05 -0.985492 -0.325299 -1.88958e-05 1 -4.17393e-05 -2.26709e-05 0.985492 2.57057e-05 0.169722 3.51597
0.149228 -5.4195e-05 -0.988803 -0.377016 -1.37412e-06 1 -5.50161e-05 -3.20162e-05 0.988803 9.56864e-06 0.149228 3.52162
0.122715 -2.18006e-05 -0.992442 -0.416515 -1.55651e-06 1 -2.21591e-05 -2.30168e-05 0.992442 4.264e-06 0.122715 3.52403
0.0734722 -2.18365e-05 -0.997297 -0.464696 -3.04552e-06 1 -2.212e-05 -2.40808e-05 0.997297 4.6625e-06 0.0734722 3.52429
0.0331747 -2.17265e-05 -0.99945 -0.500502 -3.88664e-06 1 -2.18674e-05 -2.48619e-05 0.99945 4.60995e-06 0.0331747 3.52305
-0.000325224 -2.17573e-05 -1 -0.555272 -4.473e-06 1 -2.17558e-05 -2.6059e-05 1 4.46592e-06 -0.000325224 3.52343
-0.0127205 -2.17108e-05 -0.999919 -0.60039 -4.75728e-06 1 -2.16521e-05 -2.70697e-05 0.999919 4.48146e-06 -0.0127205 3.52457
-0.020052 -2.17506e-05 -0.999799 -0.652423 -5.04624e-06 1 -2.16538e-05 -2.81926e-05 0.999799 4.61102e-06 -0.020052 3.52576
-0.0252153 -2.35066e-05 -0.999682 -0.693651 2.48565e-05 1 -2.4141e-05 -3.53009e-05 0.999682 -2.54574e-05 -0.0252153 3.5266
-0.0470575 -1.91931e-05 -0.998892 -0.722197 4.52067e-05 1 -2.1344e-05 -3.89223e-05 0.998892 -4.6161e-05 -0.0470575 3.52442
-0.0784086 -2.15683e-05 -0.996921 -0.73978 -6.06798e-06 1 -2.11576e-05 -3.00185e-05 0.996921 4.39036e-06 -0.0784086 3.52047
-0.124429 -2.60297e-05 -0.992229 -0.753755 -2.2591e-06 1 -2.59503e-05 -3.13643e-05 0.992229 -9.87421e-07 -0.124429 3.51436
-0.174548 -2.18263e-05 -0.984649 -0.761773 -8.3671e-06 1 -2.06833e-05 -3.04906e-05 0.984649 4.62843e-06 -0.174548 3.50763
-0.216852 -5.42954e-05 -0.976204 -0.765124 -9.11967e-06 1 -5.35931e-05 -4.03265e-05 0.976204 -2.71912e-06 -0.216852 3.50198
-0.269003 8.34935e-06 -0.963139 -0.766335 -1.02532e-05 1 1.15326e-05 -3.05301e-05 0.963139 1.29775e-05 -0.269003 3.49511
-0.306825 -3.35592e-05 -0.951766 -0.765705 1.73793e-05 1 -4.08626e-05 -4.21587e-05 0.951766 -2.90787e-05 -0.306825 3.4902
-0.358304 -1.20736e-05 -0.933605 -0.763256 -4.38045e-05 1 3.87925e-06 -3.25223e-05 0.933605 4.22861e-05 -0.358304 3.48367
-0.39519 -2.17104e-05 -0.918599 -0.760572 -1.28411e-05 1 -1.81099e-05 -3.03278e-05 0.918599 4.63901e-06 -0.39519 3.47909
-0.444955 -2.18732e-05 -0.895553 -0.755915 -1.37936e-05 1 -1.7571e-05 -3.02155e-05 0.895553 4.5346e-06 -0.444955 3.47306
-0.497769 -5.06788e-05 -0.867309 -0.749834 -1.47526e-05 1 -4.99653e-05 -3.98365e-05 0.867309 -1.20762e-05 -0.497769 3.46688
-0.540451 -2.18306e-05 -0.841376 -0.744136 -1.56901e-05 1 -1.58679e-05 -2.98982e-05 0.841376 4.62548e-06 -0.540451 3.46208
-0.577726 -2.29794e-05 -0.816231 -0.738615 1.20793e-05 1 -3.67028e-05 -4.14247e-05 0.816231 -3.10636e-05 -0.577726 3.45802
-0.613839 -2.2275e-05 -0.789431 -0.732782 -1.47449e-05 1 -1.67514e-05 -3.00703e-05 0.789431 1.35741e-06 -0.613839 3.45424
-0.652512 -2.18709e-05 -0.757778 -0.725991 -1.77242e-05 1 -1.35998e-05 -2.94445e-05 0.757778 4.55696e-06 -0.652512 3.45038
-0.696765 -2.2037e-05 -0.717299 -0.717484 -1.86217e-05 1 -1.26337e-05 -2.92732e-05 0.717299 4.5546e-06 -0.696765 3.44621
-0.721434 -2.78686e-05 -0.692483 -0.712369 -2.31014e-05 1 -1.61771e-05 -2.95453e-05 0.692483 4.32665e-06 -0.721434 3.44402
-0.768094 -2.78446e-05 -0.640337 -0.701858 -2.3886e-05 1 -1.48327e-05 -2.92992e-05 0.640337 3.90215e-06 -0.768094 3.4402
-0.796119 -2.17753e-05 -0.60514 -0.694937 -1.99427e-05 1 -9.74732e-06 -2.87443e-05 0.60514 4.30812e-06 -0.796119 3.43814
-0.833742 -2.19206e-05 -0.552155 -0.684761 -2.08387e-05 1 -8.23412e-06 -2.84916e-05 0.552155 4.64104e-06 -0.833742 3.43573
-0.849928 -2.77086e-05 -0.526899 -0.680007 -2.51639e-05 1 -1.19968e-05 -2.87992e-05 0.526899 3.06243e-06 -0.849928 3.43485
-0.872769 -2.17553e-05 -0.488134 -0.672823 -2.10918e-05 1 -6.85675e-06 -2.82431e-05 0.488134 4.31128e-06 -0.872769 3.43378
-0.898282 -2.19607e-05 -0.439419 -0.66398 -2.16987e-05 1 -5.61917e-06 -2.8025e-05 0.439419 4.48723e-06 -0.898282 3.43293
-0.91714 -2.19514e-05 -0.398566 -0.656713 -2.19719e-05 1 -4.51646e-06 -2.78665e-05 0.398566 4.61505e-06 -0.91714 3.4326
-0.937663 -2.22019e-05 -0.347547 -0.647816 -2.23691e-05 1 -3.53106e-06 -2.76347e-05 0.347547 4.46339e-06 -0.937663 3.43263
-0.950811 -2.19639e-05 -0.309773 -0.641352 -2.2266e-05 1 -2.56059e-06 -2.75321e-05 0.309773 4.46276e-06 -0.950811 3.43297
-0.967675 -2.18761e-05 -0.252202 -0.63169 -2.2306e-05 1 -1.15432e-06 -2.7317e-05 0.252202 4.5086e-06 -0.967675 3.43395
-0.980076 -2.19818e-05 -0.198625 -0.622897 -2.2453e-05 1 1.20034e-07 -2.7142e-05 0.198625 4.57737e-06 -0.980076 3.43536
-0.988019 1.98904e-05 -0.154335 -0.615766 2.0658e-05 1 -3.37015e-06 -3.62083e-05 0.154335 -6.51803e-06 -0.988019 3.43687
-0.995009 -2.64955e-05 -0.0997883 -0.607158 -2.64233e-05 1 -2.045e-06 -2.72312e-05 0.0997883 6.0194e-07 -0.995009 3.43916
-0.998411 -2.16972e-05 -0.0563522 -0.6005 -2.19073e-05 1 3.1104e-06 -2.66968e-05 0.0563522 4.33998e-06 -0.998411 3.44042
-0.999653 -2.21827e-05 -0.0263544 -0.596735 -2.22891e-05 1 3.74305e-06 -2.65033e-05 0.0263544 4.32916e-06 -0.999653 3.42845
-0.999929 -9.51783e-06 -0.011921 -0.595559 -9.41089e-06 1 -9.02639e-06 -2.89331e-05 0.011921 -8.91357e-06 -0.999929 3.40588
-0.999996 -2.18372e-05 -0.00271646 -0.595322 -2.18495e-05 1 4.48848e-06 -2.62299e-05 0.00271646 4.54782e-06 -0.999996 3.36747
-1 -5.84973e-06 0.000822724 -0.595464 -5.833e-06 1 2.03313e-05 -2.42612e-05 -0.000822724 2.03265e-05 -1 3.33407
-0.999994 -3.46486e-05 0.00344007 -0.595748 -3.45914e-05 1 1.66706e-05 -2.30641e-05 -0.00344007 1.65515e-05 -0.999994 3.28278
-0.999989 -2.19262e-05 0.00461435 -0.595956 -2.17375e-05 1 4.09469e-05 -2.57203e-05 -0.00461435 4.08461e-05 -0.999989 3.23223
-0.999986 -2.19521e-05 0.00528876 -0.596082 -2.19282e-05 1 4.57969e-06 -2.53572e-05 -0.00528876 4.46365e-06 -0.999986 3.16814
-0.999985 -1.6922e-05 0.00554953 -0.596082 -1.69239e-05 1 -3.08043e-07 -2.61374e-05 -0.00554953 -4.01958e-07 -0.999985 3.11273
-0.999984 -3.80017e-05 0.00565896 -0.596023 -3.78932e-05 1 1.92891e-05 -2.1548e-05 -0.00565896 1.90743e-05 -0.999984 3.06745
-0.999984 -4.45334e-05 0.00573896 -0.595853 -4.45193e-05 1 2.59568e-06 -2.68071e-05 -0.00573896 2.34014e-06 -0.999984 2.99842
-0.999983 -3.14293e-05 0.0057685 -0.595631 -3.14585e-05 1 -4.98118e-06 -2.49634e-05 -0.0057685 -5.16256e-06 -0.999983 2.93428
-0.999983 7.73303e-06 0.00577601 -0.595488 7.87483e-06 1 2.45275e-05 -3.08112e-05 -0.00577601 2.45726e-05 -0.999983 2.89905
-0.999983 -1.24534e-05 0.00578209 -0.595175 -1.24839e-05 1 -5.24172e-06 -2.57452e-05 -0.00578209 -5.31381e-06 -0.999983 2.82819
-0.999983 -2.19631e-05 0.0057828 -0.594889 -2.19371e-05 1 4.56565e-06 -2.35636e-05 -0.0057828 4.43871e-06 -0.999983 2.76886
-0.999983 -4.11451e-07 0.00578203 -0.594585 -4.46767e-07 1 -6.10659e-06 -3.04217e-05 -0.00578203 -6.10907e-06 -0.999983 2.70934
-0.999983 -2.19182e-05 0.00578088 -0.594273 -2.18924e-05 1 4.52822e-06 -2.30174e-05 -0.00578088 4.40159e-06 -0.999983 2.64969
-0.999983 2.15636e-05 0.00578028 -0.593981 2.15904e-05 1 4.56868e-06 -3.07748e-05 -0.00578028 4.6934e-06 -0.999983 2.59592
-0.999983 -2.19525e-05 0.00577941 -0.593621 -2.19265e-05 1 4.56538e-06 -2.24737e-05 -0.00577941 4.43858e-06 -0.999983 2.53012
-0.999983 -2.21791e-05 0.00577883 -0.593355 -2.21538e-05 1 4.4423e-06 -2.22172e-05 -0.00577883 4.3142e-06 -0.999983 2.48223
-0.999983 -3.5926e-05 0.00577851 -0.593188 -3.59779e-05 1 -8.86771e-06 -2.3045e-05 -0.00577851 -9.07546e-06 -0.999983 2.45228
-0.999983 -2.14249e-05 0.00577751 -0.592545 -2.13245e-05 1 1.74477e-05 -2.14711e-05 -0.00577751 1.73242e-05 -0.999983 2.33842
-0.999983 -2.18191e-05 0.0057763 -0.592306 -2.19822e-05 1 -2.81712e-05 -3.12354e-05 -0.0057763 -2.82977e-05 -0.999983 2.29646
-0.999983 -2.21939e-05 0.00577463 -0.59193 -2.21686e-05 1 4.44438e-06 -2.10639e-05 -0.00577463 4.31629e-06 -0.999983 2.2305
-0.999983 -2.19496e-05 0.00577382 -0.591587 -2.19235e-05 1 4.59255e-06 -2.08322e-05 -0.00577382 4.46589e-06 -0.999983 2.17052
-0.999983 -1.25145e-05 0.00577335 -0.591244 -1.25444e-05 1 -5.15227e-06 -2.24493e-05 -0.00577335 -5.22461e-06 -0.999983 2.11054
-0.999983 -2.19341e-05 0.0057731 -0.590935 -2.1909e-05 1 4.40877e-06 -2.03231e-05 -0.0057731 4.28221e-06 -0.999983 2.05656
-0.999983 -3.05532e-06 0.00577307 -0.590591 -3.14172e-06 1 -1.49575e-05 -2.37095e-05 -0.00577307 -1.49754e-05 -0.999983 1.99657
-0.999983 -2.19574e-05 0.00577315 -0.590215 -2.19316e-05 1 4.53771e-06 -1.97331e-05 -0.00577315 4.41102e-06 -0.999983 1.93058
-0.999983 -2.0196e-05 0.00577314 -0.589837 -2.01801e-05 1 2.80085e-06 -1.97804e-05 -0.00577314 2.6843e-06 -0.999983 1.86458
-0.999983 -3.50692e-05 0.00577313 -0.589495 -3.49745e-05 1 1.65079e-05 -1.64263e-05 -0.00577313 1.63057e-05 -0.999983 1.80459
-0.999983 -2.2127e-05 0.0057731 -0.589254 -2.19063e-05 1 3.82887e-05 -1.89568e-05 -0.0057731 3.81616e-05 -0.999983 1.76259
-0.999983 -2.19931e-05 0.005773 -0.588806 -2.19675e-05 1 4.50534e-06 -1.85996e-05 -0.005773 4.37845e-06 -0.999983 1.68459
-0.999983 -2.11484e-05 0.00577293 -0.588462 -2.11178e-05 1 5.35995e-06 -1.82435e-05 -0.00577293 5.23795e-06 -0.999983 1.62459
-0.999983 -1.27351e-05 0.00577288 -0.588117 -1.27625e-05 1 -4.71917e-06 -1.99183e-05 -0.00577288 -4.79277e-06 -0.999983 1.56459
-0.999983 -4.66888e-06 0.00577285 -0.587841 -4.74098e-06 1 -1.24759e-05 -2.10248e-05 -0.00577285 -1.25031e-05 -0.999983 1.51659
-0.999983 -2.17342e-05 0.00577283 -0.587463 -2.17086e-05 1 4.48923e-06 -1.75193e-05 -0.00577283 4.36383e-06 -0.999983 1.4506
-0.999983 -2.19566e-05 0.0057728 -0.587154 -2.19301e-05 1 4.6497e-06 -1.72813e-05 -0.0057728 4.52303e-06 -0.999983 1.3966
-0.999983 -3.53128e-05 0.00577271 -0.586672 -3.53532e-05 1 -6.89481e-06 -1.77696e-05 -0.00577271 -7.09878e-06 -0.999983 1.3126
-0.999983 -1.91211e-05 0.00577269 -0.586499 -1.91096e-05 1 2.0504e-06 -1.72384e-05 -0.00577269 1.94005e-06 -0.999983 1.2826
-0.999983 -2.19656e-05 0.00577264 -0.586154 -2.19391e-05 1 4.65927e-06 -1.6464e-05 -0.00577264 4.53255e-06 -0.999983 1.2226
-0.999983 -2.19092e-05 0.00577259 -0.585775 -2.1883e-05 1 4.60212e-06 -1.61855e-05 -0.00577259 4.47572e-06 -0.999983 1.1566
-0.999983 -2.17547e-05 0.00577255 -0.585499 -2.1729e-05 1 4.51026e-06 -1.59629e-05 -0.00577255 4.38475e-06 -0.999983 1.1086
-0.999983 -2.19408e-05 0.0057725 -0.585017 -2.19149e-05 1 4.56163e-06 -1.55809e-05 -0.00577251 4.43505e-06 -0.999983 1.0246
-0.999983 4.09252e-06 0.00577246 -0.584705 4.18912e-06 1 1.67227e-05 -2.01067e-05 -0.00577246 1.67466e-05 -0.999983 0.970604
-0.999983 -2.1913e-05 0.00577244 -0.584362 -2.18873e-05 1 4.51403e-06 -1.50577e-05 -0.00577244 4.38761e-06 -0.999983 0.910604
-0.999983 -6.29369e-05 0.00577242 -0.584054 -6.28882e-05 1 8.61613e-06 -1.74847e-05 -0.00577242 8.25297e-06 -0.999983 0.856605
-0.999983 -6.33401e-05 0.00577238 -0.583675 -6.33131e-05 1 4.85527e-06 -1.72018e-05 -0.00577238 4.48972e-06 -0.999983 0.790606
-0.999983 -2.19401e-05 0.00577238 -0.583363 -2.19142e-05 1 4.55707e-06 -1.42675e-05 -0.00577238 4.4305e-06 -0.999983 0.736608
-0.999983 -7.50632e-08 0.00577238 -0.582984 -1.12835e-07 1 -6.54324e-06 -2.12817e-05 -0.00577238 -6.54378e-06 -0.999983 0.670609
-0.999983 -3.0956e-05 0.00577233 -0.582607 -3.08804e-05 1 1.31813e-05 -1.16708e-05 -0.00577233 1.30028e-05 -0.999983 0.604611
-0.999983 -7.01914e-05 0.00577227 -0.582334 -7.01648e-05 1 4.80426e-06 -1.65157e-05 -0.00577227 4.39917e-06 -0.999983 0.556611
-0.999983 -2.19294e-05 0.00577223 -0.581927 -2.19032e-05 1 4.60683e-06 -1.31064e-05 -0.00577223 4.48032e-06 -0.999983 0.48615
-0.999983 -2.2004e-05 0.00577222 -0.581715 -2.19775e-05 1 4.65953e-06 -1.29501e-05 -0.00577222 4.5326e-06 -0.999983 0.44914
-1 -2.19273e-05 0.000842284 -0.582257 -2.19235e-05 1 4.55591e-06 -1.27607e-05 -0.000842284 4.53744e-06 -1 0.40865
-0.999079 -1.96235e-05 -0.0428972 -0.588992 -1.96891e-05 1 1.10691e-06 -1.3288e-05 0.0428972 1.9505e-06 -0.999079 0.382828
-0.995191 -2.19178e-05 -0.0979575 -0.597674 -2.22455e-05 1 2.25332e-06 -1.2925e-05 0.0979575 4.4216e-06 -0.995191 0.366233
-0.982079 -2.32773e-05 -0.188471 -0.612314 -2.35144e-05 1 -9.77808e-07 -1.32721e-05 0.188471 3.47151e-06 -0.982079 0.34879
-0.96074 -2.39856e-05 -0.277449 -0.627158 -2.39206e-05 1 -3.61911e-06 -1.36003e-05 0.277449 3.15974e-06 -0.96074 0.337697
-0.9334 -2.20482e-05 -0.358839 -0.641158 -2.2461e-05 1 -3.01834e-06 -1.35611e-05 0.358839 5.24255e-06 -0.9334 0.331057
-0.894037 -2.18656e-05 -0.447992 -0.657008 -2.15959e-05 1 -5.71009e-06 -1.40261e-05 0.447992 4.56977e-06 -0.894037 0.326889
-0.845564 -2.09617e-05 -0.533875 -0.672863 -1.87525e-05 1 -9.56276e-06 -1.47622e-05 0.533875 1.92554e-06 -0.845564 0.325654
-0.782334 -2.19441e-05 -0.622859 -0.690024 -2.00074e-05 1 -1.01012e-05 -1.47651e-05 0.622859 4.55925e-06 -0.782334 0.327237
-0.702459 -2.16969e-05 -0.711724 -0.708115 -1.8303e-05 1 -1.24203e-05 -1.51688e-05 0.711724 4.30192e-06 -0.702459 0.332025
-0.628054 4.10693e-06 -0.77817 -0.722483 1.0486e-06 1 4.43136e-06 -1.36374e-05 0.77817 1.96714e-06 -0.628054 0.338164
-0.555665 -2.2017e-05 -0.831407 -0.734734 -1.60607e-05 1 -1.57476e-05 -1.58421e-05 0.831407 4.60255e-06 -0.555665 0.345177
-0.487504 -2.27013e-05 -0.873121 -0.74531 -1.52405e-05 1 -1.74907e-05 -1.61284e-05 0.873121 4.77996e-06 -0.487504 0.352301
-0.377241 -1.6391e-06 -0.926115 -0.775995 3.98546e-05 1 -1.80041e-05 -2.62096e-05 0.926115 -4.37018e-05 -0.377241 0.356759
-0.331659 -2.3627e-05 -0.943399 -0.804116 -1.28785e-05 1 -2.0517e-05 -1.74826e-05 0.943399 5.34488e-06 -0.331659 0.351716
-0.306099 -5.35396e-06 -0.952 -0.836844 4.12896e-05 1 -1.88999e-05 -2.74731e-05 0.952 -4.5093e-05 -0.306099 0.342261
-0.290772 -2.1889e-05 -0.956792 -0.877198 -1.07268e-05 1 -1.96176e-05 -1.88563e-05 0.956792 4.5591e-06 -0.290772 0.329162
-0.28231 -2.17706e-05 -0.959323 -0.912137 -1.06376e-05 1 -1.95633e-05 -1.9562e-05 0.959323 4.68196e-06 -0.28231 0.317233
-0.278506 -9.70612e-06 -0.960435 -0.934475 3.30193e-05 1 -1.96809e-05 -2.80176e-05 0.960435 -3.71941e-05 -0.278506 0.309303
-0.273964 -2.19729e-05 -0.96174 -0.949418 -1.04047e-05 1 -1.98831e-05 -2.03303e-05 0.96174 4.5594e-06 -0.273964 0.304356
-0.234281 -2.18398e-05 -0.972169 -0.965219 -9.60565e-06 1 -2.01502e-05 -2.06661e-05 0.972169 4.6175e-06 -0.234281 0.305362
-0.166343 -5.00786e-05 -0.986068 -0.979954 -3.88279e-05 1 -4.42361e-05 -3.00333e-05 0.986068 3.09286e-05 -0.166343 0.311764
-0.100472 -2.48049e-05 -0.99494 -0.990325 -3.48798e-06 1 -2.45788e-05 -2.1946e-05 0.99494 1.00084e-06 -0.100472 0.319419
0.00578488 -1.77388e-05 -0.999983 -1.00382 1.76873e-05 1 -1.76368e-05 -2.57782e-05 0.999983 -1.75849e-05 0.00578488 0.333248
0.0530469 -2.17403e-05 -0.998592 -1.0188 -3.45183e-06 1 -2.19543e-05 -2.19902e-05 0.998592 4.61158e-06 0.0530469 0.33953
0.0881421 -2.34516e-05 -0.996108 -1.05047 2.89445e-05 1 -2.0982e-05 -2.81585e-05 0.996108 -2.69824e-05 0.0881421 0.344855
0.102864 -2.17313e-05 -0.994695 -1.08384 -2.34799e-06 1 -2.20901e-05 -2.34461e-05 0.994695 4.60782e-06 0.102864 0.348319
0.111608 -2.18097e-05 -0.993752 -1.12677 -2.19977e-06 1 -2.21939e-05 -2.44004e-05 0.993752 4.66305e-06 0.111608 0.352242
0.116954 -1.58981e-05 -0.993137 -1.18769 -5.02866e-05 1 -2.19298e-05 -2.88197e-05 0.993137 5.25063e-05 0.116954 0.357877
0.118689 -2.3257e-05 -0.992931 -1.22201 -3.47556e-06 1 -2.3838e-05 -2.66599e-05 0.992931 6.28031e-06 0.118689 0.361027
0.1197 -7.79299e-06 -0.99281 -1.26283 1.54352e-05 1 -5.98845e-06 -2.57469e-05 0.99281 -1.46074e-05 0.1197 0.365068
0.120237 -2.19057e-05 -0.992745 -1.3137 -1.98199e-06 1 -2.23059e-05 -2.85609e-05 0.992745 4.6496e-06 0.120237 0.370473
0.120432 -2.4667e-05 -0.992722 -1.35355 9.04776e-07 1 -2.47381e-05 -2.99186e-05 0.992722 2.08107e-06 0.120432 0.374881
0.121864 9.27263e-06 -0.992547 -1.40549 -1.88361e-06 1 9.11099e-06 -3.05916e-05 0.992547 7.59261e-07 0.121864 0.380984
0.168781 -3.64333e-05 -0.985654 -1.45642 2.09356e-05 1 -3.33787e-05 -3.9091e-05 0.985654 -1.50016e-05 0.168781 0.394317
0.215533 -1.99992e-05 -0.976497 -1.47876 2.30851e-06 1 -1.9971e-05 -3.20838e-05 0.976497 2.05016e-06 0.215533 0.4045
0.2943 -2.16959e-05 -0.955713 -1.503 1.97719e-06 1 -2.20924e-05 -3.28777e-05 0.955713 4.61217e-06 0.2943 0.420473
0.379293 -2.72715e-05 -0.925277 -1.51981 -9.45284e-06 1 -3.33488e-05 -3.42058e-05 0.925277 2.13955e-05 0.379293 0.437186
0.479748 -2.1677e-05 -0.877406 -1.53225 6.4509e-06 1 -2.11785e-05 -3.36824e-05 0.877406 4.50029e-06 0.479748 0.456908
0.532829 -4.49273e-05 -0.846223 -1.53939 5.1176e-05 1 -2.08684e-05 -4.18998e-05 0.846223 -3.2187e-05 0.532829 0.467633
0.554566 -3.46127e-05 -0.83214 -1.54373 1.73784e-05 1 -3.00132e-05 -3.58654e-05 0.83214 2.18298e-06 0.554566 0.472143
0.56969 -2.20968e-05 -0.821859 -1.54733 9.36571e-06 1 -2.03943e-05 -3.40458e-05 0.821859 3.92114e-06 0.56969 0.475307
0.608399 -2.17062e-05 -0.793631 -1.54836 9.64293e-06 1 -1.99582e-05 -3.41514e-05 0.793631 4.48962e-06 0.608399 0.483149
0.658597 -2.17336e-05 -0.752496 -1.54705 1.08138e-05 1 -1.94176e-05 -3.41972e-05 0.752496 4.65105e-06 0.658597 0.493461
0.720086 -2.50482e-05 -0.693884 -1.54338 1.4839e-05 1 -2.06991e-05 -3.46264e-05 0.693884 4.60855e-06 0.720086 0.506491
0.774979 1.72331e-05 -0.631987 -1.53828 -1.78127e-05 1 5.42511e-06 -3.62111e-05 0.631987 7.05302e-06 0.774979 0.518626
0.847627 -2.04953e-05 -0.530592 -1.52827 1.18925e-05 1 -1.96287e-05 -3.43716e-05 0.530592 1.03278e-05 0.847627 0.535759
0.895535 -2.16523e-05 -0.44499 -1.5187 1.73678e-05 1 -1.37055e-05 -3.3798e-05 0.44499 4.54528e-06 0.895535 0.548116
0.931578 -2.16209e-05 -0.363542 -1.50888 1.85028e-05 1 -1.20594e-05 -3.36454e-05 0.363542 4.50768e-06 0.931578 0.55839
0.960342 -2.17086e-05 -0.278826 -1.49817 1.95408e-05 1 -1.05541e-05 -3.34789e-05 0.278826 4.68708e-06 0.960342 0.568115
0.984594 -6.42575e-05 -0.174856 -1.48776 6.3259e-05 1 -1.12839e-05 -4.21093e-05 0.174856 4.88762e-08 0.984594 0.591548
0.992777 -6.47745e-05 -0.119978 -1.48514 6.43979e-05 1 -7.01573e-06 -4.13743e-05 0.119978 -7.61268e-07 0.992777 0.61884
0.996206 -2.16585e-05 -0.0870283 -1.48665 2.1189e-05 1 -6.31755e-06 -3.35773e-05 0.0870283 4.44954e-06 0.996206 0.655715
0.997706 -2.16263e-05 -0.0676954 -1.49095 2.1274e-05 1 -5.92594e-06 -3.38955e-05 0.0676954 4.4722e-06 0.997706 0.705964
0.998165 -2.16371e-05 -0.0605463 -1.49406 2.1326e-05 1 -5.78336e-06 -3.41106e-05 0.0605463 4.48154e-06 0.998165 0.736857
0.998413 -2.16239e-05 -0.0563207 -1.49761 2.13366e-05 1 -5.70265e-06 -3.43637e-05 0.0563207 4.4919e-06 0.998413 0.774853
0.998532 -1.77505e-05 -0.0541694 -1.50126 1.72381e-05 1 -9.9274e-06 -3.50424e-05 0.0541694 8.97905e-06 0.998532 0.818889
0.99859 -4.20462e-06 -0.0530854 -1.50488 4.69348e-06 1 9.08424e-06 -3.15909e-05 0.0530854 -9.32058e-06 0.99859 0.867313
0.998618 -2.16198e-05 -0.0525476 -1.50841 2.13556e-05 1 -5.58999e-06 -3.52251e-05 0.0525476 4.46009e-06 0.998618 0.918923
0.99863 -5.0698e-05 -0.0523249 -1.51118 4.93807e-05 1 -2.64686e-05 -4.68979e-05 0.0523249 2.38485e-05 0.99863 0.961904
0.998639 -2.16761e-05 -0.0521509 -1.5159 2.14148e-05 1 -5.56961e-06 -3.59293e-05 0.0521509 4.44523e-06 0.998639 1.03969
0.998641 -2.16879e-05 -0.0521093 -1.51887 2.14379e-05 1 -5.35656e-06 -3.62155e-05 0.0521093 4.23217e-06 0.998641 1.09094
0.998642 2.07374e-07 -0.0520922 -1.5218 -2.66085e-07 1 -1.12012e-06 -3.82444e-05 0.0520922 1.13246e-06 0.998642 1.14287
0.998643 -2.15487e-05 -0.052087 -1.52534 2.12814e-05 1 -5.68714e-06 -3.69053e-05 0.052087 4.57094e-06 0.998643 1.20701
0.998642 -2.16185e-05 -0.0520885 -1.52854 2.13595e-05 1 -5.52805e-06 -3.72124e-05 0.0520885 4.40796e-06 0.998642 1.26579
0.998642 -2.16474e-05 -0.0520916 -1.5314 2.13864e-05 1 -5.56728e-06 -3.75092e-05 0.0520916 4.44567e-06 0.998642 1.31897
0.998642 -2.16193e-05 -0.0520953 -1.53456 2.13547e-05 1 -5.63588e-06 -3.78613e-05 0.0520953 4.51574e-06 0.998642 1.37827
0.998642 -2.16996e-05 -0.0520989 -1.53802 2.14392e-05 1 -5.55676e-06 -3.82006e-05 0.0520989 4.43225e-06 0.998642 1.4437
0.998642 -2.16359e-05 -0.0521018 -1.54054 2.13729e-05 1 -5.60388e-06 -3.84822e-05 0.0521018 4.48271e-06 0.998642 1.49138
0.998641 -6.4756e-05 -0.0521079 -1.54399 6.43102e-05 1 -1.02312e-05 -4.81078e-05 0.0521079 6.86622e-06 0.998641 1.55703
0.998641 -2.16199e-05 -0.0521109 -1.5468 2.13559e-05 1 -5.62343e-06 -3.91518e-05 0.0521109 4.50292e-06 0.998641 1.61081
0.998641 -1.09572e-05 -0.052113 -1.54991 1.12006e-05 1 4.37875e-06 -3.70855e-05 0.052113 -4.9565e-06 0.998641 1.6702
0.999004 -2.16294e-05 -0.0446157 -1.55186 2.14095e-05 1 -5.40685e-06 -3.97827e-05 0.0446157 4.44627e-06 0.999004 1.72995
0.999994 -2.19063e-05 -0.00345859 -1.547 2.18904e-05 1 -4.61535e-06 -3.98348e-05 0.00345859 4.53962e-06 0.999994 1.76111
0.998233 1.07271e-05 0.0594196 -1.53827 -1.05844e-05 1 -2.71521e-06 -4.18855e-05 -0.0594196 2.08149e-06 0.998233 1.78587
0.989763 -2.15926e-05 0.142721 -1.52574 2.20187e-05 1 -1.40636e-06 -3.95717e-05 -0.142721 4.5345e-06 0.989763 1.80777
0.973242 -4.72518e-05 0.229782 -1.50994 4.62296e-05 1 9.83154e-06 -4.37772e-05 -0.229782 1.05428e-06 0.973242 1.83643
0.958981 -2.15772e-05 0.283469 -1.49615 2.19526e-05 1 1.85223e-06 -3.92074e-05 -0.283469 4.44662e-06 0.958981 1.87249
0.950437 -1.36658e-05 0.310917 -1.48342 9.75455e-06 1 1.41348e-05 -3.65761e-05 -0.310917 -1.04014e-05 0.950437 1.91414
0.946288 -1.4845e-05 0.323325 -1.47157 1.3274e-05 1 7.06413e-06 -3.70437e-05 -0.323325 -2.3929e-06 0.946288 1.95524
0.951669 -2.16122e-05 0.307125 -1.45792 2.19183e-05 1 2.45231e-06 -3.90096e-05 -0.307125 4.39788e-06 0.951669 2.01647
0.959191 -2.16232e-05 0.282759 -1.45404 2.19864e-05 1 1.88847e-06 -3.90626e-05 -0.282759 4.40545e-06 0.959191 2.04564
0.967603 -2.15749e-05 0.252476 -1.45296 2.19977e-05 1 1.14782e-06 -3.91454e-05 -0.252476 4.44325e-06 0.967603 2.06781
0.980584 -2.15846e-05 0.196098 -1.45514 2.20412e-05 1 -1.46261e-07 -3.93122e-05 -0.196098 4.46565e-06 0.980584 2.0927
0.988048 -2.15626e-05 0.15415 -1.4585 2.19976e-05 1 -1.11626e-06 -3.9415e-05 -0.15415 4.49383e-06 0.988048 2.10397
0.994363 -2.16606e-05 0.106028 -1.46335 2.20033e-05 1 -2.06256e-06 -3.95581e-05 -0.106028 4.38389e-06 0.994363 2.11235
0.998081 -2.20697e-05 0.06192 -1.46838 2.2287e-05 1 -2.81925e-06 -3.97008e-05 -0.06192 4.19386e-06 0.998081 2.11706
0.999972 -2.16473e-05 0.00746266 -1.47506 2.16798e-05 1 -4.27578e-06 -3.98522e-05 -0.00746266 4.43746e-06 0.999972 2.12094
0.999107 -2.16702e-05 -0.0422631 -1.48145 2.14614e-05 1 -5.39447e-06 -4.00687e-05 0.0422631 4.48262e-06 0.999107 2.13533
0.996644 -1.2588e-05 -0.0818622 -1.48712 1.12776e-05 1 -1.64709e-05 -4.12144e-05 0.0818622 1.54924e-05 0.996644 2.15526
0.993276 -2.16452e-05 -0.115774 -1.49309 2.09805e-05 1 -6.96026e-06 -4.05483e-05 0.115774 4.48446e-06 0.993276 2.18903
0.990768 -2.16477e-05 -0.135568 -1.49921 2.08373e-05 1 -7.39715e-06 -4.09048e-05 0.135568 4.50399e-06 0.990768 2.23944
0.989923 -2.14841e-05 -0.141603 -1.50295 2.06472e-05 1 -7.37962e-06 -4.11293e-05 0.141603 4.38155e-06 0.989923 2.27232
0.989066 -2.17075e-05 -0.147471 -1.5107 2.08046e-05 1 -7.66497e-06 -4.15998e-05 0.147471 4.51309e-06 0.989066 2.338
0.988759 -1.67803e-05 -0.149518 -1.5174 2.07086e-05 1 2.4716e-05 -4.19792e-05 0.149518 -2.75345e-05 0.988759 2.39139
0.988603 -2.16666e-05 -0.150545 -1.52466 2.07367e-05 1 -7.74644e-06 -4.23896e-05 0.150545 4.53634e-06 0.988603 2.44648
0.988531 -4.94806e-05 -0.151017 -1.53159 5.16645e-05 1 1.05377e-05 -4.90811e-05 0.151017 -1.8219e-05 0.988531 2.49709
0.988494 1.7491e-05 -0.151262 -1.53881 -1.88297e-05 1 -7.41803e-06 -4.54888e-05 0.151262 1.01809e-05 0.988494 2.54841
0.988472 -1.65231e-05 -0.151402 -1.54795 1.46218e-05 1 -1.36714e-05 -4.4199e-05 0.151402 1.13001e-05 0.988472 2.61185
0.988464 -2.35306e-05 -0.151457 -1.55734 2.23471e-05 1 -9.51609e-06 -4.44836e-05 0.151457 6.02168e-06 0.988464 2.67583
0.988461 -2.16376e-05 -0.151473 -1.56516 2.07013e-05 1 -7.75877e-06 -4.45163e-05 0.151473 4.53355e-06 0.988461 2.72847
0.988461 -2.16939e-05 -0.151478 -1.57572 2.07765e-05 1 -7.63925e-06 -4.50605e-05 0.151478 4.40393e-06 0.988461 2.79894
0.988461 -2.19078e-05 -0.151475 -1.58372 2.10334e-05 1 -7.37508e-06 -4.54414e-05 0.151475 4.10394e-06 0.988461 2.85194
0.988462 -4.4081e-05 -0.151471 -1.59265 4.47893e-05 1 1.2642e-06 -5.03529e-05 0.151471 -8.03391e-06 0.988462 2.91095
0.988462 -2.16538e-05 -0.151467 -1.60163 2.07212e-05 1 -7.73571e-06 -4.63949e-05 0.151467 4.50787e-06 0.988462 2.97004
0.988463 -2.11248e-05 -0.151463 -1.61064 2.00785e-05 1 -8.43712e-06 -4.69149e-05 0.151463 5.29862e-06 0.988463 3.02919
0.988463 -2.65936e-05 -0.151461 -1.61876 2.0704e-05 1 -4.04624e-05 -5.70919e-05 0.151461 3.68598e-05 0.988463 3.08246
0.988464 -2.16513e-05 -0.151458 -1.62781 2.07247e-05 1 -7.6964e-06 -4.77221e-05 0.151458 4.46869e-06 0.988464 3.14169
0.988892 -2.15475e-05 -0.148634 -1.63735 2.06324e-05 1 -7.69906e-06 -4.82275e-05 0.148634 4.54688e-06 0.988892 3.2071
0.993412 -2.16311e-05 -0.114601 -1.64039 2.09735e-05 1 -6.94391e-06 -4.85333e-05 0.114601 4.49458e-06 0.993412 3.26319
0.998839 -5.26113e-06 -0.0481732 -1.63872 5.00346e-06 1 -5.46948e-06 -5.04392e-05 0.0481732 5.22209e-06 0.998839 3.32699
0.999068 -3.35017e-05 0.0431727 -1.63158 3.41804e-05 1 -1.4982e-05 -5.13838e-05 -0.0431727 1.64437e-05 0.999068 3.38383
0.993335 -2.16454e-05 0.115261 -1.62388 2.20449e-05 1 -2.19112e-06 -4.89002e-05 -0.115261 4.71743e-06 0.993335 3.41457
0.982551 1.89619e-05 0.185995 -1.61659 -1.92914e-05 1 -3.83097e-08 -5.15321e-05 -0.185995 -3.55047e-06 0.982551 3.44681
0.977274 -4.05919e-05 0.211979 -1.61464 4.3893e-05 1 -1.08667e-05 -5.61982e-05 -0.211979 1.99242e-05 0.977274 3.46331
0.972203 -1.41015e-05 0.234141 -1.61323 2.21535e-05 1 -3.17594e-05 -5.86717e-05 -0.234141 3.60636e-05 0.972203 3.47882
0.959056 -3.13983e-05 0.283216 -1.60618 2.19922e-05 1 3.63909e-05 -4.88153e-05 -0.283216 -2.86724e-05 0.959056 3.48841
0.935354 -1.97793e-05 0.353714 -1.59486 2.03961e-05 1 1.98384e-06 -4.87175e-05 -0.353714 5.35881e-06 0.935354 3.49525
0.908877 -2.16472e-05 0.417064 -1.58413 2.15054e-05 1 5.03856e-06 -4.83628e-05 -0.417064 4.38971e-06 0.908877 3.4987
0.861935 -2.16669e-05 0.507019 -1.56816 2.08795e-05 1 7.23865e-06 -4.8022e-05 -0.507019 4.34705e-06 0.861935 3.50066
0.814977 -2.16777e-05 0.579493 -1.55469 2.01844e-05 1 9.02159e-06 -4.7724e-05 -0.579493 4.34429e-06 0.814977 3.50003
0.754494 -2.1746e-05 0.656307 -1.53973 1.92165e-05 1 1.10425e-05 -4.74012e-05 -0.656307 4.28037e-06 0.754494 3.49721
0.687009 -2.17928e-05 0.726649 -1.52531 5.36493e-06 1 2.49186e-05 -4.42488e-05 -0.726649 -1.32209e-05 0.687009 3.49245
0.639514 -2.21713e-05 0.76878 -1.51643 1.75543e-05 1 1.42369e-05 -4.68539e-05 -0.76878 4.39072e-06 0.639514 3.4888
0.615745 -2.16461e-05 0.787946 -1.51243 1.6757e-05 1 1.43767e-05 -4.67519e-05 -0.787946 4.3512e-06 0.615745 3.48711
0.601268 1.50799e-06 0.799048 -1.51021 -2.21428e-05 1 1.47748e-05 -4.91875e-05 -0.799048 -2.65768e-05 0.601268 3.48627
0.592677 -2.16501e-05 0.80544 -1.50903 1.6377e-05 1 1.48289e-05 -4.66768e-05 -0.80544 4.40197e-06 0.592677 3.48598
