1.000000000 0.000000000 0.000000000 0.000000000 0.000000000 1.000000000 0.000000000 0.000000000 0.000000000 0.000000000 1.000000000 0.000000000
1.000000000 0.000009841 -0.000001534 -0.000014328 -0.000009841 1.000000000 -0.000018637 0.000013121 0.000001533 0.000018637 1.000000000 0.000034157
1.000000000 -0.000009303 -0.000004066 0.000000573 0.000009303 1.000000000 0.000031130 -0.000029313 0.000004066 -0.000031130 1.000000000 -0.000007303
1.000000000 0.000071023 -0.000027430 0.000015020 -0.000071026 1.000000000 -0.000093668 0.000046712 0.000027423 0.000093670 1.000000000 -0.000068506
1.000000000 0.000005594 -0.000019621 0.000014747 -0.000005592 1.000000000 0.000070715 -0.000046421 0.000019621 -0.000070715 1.000000000 0.000015075
1.000000000 0.000005258 -0.000018170 0.000013284 -0.000005256 1.000000000 0.000070432 -0.000046237 0.000018170 -0.000070431 1.000000000 0.000015142
1.000000000 -0.000010580 -0.000001050 0.000012439 0.000010580 1.000000000 -0.000020614 0.000000209 0.000001050 0.000020614 1.000000000 0.000004754
1.000000000 -0.000020625 -0.000003453 -0.000003978 0.000020626 0.999999940 0.000275946 -0.000235375 0.000003447 -0.000275946 0.999999940 -0.000056483
1.000000000 0.000015069 -0.000006903 -0.000004105 -0.000015067 1.000000000 0.000237770 -0.000196924 0.000006907 -0.000237769 1.000000000 -0.000048271
1.000000000 0.000015273 -0.000006558 -0.000004695 -0.000015271 1.000000000 0.000237786 -0.000197102 0.000006562 -0.000237786 1.000000000 -0.000048711
1.000000000 0.000014393 -0.000006014 -0.000005426 -0.000014391 1.000000000 0.000240015 -0.000199283 0.000006017 -0.000240015 1.000000000 -0.000049843
0.999999940 0.000038041 -0.000257758 0.000132439 -0.000038070 1.000000000 -0.000112115 0.000048870 0.000257754 0.000112125 0.999999940 0.000677640
0.999999940 -0.000122812 -0.000315274 0.000313627 0.000122673 0.999999881 -0.000440713 0.000088981 0.000315328 0.000440674 0.999999881 0.014245319
0.999999702 -0.000456046 -0.000619752 0.000478806 0.000456091 0.999999881 0.000072730 -0.000350532 0.000619719 -0.000073013 0.999999821 0.040706415
1.000000000 -0.000089464 -0.000144642 -0.000145780 0.000089396 0.999999881 -0.000466292 0.000359291 0.000144684 0.000466280 0.999999881 0.076486327
0.999999762 -0.000488004 0.000459283 -0.000636592 0.000488510 0.999999285 -0.001103275 0.000789742 -0.000458744 0.001103499 0.999999285 0.117827691
0.999999702 -0.000517581 -0.000607783 0.000263488 0.000516974 0.999999344 -0.000997502 0.000638587 0.000608299 0.000997188 0.999999344 0.151646510
0.999999821 -0.000510595 -0.000379736 -0.000035896 0.000510071 0.999998927 -0.001377097 0.001021394 0.000380438 0.001376903 0.999998987 0.190292105
0.999999940 0.000256783 -0.000197959 -0.000614525 -0.000256855 0.999999881 -0.000361029 0.000136266 0.000197866 0.000361079 0.999999940 0.233616069
0.999999821 -0.000207248 0.000507862 -0.001267302 0.000207752 0.999999464 -0.000992236 0.000435545 -0.000507656 0.000992342 0.999999404 0.281837374
0.999999404 -0.000201814 0.001087610 -0.001965573 0.000203388 0.999998927 -0.001446861 0.000216828 -0.001087317 0.001447081 0.999998391 0.333752185
0.999999344 -0.000461912 0.001044264 -0.001911415 0.000462199 0.999999881 -0.000274962 -0.000693489 -0.001044136 0.000275445 0.999999404 0.387166500
0.999999702 -0.000358757 0.000696101 -0.001998372 0.000358702 0.999999940 0.000079602 -0.001400080 -0.000696130 -0.000079352 0.999999762 0.442801237
0.999999940 -0.000368835 -0.000110085 -0.001237752 0.000368879 0.999999881 0.000399349 -0.001294865 0.000109938 -0.000399390 0.999999940 0.500325739
0.999999940 -0.000293690 -0.000014113 -0.001379473 0.000293681 0.999999762 -0.000631824 -0.000758257 0.000014299 0.000631819 0.999999821 0.558317542
0.999999523 0.000038511 0.000968695 -0.002423061 -0.000037707 0.999999642 -0.000829954 -0.000679267 -0.000968727 0.000829917 0.999999166 0.615621269
0.999999762 0.000039550 0.000648530 -0.001905950 -0.000039433 1.000000000 -0.000179527 -0.001698255 -0.000648537 0.000179501 0.999999762 0.673447430
0.999999940 -0.000057456 0.000386141 -0.001447305 0.000057411 1.000000000 0.000116633 -0.002203881 -0.000386147 -0.000116610 0.999999940 0.732904613
0.999999881 -0.000078234 0.000503103 -0.001297837 0.000078186 1.000000000 0.000095744 -0.002110909 -0.000503110 -0.000095705 0.999999881 0.791967690
0.999999821 -0.000553275 0.000140240 -0.001406737 0.000553278 0.999999821 -0.000019336 -0.002543510 -0.000140230 0.000019413 1.000000000 0.852867186
0.999999940 -0.000401243 -0.000126475 -0.000844300 0.000401268 0.999999881 0.000196463 -0.002510298 0.000126396 -0.000196513 1.000000000 0.911987007
0.999999762 -0.000564483 -0.000348493 -0.000861518 0.000564508 0.999999821 0.000071795 -0.002738997 0.000348453 -0.000071992 0.999999940 0.971962154
0.999999940 -0.000107082 -0.000357500 -0.000898874 0.000107114 1.000000000 0.000091192 -0.003086143 0.000357490 -0.000091230 0.999999940 1.030663013
0.999999642 -0.000712330 -0.000511886 -0.000735157 0.000712712 0.999999464 0.000746064 -0.004019900 0.000511354 -0.000746429 0.999999583 1.090723515
0.999999404 -0.000776206 -0.000735984 -0.000731452 0.000777196 0.999998808 0.001345551 -0.004408998 0.000734939 -0.001346122 0.999998808 1.149333239
0.999998868 -0.001136097 -0.000985870 -0.000601987 0.001136481 0.999999285 0.000389148 -0.004021520 0.000985427 -0.000390268 0.999999464 1.209186435
0.999999285 -0.001093019 -0.000537283 -0.001313889 0.001093099 0.999999404 0.000149085 -0.003983632 0.000537120 -0.000149673 0.999999821 1.267979741
0.999999821 -0.000550353 -0.000244137 -0.001276293 0.000550642 0.999999166 0.001187880 -0.004176395 0.000243483 -0.001188014 0.999999285 1.327601671
0.999999106 -0.001075507 -0.000759544 -0.000327156 0.001075363 0.999999404 -0.000189411 -0.003992031 0.000759747 0.000188594 0.999999702 1.388464093
0.999999642 -0.000770410 -0.000322309 -0.000550416 0.000770426 0.999999702 0.000048552 -0.004387824 0.000322272 -0.000048800 0.999999940 1.448193192
0.999998689 -0.001496390 -0.000645711 -0.000988961 0.001496439 0.999998868 0.000075299 -0.004092252 0.000645598 -0.000076266 0.999999762 1.508058667
0.999998868 -0.000951463 -0.001187604 -0.000271565 0.000952478 0.999999166 0.000854406 -0.004825110 0.001186790 -0.000855536 0.999998927 1.567613006
0.999999106 -0.000940613 -0.000949750 -0.001378611 0.000940895 0.999999523 0.000295796 -0.004444965 0.000949471 -0.000296690 0.999999523 1.627748013
0.999999285 -0.001021925 -0.000666946 -0.001803010 0.001022483 0.999999106 0.000836049 -0.004831238 0.000666092 -0.000836730 0.999999404 1.687703490
0.999999523 -0.000746834 -0.000597292 -0.002327034 0.000747259 0.999999464 0.000712749 -0.004550939 0.000596759 -0.000713195 0.999999583 1.747828841
0.999998987 -0.001090219 -0.000920395 -0.002409032 0.001091067 0.999998987 0.000921756 -0.004665402 0.000919389 -0.000922760 0.999999166 1.806925774
0.999999523 -0.000969918 0.000005636 -0.003215880 0.000969914 0.999999344 0.000624731 -0.005037025 -0.000006242 -0.000624726 0.999999821 1.867448449
0.999997854 -0.002046255 0.000250665 -0.003233177 0.002046068 0.999997616 0.000741544 -0.005136502 -0.000252182 -0.000741030 0.999999702 1.927939415
0.999997497 -0.002215958 -0.000268757 -0.003020449 0.002216268 0.999996901 0.001160305 -0.005571948 0.000266185 -0.001160898 0.999999285 1.986706853
0.999998748 -0.001542803 -0.000402448 -0.003219406 0.001542931 0.999998748 0.000319688 -0.004955791 0.000401954 -0.000320308 0.999999881 2.047275066
0.999999225 -0.001206921 -0.000323614 -0.003433709 0.001207326 0.999998510 0.001252658 -0.005181737 0.000322102 -0.001253048 0.999999166 2.106672049
0.999998331 -0.001724424 -0.000608299 -0.003679341 0.001723938 0.999998212 -0.000799047 -0.004099311 0.000609676 0.000797997 0.999999523 2.166456461
0.999999225 -0.001197135 -0.000415396 -0.004341364 0.001197132 0.999999285 -0.000005586 -0.004589176 0.000415402 0.000005089 0.999999940 2.225772381
0.999995887 -0.002755292 -0.000758034 -0.003042574 0.002755477 0.999996185 0.000242040 -0.005135112 0.000757364 -0.000244128 0.999999702 2.284497738
0.999996483 -0.002627365 -0.000432820 -0.003468365 0.002627385 0.999996543 0.000046478 -0.005321732 0.000432696 -0.000047615 0.999999881 2.344422579
0.999996006 -0.002742326 -0.000723104 -0.003094972 0.002742772 0.999996066 0.000615949 -0.006856509 0.000721412 -0.000617930 0.999999523 2.405028105
0.999996662 -0.002470383 -0.000739951 -0.003025316 0.002471194 0.999996364 0.001097973 -0.007146470 0.000737236 -0.001099798 0.999999106 2.464714527
0.999997735 -0.002130757 -0.000148459 -0.003789033 0.002130689 0.999997616 -0.000458253 -0.006721282 0.000149435 0.000457936 0.999999881 2.525438070
0.999999046 -0.001390718 0.000082016 -0.003428098 0.001390638 0.999998569 0.000972355 -0.007594427 -0.000083368 -0.000972240 0.999999523 2.584930420
0.999998629 -0.001614827 -0.000332059 -0.003601812 0.001615085 0.999998391 0.000779711 -0.008222743 0.000330799 -0.000780247 0.999999642 2.643689394
0.999997854 -0.002035948 -0.000417515 -0.003912589 0.002036494 0.999997079 0.001309653 -0.009026765 0.000414847 -0.001310501 0.999999046 2.704833508
0.999999285 -0.001171446 0.000283705 -0.004841650 0.001171360 0.999999285 0.000302811 -0.008205244 -0.000284059 -0.000302478 0.999999940 2.764448881
0.999998808 -0.001555449 0.000101050 -0.004283644 0.001555352 0.999998331 0.000956265 -0.009020988 -0.000102537 -0.000956106 0.999999523 2.824876070
0.999999702 -0.000640770 0.000401597 -0.004959242 0.000640330 0.999999225 0.001094325 -0.008941662 -0.000402298 -0.001094067 0.999999344 2.884113073
0.999997497 -0.001999446 -0.000999193 -0.003246981 0.002000022 0.999997854 0.000575617 -0.008834310 0.000998040 -0.000577614 0.999999344 2.942861080
0.999997973 -0.001953717 -0.000446221 -0.003511058 0.001954413 0.999996841 0.001564418 -0.009140874 0.000443163 -0.001565287 0.999998689 3.003742695
0.999998033 -0.001880566 -0.000596034 -0.003098499 0.001881096 0.999997854 0.000890610 -0.009053103 0.000594358 -0.000891729 0.999999404 3.062610626
0.999998510 -0.001635007 -0.000497818 -0.003208874 0.001635597 0.999997973 0.001187737 -0.008971392 0.000495875 -0.001188550 0.999999166 3.121680498
0.999998510 -0.001717097 0.000188985 -0.007372196 0.001716989 0.999998391 0.000569977 -0.007555901 -0.000189963 -0.000569651 0.999999821 3.182648897
0.999997735 -0.002116587 0.000045804 -0.006922385 0.002116556 0.999997556 0.000652712 -0.007550949 -0.000047186 -0.000652614 0.999999762 3.242081404
0.999997854 -0.002077966 -0.000073786 -0.006199218 0.002077934 0.999997735 -0.000440065 -0.006172356 0.000074700 0.000439911 0.999999881 3.303412676
0.999996424 -0.002677204 0.000021934 -0.006018106 0.002677218 0.999996185 -0.000669283 -0.005900874 -0.000020143 0.000669339 0.999999762 3.364747524
0.999997437 -0.002170116 0.000649639 -0.008952625 0.002170283 0.999997616 -0.000256421 -0.007454973 -0.000649081 0.000257830 0.999999762 3.423832178
0.999997854 -0.002007038 0.000486410 -0.008791642 0.002006925 0.999997973 0.000232486 -0.008052183 -0.000486876 -0.000231509 0.999999881 3.483107090
0.999997616 -0.002092362 0.000632091 -0.008534352 0.002092544 0.999997795 -0.000288384 -0.007475092 -0.000631487 0.000289706 0.999999762 3.529457569
0.999997437 -0.002229220 0.000355780 -0.008279151 0.002228962 0.999997258 0.000725016 -0.008740059 -0.000357395 -0.000724221 0.999999702 3.561662436
0.999998391 -0.001604692 -0.000820427 -0.008787053 0.001605351 0.999998391 0.000803700 -0.008698002 0.000819136 -0.000805016 0.999999344 3.584584475
0.999785781 -0.002182621 -0.020581625 -0.012616490 0.002167522 0.999997377 -0.000755881 -0.007146093 0.020583220 0.000711108 0.999787867 3.604803324
0.998506486 -0.002141762 -0.054591805 -0.017665386 0.002111602 0.999997556 -0.000610144 -0.007576324 0.054592978 0.000493956 0.998508573 3.614979506
0.995283842 -0.002050360 -0.096984051 -0.024176480 0.001999114 0.999997795 -0.000625558 -0.007205531 0.096985124 0.000428726 0.995285749 3.621410847
0.989835620 -0.002110854 -0.142200559 -0.030469943 0.002094333 0.999997795 -0.000265855 -0.007515904 0.142200798 -0.000034662 0.989837825 3.624696493
0.982016325 -0.001836615 -0.188787222 -0.038170669 0.001752178 0.999998271 -0.000614157 -0.007333404 0.188788027 0.000272324 0.982017815 3.625527859
0.971572638 -0.001056063 -0.236739337 -0.044170871 0.001095549 0.999999404 0.000035240 -0.007893907 0.236739159 -0.000293597 0.971573234 3.624073982
0.958651006 -0.001112671 -0.284582078 -0.050826494 0.000960076 0.999999285 -0.000675701 -0.007369270 0.284582645 0.000374541 0.958651423 3.622134209
0.943322241 -0.000795576 -0.331877321 -0.056829158 0.000794314 0.999999702 -0.000139455 -0.007482136 0.331877321 -0.000132064 0.943322539 3.618721008
0.925708055 -0.000793017 -0.378237993 -0.062972903 0.000680177 0.999999702 -0.000431928 -0.007248487 0.378238231 0.000142570 0.925708294 3.614784479
0.905583739 -0.000456629 -0.424167335 -0.068892986 0.000311079 0.999999881 -0.000412389 -0.007422499 0.424167484 0.000241503 0.905583739 3.609526873
0.883417904 -0.000043694 -0.468585968 -0.074079961 -0.000242637 0.999999821 -0.000550685 -0.007374041 0.468585908 0.000600181 0.883417726 3.604360104
0.858898938 -0.000864890 -0.512144387 -0.079248726 0.000126979 0.999998927 -0.001475808 -0.006923115 0.512145102 0.001202538 0.858898103 3.598376513
0.832368731 -0.000278256 -0.554222226 -0.084062219 0.000198967 0.999999940 -0.000203245 -0.008170259 0.554222226 0.000058903 0.832368731 3.591827393
0.803835750 0.000210968 -0.594851315 -0.089079320 -0.000354966 0.999999940 -0.000125016 -0.007875635 0.594851255 0.000311644 0.803835750 3.585504532
0.772515833 -0.000020348 -0.634995520 -0.092574269 0.000144576 1.000000000 0.000143842 -0.008340015 0.634995520 -0.000202925 0.772515833 3.578839779
0.740017891 -0.000306861 -0.672587156 -0.096710503 0.000339773 0.999999940 -0.000082402 -0.007663146 0.672587097 -0.000167548 0.740017951 3.572260380
0.705758452 0.000742389 -0.708452225 -0.100795031 -0.000228471 0.999999642 0.000820300 -0.008307317 0.708452523 -0.000417072 0.705758333 3.565002680
0.669244409 0.000006609 -0.743042350 -0.103151083 -0.000176846 1.000000000 -0.000150387 -0.007579955 0.743042350 0.000232050 0.669244409 3.557631254
0.631287336 -0.000270766 -0.775548995 -0.106940269 -0.000742719 0.999999285 -0.000953692 -0.006432859 0.775548697 0.001178068 0.631286740 3.550487995
0.591828108 -0.000054056 -0.806064248 -0.108824253 -0.000602196 0.999999702 -0.000509206 -0.006866179 0.806064010 0.000786771 0.591827929 3.542875290
0.550702870 0.000026668 -0.834701419 -0.110756397 -0.000906497 0.999999404 -0.000566121 -0.006689237 0.834700942 0.001068419 0.550702572 3.534969091
0.508433819 0.000644550 -0.861100912 -0.112240314 -0.001268554 0.999999225 -0.000000495 -0.006951829 0.861100256 0.001092605 0.508434176 3.527353764
0.464655101 0.000165357 -0.885491729 -0.113465905 -0.001236536 0.999999106 -0.000462122 -0.006358461 0.885490894 0.001309670 0.464654922 3.519381285
0.419888914 0.000644374 -0.907575369 -0.113970876 -0.001976811 0.999998033 -0.000204577 -0.006487289 0.907573402 0.001880004 0.419889331 3.510790825
0.374694824 0.000406254 -0.927148163 -0.114375949 -0.002063515 0.999997795 -0.000395768 -0.006146286 0.927145958 0.002061476 0.374694884 3.503186703
0.327319503 -0.000565711 -0.944913626 -0.115299225 -0.001278902 0.999998629 -0.001041704 -0.005412648 0.944912910 0.001549422 0.327318370 3.495393515
0.279947340 -0.000653264 -0.960015237 -0.114715099 -0.001507487 0.999998212 -0.001120066 -0.005182120 0.960014284 0.001760770 0.279945850 3.487547398
0.232915342 -0.000569014 -0.972496927 -0.113717794 -0.001537761 0.999998391 -0.000953403 -0.005081001 0.972495914 0.001717530 0.232914090 3.479619980
0.203588068 -0.000308624 -0.979056597 -0.113155365 -0.001488748 0.999998689 -0.000624800 -0.005356356 0.979055524 0.001584771 0.203587353 3.474849701
0.187969744 -0.000671199 -0.982174695 -0.112576246 -0.001589889 0.999998271 -0.000987655 -0.004894675 0.982173622 0.001747197 0.187968373 3.472773075
0.179552376 0.000055210 -0.983748436 -0.111683607 -0.001955566 0.999998033 -0.000300805 -0.005718512 0.983746529 0.001977795 0.179552138 3.471459150
0.176339865 0.000492399 -0.984329283 -0.112576008 -0.002843808 0.999995947 -0.000009225 -0.005571917 0.984325290 0.002800870 0.176340580 3.470731497
0.173636794 -0.000404341 -0.984809637 -0.126306295 -0.001529218 0.999998629 -0.000680201 -0.005349318 0.984808505 0.001624097 0.173635960 3.473019123
0.173047423 -0.000686644 -0.984913349 -0.152073622 -0.001450557 0.999998510 -0.000952021 -0.005364210 0.984912515 0.001593417 0.173046172 3.477140427
0.172217786 -0.000148347 -0.985058963 -0.186283112 -0.001604964 0.999998629 -0.000431193 -0.006065480 0.985057652 0.001655243 0.172217309 3.483824253
0.172881842 0.000444718 -0.984942555 -0.230121613 -0.002833529 0.999996006 -0.000045840 -0.005466184 0.984938562 0.002798788 0.172882378 3.489029408
0.172249913 -0.000126259 -0.985053301 -0.264405012 -0.001709131 0.999998450 -0.000427040 -0.005635080 0.985051811 0.001757143 0.172249436 3.494974136
0.171825171 -0.000588221 -0.985127270 -0.301138639 -0.002188775 0.999997139 -0.000978864 -0.004625266 0.985125065 0.002324415 0.171823382 3.502152205
0.171369970 -0.000317147 -0.985206723 -0.345190048 -0.002425003 0.999996781 -0.000743721 -0.005791504 0.985203803 0.002516581 0.171368659 3.508531094
0.151842892 -0.000629033 -0.988404512 -0.392240286 -0.002168857 0.999997199 -0.000969601 -0.005357921 0.988402367 0.002290935 0.151841104 3.513733387
0.117376387 0.000102528 -0.993087649 -0.440661430 -0.002328565 0.999997258 -0.000171980 -0.005952193 0.993084908 0.002332655 0.117376268 3.516897440
0.075203359 -0.000850491 -0.997167826 -0.479839087 -0.001701471 0.999998093 -0.000981224 -0.005127858 0.997166753 0.001770444 0.075201750 3.518214226
0.031085193 -0.000947118 -0.999516428 -0.520122051 -0.001940965 0.999997616 -0.001007939 -0.004911183 0.999514937 0.001971359 0.031083286 3.516895056
0.004234433 -0.001074373 -0.999990463 -0.566022158 -0.002603318 0.999996006 -0.001085403 -0.004552048 0.999987662 0.002607889 0.004231632 3.515781879
-0.010404587 -0.001415971 -0.999944866 -0.616825581 -0.001583593 0.999997795 -0.001399569 -0.004484498 0.999944627 0.001568944 -0.010406852 3.516898632
-0.017355680 -0.001132611 -0.999848783 -0.668926001 -0.001907390 0.999997556 -0.001099671 -0.004844769 0.999847591 0.001888016 -0.017357826 3.517644167
-0.022999406 -0.002406418 -0.999732614 -0.710837841 -0.000514044 0.999997020 -0.002395228 -0.003639987 0.999735415 0.000458818 -0.023000479 3.518391609
-0.044118285 -0.001846484 -0.999024570 -0.739321947 -0.001020569 0.999997854 -0.001803213 -0.004233676 0.999025762 0.000940019 -0.044120193 3.515588284
-0.080351591 -0.002242561 -0.996764183 -0.758613825 -0.000423022 0.999997437 -0.002215735 -0.003675151 0.996766567 0.000243615 -0.080352306 3.512238264
-0.122534037 -0.002023054 -0.992462277 -0.771106958 -0.000469035 0.999997914 -0.001980506 -0.004010892 0.992464244 0.000222820 -0.122534752 3.506793976
-0.168825150 -0.002085768 -0.985643864 -0.778875589 -0.001304893 0.999997377 -0.001892635 -0.003725384 0.985645235 0.000966636 -0.168827415 3.501202822
-0.215196967 -0.001790955 -0.976569176 -0.782888651 -0.001357803 0.999997914 -0.001534717 -0.003802951 0.976569831 0.000995722 -0.215198874 3.494818211
-0.263285875 -0.002325574 -0.964715123 -0.784252644 -0.001094002 0.999997199 -0.002112056 -0.003524374 0.964717269 0.000499326 -0.263287663 3.488500595
-0.309607506 -0.002209696 -0.950862050 -0.783404589 -0.001474407 0.999997199 -0.001843803 -0.003555545 0.950863481 0.000831103 -0.309609890 3.482810259
-0.357134581 -0.001998294 -0.934050977 -0.781264305 -0.001586588 0.999997556 -0.001532747 -0.003757095 0.934051752 0.000934557 -0.357136846 3.476764917
-0.403557181 -0.001377536 -0.914953411 -0.778328896 -0.000603179 0.999999046 -0.001239536 -0.003805115 0.914954245 0.000051657 -0.403557658 3.471475840
-0.449062347 -0.001467679 -0.893499196 -0.773911953 -0.000665122 0.999998927 -0.001308335 -0.003848679 0.893500149 0.000006762 -0.449062943 3.465780973
-0.492254972 -0.001617158 -0.870449722 -0.768268585 -0.001582025 0.999998271 -0.000963175 -0.004097485 0.870449781 0.000902945 -0.492256641 3.460728645
-0.534558535 -0.001407300 -0.845130205 -0.762445927 -0.001527732 0.999998569 -0.000698869 -0.004255411 0.845130026 0.000917546 -0.534559965 3.455079079
-0.576935410 -0.001569188 -0.816788495 -0.756675720 -0.001789072 0.999998212 -0.000657461 -0.004335299 0.816788077 0.001081981 -0.576937199 3.450865269
-0.616236806 -0.001522692 -0.787559509 -0.750201225 -0.002561842 0.999996722 0.000071123 -0.004313664 0.787556827 0.002061432 -0.616238713 3.446233034
-0.654892564 -0.000977095 -0.755721509 -0.743238449 -0.001823315 0.999998271 0.000287118 -0.004587724 0.755719960 0.001565950 -0.654893279 3.442723989
-0.691723824 -0.001582928 -0.722160816 -0.735863686 -0.002283206 0.999997377 -0.000004953 -0.004336277 0.722158909 0.001645415 -0.691725731 3.439386129
-0.726795673 -0.001191513 -0.686853051 -0.728574276 -0.002632616 0.999996006 0.001050974 -0.004865795 0.686849058 0.002572063 -0.726795912 3.435838223
-0.760582566 -0.001585079 -0.649239540 -0.721387863 -0.001822547 0.999998271 -0.000306326 -0.004283268 0.649238944 0.000950283 -0.760584235 3.433716774
-0.792137980 -0.001409958 -0.610340655 -0.713484764 -0.002051441 0.999997854 0.000352375 -0.004517024 0.610338807 0.001531207 -0.792139173 3.431468964
-0.821614504 -0.002318321 -0.570038855 -0.706007957 -0.003134315 0.999994993 0.000450652 -0.004246057 0.570034981 0.002156944 -0.821617603 3.428687096
-0.848779321 -0.001877559 -0.528743923 -0.698311567 -0.002729734 0.999995947 0.000831007 -0.004431326 0.528740227 0.002148672 -0.848780990 3.427411795
-0.874355197 -0.001860531 -0.485283017 -0.690510750 -0.003091279 0.999993742 0.001735804 -0.004966661 0.485276729 0.003017854 -0.874355435 3.426062107
-0.897627234 -0.001887006 -0.440751344 -0.682828188 -0.002951707 0.999994159 0.001730085 -0.004360456 0.440745473 0.002853940 -0.897627592 3.425157070
-0.918388128 -0.002440731 -0.395673126 -0.674276352 -0.003292460 0.999993503 0.001473544 -0.004469250 0.395666957 0.002656023 -0.918390155 3.424387217
-0.937298298 -0.002459743 -0.348519981 -0.665607691 -0.003280321 0.999993086 0.001764354 -0.004529067 0.348513216 0.002796983 -0.937299848 3.424637079
-0.953300595 -0.002694823 -0.302011460 -0.658095121 -0.003384514 0.999992728 0.001760381 -0.004361309 0.302004516 0.002700334 -0.953302860 3.424813986
-0.967016459 -0.003418510 -0.254690915 -0.649374008 -0.003952561 0.999990940 0.001585109 -0.004149254 0.254683197 0.002539508 -0.967021227 3.425668716
-0.978477716 -0.004111123 -0.206311882 -0.640988469 -0.004262742 0.999990880 0.000290399 -0.003570355 0.206308797 0.001163603 -0.978486300 3.426907778
-0.987548113 -0.003219822 -0.157283664 -0.633473754 -0.003541955 0.999992192 0.001767855 -0.003962517 0.157276735 0.002302934 -0.987551808 3.428149700
-0.994206667 -0.003291166 -0.107433885 -0.626042962 -0.003430228 0.999993503 0.001109625 -0.003763626 0.107429534 0.001471719 -0.994211555 3.430664778
-0.998221159 -0.003421138 -0.059524391 -0.617304921 -0.003554987 0.999991357 0.002142890 -0.003978416 0.059516545 0.002350687 -0.998224735 3.431951761
-0.999567032 -0.002985850 -0.029280730 -0.614128113 -0.003102063 0.999987483 0.003924291 -0.005080104 0.029268647 0.004013421 -0.999563813 3.420237303
-0.999895573 -0.003646312 -0.013981403 -0.612880230 -0.003688446 0.999988735 0.002988995 -0.004215184 0.013970346 0.003040253 -0.999897718 3.393983126
-0.999967098 -0.004094508 -0.007011270 -0.611745536 -0.004117311 0.999986291 0.003240981 -0.004177901 0.006997903 0.003269742 -0.999970317 3.358846426
-0.999990582 -0.004016389 -0.001700468 -0.612826824 -0.004020039 0.999989629 0.002148625 -0.003682486 0.001691821 0.002155440 -0.999996424 3.316894770
-0.999992728 -0.003858497 0.000284925 -0.613008082 -0.003857767 0.999989390 0.002521608 -0.003652478 -0.000294651 0.002520490 -0.999996901 3.269584894
-0.999993801 -0.002949614 0.001853479 -0.613883853 -0.002942102 0.999987483 0.004042855 -0.004426718 -0.001865380 0.004037377 -0.999989986 3.219273806
-0.999994040 -0.002660191 0.002275657 -0.614430070 -0.002652838 0.999991298 0.003228129 -0.003923880 -0.002284224 0.003222072 -0.999992371 3.166822195
-0.999990702 -0.002736582 0.003379239 -0.614694476 -0.002728916 0.999993682 0.002271252 -0.003481849 -0.003385433 0.002262009 -0.999991775 3.110018015
-0.999992251 -0.003361724 0.002072264 -0.613723040 -0.003354940 0.999989033 0.003268713 -0.004393609 -0.002083230 0.003261735 -0.999992490 3.054239750
-0.999991536 -0.003180702 0.002699389 -0.613838434 -0.003173133 0.999991059 0.002803998 -0.003944050 -0.002708283 0.002795408 -0.999992609 2.996612787
-0.999988079 -0.003543274 0.003397592 -0.615248263 -0.003523616 0.999977112 0.005774402 -0.006830228 -0.003417975 0.005762361 -0.999977589 2.937900782
-0.999987960 -0.003527417 0.003409458 -0.615016103 -0.003508158 0.999977946 0.005638244 -0.007020938 -0.003429271 0.005626215 -0.999978304 2.879652739
-0.999984264 -0.004004824 0.003920178 -0.614986658 -0.003980847 0.999973416 0.006105184 -0.007228699 -0.003944524 0.006089482 -0.999973655 2.820248365
-0.999985456 -0.004184473 0.003420161 -0.614098489 -0.004164516 0.999974370 0.005821503 -0.006801018 -0.003444433 0.005807175 -0.999977231 2.761095524
-0.999989271 -0.003444818 0.003103142 -0.613795042 -0.003425952 0.999975741 0.006064570 -0.006922235 -0.003123958 0.006053873 -0.999976873 2.701470375
-0.999988079 -0.004088082 0.002706801 -0.613234639 -0.004070953 0.999971867 0.006303841 -0.006436745 -0.002732496 0.006292746 -0.999976635 2.641835928
-0.999987721 -0.004246973 0.002608640 -0.612932682 -0.004228640 0.999966621 0.006993541 -0.006655755 -0.002638254 0.006982422 -0.999972224 2.582276821
-0.999990821 -0.003355687 0.002773011 -0.613270044 -0.003340031 0.999978542 0.005631202 -0.005713582 -0.002791848 0.005621887 -0.999980569 2.523699522
-0.999990463 -0.003373222 0.002806178 -0.612895250 -0.003357917 0.999979556 0.005440908 -0.005055885 -0.002824474 0.005431432 -0.999981403 2.461925268
-0.999992371 -0.002748762 0.002735209 -0.612538457 -0.002733847 0.999981463 0.005441938 -0.005077813 -0.002750117 0.005434419 -0.999981403 2.402712107
-0.999987602 -0.004026809 0.002998506 -0.612550378 -0.004011144 0.999978364 0.005212045 -0.004487661 -0.003019429 0.005199952 -0.999982119 2.341273785
-0.999986768 -0.003972980 0.003336413 -0.612374127 -0.003956854 0.999980509 0.004825947 -0.004218782 -0.003355522 0.004812680 -0.999983072 2.282730818
-0.999988437 -0.002998809 0.003784058 -0.612682760 -0.002974438 0.999974906 0.006429637 -0.005237660 -0.003803244 0.006418306 -0.999972224 2.222121477
-0.999987125 -0.002750710 0.004307649 -0.612919390 -0.002714416 0.999960959 0.008408762 -0.006421092 -0.004330611 0.008396960 -0.999955535 2.162947178
-0.999988794 -0.002966775 0.003709938 -0.611992657 -0.002940064 0.999969840 0.007184820 -0.006065544 -0.003731142 0.007173831 -0.999967456 2.103190184
-0.999989510 -0.002591789 0.003813932 -0.612028122 -0.002562382 0.999967098 0.007695382 -0.005902253 -0.003833751 0.007685527 -0.999963284 2.043497086
-0.999985456 -0.002540996 0.004811073 -0.612107038 -0.002502771 0.999965370 0.007934544 -0.005748321 -0.004831068 0.007922385 -0.999957204 1.983586907
-0.999987721 -0.003407924 0.003616256 -0.611058295 -0.003383042 0.999970734 0.006864690 -0.005088729 -0.003639544 0.006852371 -0.999969959 1.923811913
-0.999986053 -0.004013682 0.003478327 -0.610325158 -0.003988808 0.999966621 0.007128822 -0.004954942 -0.003506824 0.007114847 -0.999968648 1.864567161
-0.999980927 -0.005210896 0.003346742 -0.609605074 -0.005190760 0.999968529 0.005997454 -0.003728224 -0.003377889 0.005979966 -0.999976516 1.803945899
-0.999985695 -0.004268563 0.003278929 -0.609145284 -0.004248483 0.999972343 0.006106866 -0.003644761 -0.003304906 0.006092847 -0.999976158 1.744380116
-0.999984145 -0.004266777 0.003664408 -0.608488619 -0.004244301 0.999972284 0.006119442 -0.003493696 -0.003690416 0.006103792 -0.999974489 1.685147405
-0.999984026 -0.004561479 0.003356870 -0.607967257 -0.004535242 0.999959409 0.007782635 -0.004539838 -0.003392234 0.007767286 -0.999964118 1.625630021
-0.999983668 -0.004203802 0.003855852 -0.607664168 -0.004177831 0.999968708 0.006719115 -0.003577079 -0.003883977 0.006702897 -0.999969959 1.565269232
-0.999984264 -0.003948236 0.004067047 -0.607679367 -0.003925193 0.999976277 0.005658232 -0.003319385 -0.004089291 0.005642177 -0.999976039 1.505700707
-0.999986172 -0.004310709 0.003088110 -0.606914461 -0.004291085 0.999970734 0.006333677 -0.003339757 -0.003115322 0.006320337 -0.999975443 1.446772695
-0.999985933 -0.004263221 0.003214207 -0.606806517 -0.004241843 0.999969006 0.006629063 -0.003058245 -0.003242368 0.006615335 -0.999973059 1.386896729
-0.999983191 -0.004763138 0.003384031 -0.606084526 -0.004740943 0.999967396 0.006536737 -0.003408981 -0.003415056 0.006520582 -0.999973178 1.328300238
-0.999985218 -0.004234044 0.003401731 -0.605837882 -0.004209421 0.999965131 0.007213357 -0.003585721 -0.003432154 0.007198932 -0.999968171 1.268526793
-0.999981284 -0.004872419 0.003688339 -0.605577171 -0.004842278 0.999955177 0.008137289 -0.003777709 -0.003727822 0.008119277 -0.999960065 1.209102392
-0.999982119 -0.004413981 0.004061366 -0.605694175 -0.004385009 0.999965072 0.007114823 -0.003026635 -0.004092629 0.007096885 -0.999966502 1.149535894
-0.999983430 -0.004701994 0.003366547 -0.605231583 -0.004676766 0.999961197 0.007462682 -0.002892177 -0.003401506 0.007446812 -0.999966621 1.088849068
-0.999982595 -0.003719244 0.004617421 -0.606197953 -0.003686670 0.999968410 0.007043204 -0.001330388 -0.004643471 0.007026058 -0.999964714 1.027515173
-0.999982595 -0.003982331 0.004395743 -0.605780661 -0.003951251 0.999967277 0.007056758 -0.000904754 -0.004423701 0.007039265 -0.999965668 0.966264725
-0.999982119 -0.003504491 0.004858737 -0.605937421 -0.003472618 0.999972522 0.006552951 -0.000133093 -0.004881569 0.006535961 -0.999966741 0.907899618
-0.999984384 -0.003637068 0.004263326 -0.605074465 -0.003609306 0.999972343 0.006501689 0.000723576 -0.004286855 0.006486199 -0.999969840 0.846406698
-0.999984145 -0.003869496 0.004093133 -0.604313374 -0.003842105 0.999970317 0.006678711 0.001030771 -0.004118855 0.006662878 -0.999969244 0.785980701
-0.999980807 -0.004046515 0.004733160 -0.604411840 -0.004013330 0.999967456 0.006999780 0.000690460 -0.004761330 0.006980649 -0.999964476 0.727658749
-0.999982238 -0.003788363 0.004628326 -0.604857147 -0.003759817 0.999973953 0.006160993 0.002530570 -0.004651545 0.006143481 -0.999970436 0.665816545
-0.999983072 -0.003827245 0.004432942 -0.604154229 -0.003800520 0.999974668 0.006021723 0.002838134 -0.004455877 0.006004772 -0.999972224 0.606089771
-0.999980211 -0.004143029 0.004751858 -0.604630411 -0.004112686 0.999971211 0.006377497 0.003175648 -0.004778143 0.006357828 -0.999968410 0.545729399
-0.999979496 -0.003530118 0.005360686 -0.603444517 -0.003496983 0.999974787 0.006177989 0.003364503 -0.005382359 0.006159116 -0.999966621 0.487537116
-0.999980688 -0.003896287 0.004892416 -0.602849782 -0.003865045 0.999972165 0.006379106 0.003720231 -0.004917135 0.006360071 -0.999967933 0.441226453
-0.999991775 -0.003199732 0.002508665 -0.603469431 -0.003184151 0.999975741 0.006190459 0.003641555 -0.002528413 0.006182420 -0.999977708 0.408098519
-0.999295115 -0.003550784 -0.037375636 -0.609080553 -0.003770073 0.999976099 0.005798302 0.004394331 0.037354153 0.005935123 -0.999284625 0.381562293
-0.994316101 -0.003194467 -0.106422491 -0.619618773 -0.003864873 0.999973953 0.006093822 0.003604032 0.106400259 0.006470494 -0.994302511 0.362294644
-0.982060432 -0.003327763 -0.188537106 -0.633025229 -0.004404557 0.999976277 0.005292629 0.004181241 0.188515022 0.006028104 -0.982051730 0.346061379
-0.960851669 -0.003292332 -0.277043700 -0.647847593 -0.004791018 0.999977350 0.004732829 0.004198095 0.277021855 0.005874868 -0.960845709 0.335538119
-0.928593516 -0.003090789 -0.371085674 -0.664276719 -0.005018483 0.999978483 0.004229235 0.004078138 0.371064603 0.005789527 -0.928589106 0.328374445
-0.889753580 -0.003657162 -0.456426650 -0.679476321 -0.005670981 0.999979317 0.003042524 0.004649146 0.456406057 0.005295483 -0.889755964 0.324818730
-0.840566158 -0.003199006 -0.541699588 -0.695433259 -0.005282651 0.999983430 0.002291795 0.004368003 0.541683316 0.004788015 -0.840569139 0.324493229
-0.782171249 -0.003336416 -0.623054743 -0.711001873 -0.005734996 0.999981880 0.001844771 0.004343913 0.623037279 0.005016143 -0.782176256 0.326138586
-0.717001796 -0.003128021 -0.697064281 -0.725751281 -0.005564981 0.999983728 0.001236803 0.004346537 0.697049081 0.004765939 -0.717007518 0.329983950
-0.644479394 -0.002609176 -0.764617264 -0.740204930 -0.005281799 0.999985516 0.001039569 0.003842966 0.764603436 0.004708536 -0.644483805 0.336775482
-0.564516306 -0.002701889 -0.825417638 -0.753226042 -0.005381637 0.999985456 0.000407275 0.003141194 0.825404465 0.004672011 -0.564522624 0.344506323
-0.479067802 -0.002907205 -0.877773225 -0.766386211 -0.005543221 0.999984622 -0.000286614 0.003457516 0.877760589 0.004728383 -0.479076505 0.352782011
-0.390789986 -0.002589794 -0.920476377 -0.789353013 -0.004948488 0.999987483 -0.000712613 0.003116335 0.920466721 0.004276484 -0.390797973 0.357438982
-0.334782839 -0.002562873 -0.942291975 -0.819707811 -0.005022286 0.999986947 -0.000935448 0.002826493 0.942282081 0.004419287 -0.334791303 0.353128314
-0.305590034 -0.002926323 -0.952158689 -0.854782283 -0.004928283 0.999986768 -0.001491611 0.002816171 0.952150464 0.004236686 -0.305600405 0.342797577
-0.290302753 -0.001885453 -0.956932962 -0.894780397 -0.004607043 0.999989212 -0.000572658 0.002188014 0.956923723 0.004242388 -0.290308356 0.330529451
-0.282264352 -0.001688426 -0.959335327 -0.926754773 -0.004534093 0.999989629 -0.000425916 0.001459792 0.959326088 0.004229495 -0.282269001 0.319252729
-0.278176188 -0.002548993 -0.960526764 -0.950165749 -0.004841153 0.999987483 -0.001251675 0.002877182 0.960517943 0.004301870 -0.278185129 0.311063528
-0.273249507 -0.001892906 -0.961941302 -0.965700388 -0.004910277 0.999987781 -0.000572957 0.001952100 0.961930633 0.004566838 -0.273255467 0.304665804
-0.234513164 -0.002395301 -0.972109973 -0.982518375 -0.004581866 0.999988556 -0.001358658 0.002485092 0.972102106 0.004135455 -0.234521508 0.306191564
-0.165981054 -0.002293085 -0.986126304 -0.996699274 -0.003800452 0.999991357 -0.001685648 0.002328135 0.986121655 0.003467940 -0.165988326 0.312877297
-0.083353043 -0.002316150 -0.996517420 -1.008706331 -0.003392186 0.999992192 -0.002040490 0.002344828 0.996514380 0.003210291 -0.083360195 0.322384477
0.005701244 -0.000489569 -0.999983609 -1.016376019 -0.003222060 0.999994695 -0.000507944 -0.000843909 0.999978542 0.003224903 0.005699635 0.333933830
0.061881542 -0.000498543 -0.998083413 -1.035739660 -0.002616749 0.999996364 -0.000661738 -0.000942247 0.998080134 0.002652683 0.061880052 0.341869056
0.091252148 -0.000321584 -0.995827854 -1.065152287 -0.002715703 0.999996126 -0.000571783 -0.001448034 0.995824218 0.002756549 0.091250896 0.345069349
0.105894208 -0.000058554 -0.994377434 -1.102459550 -0.002501131 0.999996841 -0.000325237 -0.001928676 0.994374275 0.002521508 0.105893731 0.349387288
0.113700211 -0.000031136 -0.993515193 -1.147615671 -0.003115143 0.999995053 -0.000387844 -0.001608259 0.993510306 0.003139040 0.113699555 0.353877425
0.117151439 -0.001049284 -0.993113518 -1.195256472 -0.002601573 0.999995708 -0.001363447 -0.000286917 0.993110657 0.002743387 0.117148221 0.358436942
0.119466722 -0.000093178 -0.992838204 -1.232103825 -0.002831219 0.999995887 -0.000434526 -0.001344145 0.992834151 0.002862853 0.119465947 0.360789299
0.119855344 -0.001472576 -0.992790222 -1.276271105 -0.002841883 0.999994278 -0.001826350 0.000291026 0.992787242 0.003040291 0.119850457 0.368521690
0.120360434 -0.001617444 -0.992729068 -1.322099328 -0.003015990 0.999993443 -0.001994945 -0.000022213 0.992725790 0.003234174 0.120354772 0.372850657
0.120516360 -0.001263590 -0.992710650 -1.371380210 -0.002673157 0.999995172 -0.001597387 -0.000490307 0.992707849 0.002846183 0.120512366 0.378632426
0.124000490 -0.001899180 -0.992280364 -1.423336983 -0.002928738 0.999993086 -0.002279932 0.000094467 0.992277861 0.003188842 0.123994052 0.383518100
0.164245605 0.000121644 -0.986419439 -1.465211391 -0.002160797 0.999997616 -0.000236469 -0.004169988 0.986417055 0.002170291 0.164245486 0.390285015
0.232312858 0.001333363 -0.972640216 -1.496105433 -0.002061185 0.999997497 0.000878558 -0.005711344 0.972638965 0.001800691 0.232315004 0.404818892
0.311912537 0.001024315 -0.950110257 -1.518766880 -0.002251358 0.999997437 0.000338998 -0.005372130 0.950108111 0.002033301 0.311914027 0.420791626
0.399053931 0.000079362 -0.916927457 -1.534152031 -0.000966738 0.999999464 -0.000334179 -0.005101381 0.916926980 0.001019784 0.399053812 0.437579632
0.480688870 -0.000294433 -0.876891255 -1.543107748 -0.000365521 0.999999762 -0.000536138 -0.005127100 0.876891196 0.000578237 0.480688632 0.453053176
0.530342877 0.000223272 -0.847783267 -1.549042702 -0.000362468 0.999999940 0.000036613 -0.005860356 0.847783208 0.000287877 0.530342937 0.463716269
0.555645347 0.000128198 -0.831419468 -1.553987503 0.000197164 0.999999940 0.000285958 -0.006064354 0.831419468 -0.000322817 0.555645287 0.468263566
0.571233511 0.000206995 -0.820787549 -1.558266759 -0.000161340 1.000000000 0.000139904 -0.005763455 0.820787549 0.000052508 0.571233571 0.471213102
0.610423923 -0.000460233 -0.792074740 -1.559257746 -0.000135291 0.999999762 -0.000685311 -0.005438187 0.792074859 0.000525491 0.610423684 0.478522480
0.665244877 -0.000102263 -0.746625245 -1.556816816 0.000115863 1.000000000 -0.000033733 -0.005970121 0.746625245 -0.000064066 0.665244877 0.489824623
0.728045464 -0.000319378 -0.685528815 -1.553239465 -0.000071845 0.999999821 -0.000542186 -0.005873313 0.685528874 0.000443988 0.728045344 0.502510428
0.787542760 -0.000206705 -0.616259992 -1.546692133 0.000127695 1.000000000 -0.000172232 -0.006518384 0.616260052 0.000056947 0.787542760 0.515502572
0.843581498 -0.000753015 -0.537000716 -1.538805962 0.000668001 0.999999702 -0.000352889 -0.006247147 0.537000835 -0.000061026 0.843581736 0.528943956
0.891648173 -0.000691859 -0.452728480 -1.528994203 0.000654158 0.999999762 -0.000239836 -0.006990165 0.452728540 -0.000082307 0.891648412 0.539600134
0.932373405 -0.000857101 -0.361495644 -1.517683506 0.000924696 0.999999583 0.000014002 -0.007267146 0.361495465 -0.000347329 0.932373822 0.550735593
0.963159561 -0.001410548 -0.268926978 -1.504922152 0.001737678 0.999998033 0.000978393 -0.007597315 0.268925071 -0.001409657 0.963160098 0.562182188
0.984779656 -0.001179709 -0.173803329 -1.494843483 0.001530912 0.999997020 0.001886643 -0.008952214 0.173800588 -0.002124005 0.984778583 0.582838535
0.993433833 -0.000786999 -0.114405438 -1.492391109 0.001012635 0.999997675 0.001914151 -0.009106029 0.114403658 -0.002017434 0.993432283 0.613039553
0.996562958 -0.000512504 -0.082837246 -1.494760394 0.000589066 0.999999404 0.000899807 -0.007802751 0.082836740 -0.000945511 0.996562660 0.650815248
0.997750819 -0.000601939 -0.067029357 -1.498478293 0.000707845 0.999998510 0.001556259 -0.008446342 0.067028321 -0.001600205 0.997749805 0.692365527
0.998291790 -0.000873901 -0.058418162 -1.501968026 0.000980791 0.999997914 0.001801101 -0.008617095 0.058416467 -0.001855321 0.998290598 0.728675246
0.998487115 -0.000737151 -0.054981068 -1.504484177 0.000813010 0.999998748 0.001357371 -0.007769684 0.054979999 -0.001400018 0.998486459 0.765446544
0.998619914 -0.000844180 -0.052512359 -1.508599281 0.000894224 0.999999166 0.000929508 -0.008242513 0.052511532 -0.000975183 0.998619854 0.809194565
0.998667121 -0.001335467 -0.051595990 -1.511413932 0.001412120 0.999997973 0.001449204 -0.008383616 0.051593948 -0.001520132 0.998667002 0.857962310
