1.000000000 0.000000000 0.000000000 0.000000000 0.000000000 1.000000000 0.000000000 0.000000000 0.000000000 0.000000000 1.000000000 0.000000000
1.000000000 -0.000006987 0.000001432 -0.000000262 0.000006987 1.000000000 0.000016907 -0.000032333 -0.000001432 -0.000016907 1.000000000 0.000004916
1.000000000 -0.000001443 -0.000002336 0.000015164 0.000001443 1.000000000 0.000022300 -0.000044105 0.000002336 -0.000022300 1.000000000 -0.000010989
1.000000000 -0.000001396 0.000032238 -0.000030342 0.000001393 1.000000000 0.000066991 -0.000081641 -0.000032239 -0.000066990 1.000000000 -0.000005090
1.000000000 0.000010049 0.000024225 -0.000005026 -0.000010050 1.000000000 0.000046739 -0.000044361 -0.000024224 -0.000046739 1.000000000 0.000001687
1.000000000 0.000010169 0.000024060 -0.000004227 -0.000010170 1.000000000 0.000047368 -0.000045280 -0.000024060 -0.000047368 1.000000000 0.000001084
1.000000000 -0.000030945 -0.000050084 0.000030440 0.000030947 1.000000000 0.000021038 0.000020766 0.000050083 -0.000021040 1.000000000 0.000011418
1.000000000 0.000019898 0.000021473 -0.000014460 -0.000019898 1.000000000 0.000039136 -0.000028036 -0.000021472 -0.000039137 1.000000000 -0.000018054
1.000000000 0.000020383 0.000021076 -0.000014496 -0.000020384 1.000000000 0.000039035 -0.000027717 -0.000021075 -0.000039036 1.000000000 -0.000017554
1.000000000 0.000020029 0.000021120 -0.000013860 -0.000020030 1.000000000 0.000037420 -0.000025813 -0.000021120 -0.000037420 1.000000000 -0.000016182
1.000000000 0.000019305 0.000021021 -0.000014366 -0.000019306 1.000000000 0.000037697 -0.000026133 -0.000021020 -0.000037697 1.000000000 -0.000016350
1.000000000 0.000226752 0.000062671 -0.000215835 -0.000226758 0.999999940 0.000094987 -0.000012532 -0.000062650 -0.000095002 1.000000000 -0.000711480
0.999999821 0.000590818 0.000156478 -0.000188408 -0.000590730 0.999999642 -0.000560155 0.000540840 -0.000156809 0.000560063 0.999999821 -0.014277166
0.999999940 0.000254130 -0.000040767 0.000378038 -0.000254143 0.999999940 -0.000319380 0.000471170 0.000040686 0.000319390 0.999999940 -0.040642004
0.999999940 0.000347270 0.000041921 0.000221376 -0.000347281 0.999999881 0.000258279 0.000498609 -0.000041831 -0.000258293 0.999999940 -0.075876869
1.000000000 0.000074864 0.000015398 0.000962131 -0.000074860 0.999999940 -0.000278412 0.000700561 -0.000015419 0.000278411 0.999999940 -0.117445454
0.999999940 0.000248816 0.000181709 0.000220839 -0.000248909 0.999999821 0.000513602 0.000588187 -0.000181582 -0.000513648 0.999999881 -0.152584776
1.000000000 0.000192751 -0.000095279 0.000516993 -0.000192722 0.999999940 0.000302612 0.000813255 0.000095338 -0.000302593 0.999999940 -0.190151498
0.999999881 0.000513989 0.000179717 0.000571479 -0.000513974 0.999999881 -0.000083690 0.001433946 -0.000179760 0.000083597 1.000000000 -0.234183416
0.999999940 0.000250348 0.000018694 0.000870354 -0.000250337 0.999999821 -0.000586297 0.002135127 -0.000018840 0.000586293 0.999999821 -0.281267226
1.000000000 -0.000085896 0.000089942 0.000257360 0.000085876 1.000000000 0.000222342 0.001085207 -0.000089961 -0.000222334 1.000000000 -0.334246069
1.000000000 -0.000208792 -0.000021437 0.000319904 0.000208790 1.000000000 -0.000115499 0.001589750 0.000021461 0.000115495 1.000000000 -0.387215018
0.999999940 -0.000411299 -0.000001842 0.000939037 0.000411300 0.999999702 0.000678834 0.000951760 0.000001563 -0.000678835 0.999999762 -0.444013149
0.999999881 0.000486037 0.000230268 0.000814751 -0.000486279 0.999999344 0.001050757 0.000552806 -0.000229757 -0.001050869 0.999999404 -0.500333667
1.000000000 0.000177654 -0.000077682 0.001633004 -0.000177582 0.999999583 0.000924060 0.000709152 0.000077846 -0.000924046 0.999999583 -0.558247268
0.999999940 0.000334273 -0.000029837 0.002360279 -0.000334254 0.999999702 0.000657980 0.001438782 0.000030057 -0.000657970 0.999999762 -0.615137160
0.999999821 0.000496892 -0.000404867 0.002872436 -0.000496813 0.999999881 0.000195187 0.002745481 0.000404964 -0.000194986 0.999999881 -0.672872305
0.999999881 0.000166583 -0.000470020 0.003551803 -0.000166126 0.999999523 0.000971280 0.001748810 0.000470182 -0.000971202 0.999999404 -0.734424591
0.999999821 0.000387384 -0.000469919 0.003541335 -0.000387140 0.999999762 0.000518962 0.002768866 0.000470120 -0.000518780 0.999999762 -0.793451726
0.999999821 0.000278405 -0.000571041 0.004305337 -0.000278636 0.999999881 -0.000405582 0.004519122 0.000570929 0.000405741 0.999999762 -0.850556612
0.999999940 0.000274495 0.000201602 0.002450879 -0.000274654 0.999999642 0.000788868 0.002177375 -0.000201386 -0.000788923 0.999999642 -0.909471989
0.999999881 0.000126553 0.000471652 0.002011983 -0.000127045 0.999999464 0.001041881 0.001611767 -0.000471520 -0.001041941 0.999999344 -0.970250368
0.999999881 0.000420017 -0.000066143 0.002751047 -0.000419962 0.999999583 0.000829655 0.002173372 0.000066492 -0.000829627 0.999999642 -1.028583765
0.999999881 -0.000134517 0.000481777 0.001285131 0.000133841 0.999998987 0.001403247 0.001123788 -0.000481965 -0.001403182 0.999998927 -1.090397954
0.999999940 0.000209038 0.000146076 0.003430813 -0.000209102 0.999999881 0.000434567 0.003626915 -0.000145985 -0.000434598 0.999999881 -1.145424843
0.999999881 0.000041721 0.000434699 0.003429262 -0.000041673 1.000000000 -0.000110626 0.004117643 -0.000434704 0.000110608 0.999999881 -1.205909252
0.999999940 0.000032659 0.000392751 0.004219880 -0.000032843 0.999999881 0.000468332 0.003577832 -0.000392735 -0.000468345 0.999999821 -1.265409470
0.999999642 -0.000158895 0.000816969 0.003986151 0.000159016 1.000000000 -0.000148772 0.004836981 -0.000816945 0.000148902 0.999999642 -1.322837234
0.999999762 0.000522730 0.000380803 0.005541713 -0.000523090 0.999999404 0.000947539 0.003076538 -0.000380307 -0.000947738 0.999999464 -1.389290810
0.999999166 0.000900002 0.000955255 0.005331151 -0.000901270 0.999998689 0.001327591 0.002957823 -0.000954059 -0.001328451 0.999998689 -1.449156880
0.999999702 0.000479700 0.000576887 0.005575784 -0.000480484 0.999998987 0.001359454 0.002680106 -0.000576234 -0.001359731 0.999998927 -1.509059906
1.000000000 0.000092189 0.000105710 0.006554959 -0.000092341 0.999998987 0.001439050 0.003167104 -0.000105577 -0.001439060 0.999998987 -1.569207788
0.999999702 0.000500773 0.000600593 0.005942867 -0.000501259 0.999999523 0.000810226 0.004152884 -0.000600187 -0.000810527 0.999999464 -1.629060864
0.999999583 0.000113966 0.000932355 0.006702270 -0.000115260 0.999999046 0.001388020 0.004232096 -0.000932196 -0.001388127 0.999998629 -1.688445807
0.999999821 0.000179967 0.000563369 0.007062297 -0.000180580 0.999999404 0.001088616 0.005546831 -0.000563172 -0.001088717 0.999999225 -1.749818087
0.999999583 0.000433672 0.000787008 0.007038422 -0.000434196 0.999999702 0.000665036 0.005903077 -0.000786719 -0.000665378 0.999999464 -1.809296489
0.999999762 0.000647805 -0.000007151 0.007731187 -0.000647801 0.999999642 0.000491043 0.006470556 0.000007469 -0.000491038 0.999999881 -1.867973447
0.999999464 0.001006585 0.000033114 0.006332089 -0.001006614 0.999999106 0.000909830 0.006666972 -0.000032198 -0.000909863 0.999999583 -1.930077314
0.999999464 0.001008863 0.000103642 0.006640191 -0.001008950 0.999999166 0.000840392 0.007466733 -0.000102794 -0.000840496 0.999999642 -1.988729835
0.999999762 0.000586386 0.000310428 0.007876969 -0.000586782 0.999998987 0.001276442 0.006775946 -0.000309679 -0.001276624 0.999999166 -2.049090147
0.999999702 0.000706919 0.000277966 0.007960218 -0.000707010 0.999999702 0.000328815 0.007583448 -0.000277733 -0.000329011 0.999999881 -2.109357595
0.999998569 0.001388436 0.000980350 0.006594872 -0.001388494 0.999999046 0.000058495 0.008536335 -0.000980268 -0.000059856 0.999999523 -2.167526484
0.999999583 0.000794226 0.000433912 0.006829074 -0.000794051 0.999999583 -0.000403615 0.009149526 -0.000434233 0.000403271 0.999999821 -2.226881266
0.999999583 0.000517036 -0.000721014 0.007541272 -0.000516568 0.999999642 0.000648753 0.008449401 0.000721349 -0.000648380 0.999999523 -2.287091017
0.999999523 0.000916113 -0.000263077 0.007735822 -0.000915759 0.999998689 0.001339900 0.008087138 0.000264305 -0.001339659 0.999999046 -2.347492456
0.999998808 0.001548837 -0.000158351 0.007859105 -0.001548777 0.999998748 0.000373943 0.008950868 0.000158930 -0.000373697 0.999999940 -2.406745434
0.999999940 0.000240938 0.000255750 0.007266606 -0.000241250 0.999999225 0.001219665 0.008986833 -0.000255456 -0.001219727 0.999999225 -2.467067003
0.999999881 0.000428286 0.000306278 0.007587902 -0.000428149 0.999999821 -0.000447131 0.010558710 -0.000306470 0.000447000 0.999999881 -2.526824713
0.999999940 0.000151416 0.000228122 0.007904218 -0.000151428 1.000000000 0.000052967 0.011227522 -0.000228114 -0.000053002 1.000000000 -2.586878777
1.000000000 0.000178347 0.000156063 0.008587310 -0.000178351 1.000000000 0.000024262 0.011792125 -0.000156058 -0.000024290 1.000000000 -2.646436214
0.999999464 0.000863149 -0.000535421 0.009620692 -0.000863608 0.999999285 -0.000857371 0.012725127 0.000534680 0.000857833 0.999999464 -2.707443476
0.999999702 0.000663307 -0.000359630 0.009223025 -0.000663369 0.999999762 -0.000172413 0.012611320 0.000359516 0.000172652 0.999999940 -2.765175819
0.999999344 0.000229461 -0.001104609 0.010147385 -0.000231846 0.999997616 -0.002159384 0.014283409 0.001104111 0.002159638 0.999997079 -2.824487209
0.999999940 0.000188306 0.000377137 0.008009215 -0.000188296 1.000000000 -0.000024685 0.013003623 -0.000377142 0.000024614 0.999999940 -2.885445833
0.999998271 0.001380770 0.001263463 0.007145693 -0.001379508 0.999998569 -0.000998927 0.014106222 -0.001264841 0.000997182 0.999998689 -2.944330454
0.999997914 0.001182600 0.001649695 0.007538060 -0.001180166 0.999998212 -0.001475718 0.015083012 -0.001651438 0.001473768 0.999997556 -3.004406214
0.999998212 0.001327028 0.001345120 0.007610013 -0.001325973 0.999998808 -0.000784810 0.014802339 -0.001346160 0.000783025 0.999998808 -3.064005613
0.999998629 0.001182628 0.001154973 0.007978825 -0.001181858 0.999999106 -0.000667682 0.014856289 -0.001155762 0.000666316 0.999999106 -3.123893261
0.999997258 0.002156232 0.000881059 0.007861318 -0.002155960 0.999997616 -0.000309314 0.014787720 -0.000881724 0.000307414 0.999999583 -3.185331821
0.999997556 0.002155040 0.000482394 0.008093114 -0.002154582 0.999997258 -0.000948251 0.015546641 -0.000484436 0.000947209 0.999999464 -3.243813515
0.999996603 0.002314639 0.001206577 0.007391960 -0.002314766 0.999997318 0.000103579 0.015142468 -0.001206334 -0.000106372 0.999999285 -3.304110050
0.999997199 0.001895017 0.001412180 0.006849309 -0.001893030 0.999997199 -0.001406759 0.016377373 -0.001414842 0.001404082 0.999998033 -3.365144730
0.999995530 0.002164670 0.002061667 0.006593804 -0.002162183 0.999996960 -0.001207781 0.016465873 -0.002064275 0.001203318 0.999997139 -3.423883200
0.999999881 0.000234769 0.000392817 0.008301732 -0.000234263 0.999999166 -0.001287237 0.016993126 -0.000393119 0.001287145 0.999999106 -3.483128548
0.999999285 0.000911680 0.000750288 0.007677176 -0.000911041 0.999999225 -0.000851248 0.016756484 -0.000751063 0.000850563 0.999999344 -3.529584408
0.999999702 0.000638194 0.000389388 0.007826061 -0.000637921 0.999999523 -0.000700899 0.016466301 -0.000389836 0.000700651 0.999999702 -3.563411474
0.999999464 0.000944866 -0.000404383 0.007879853 -0.000945558 0.999998093 -0.001714523 0.017987166 0.000402762 0.001714904 0.999998450 -3.586323261
0.999794662 0.000620145 -0.020254908 0.005209358 -0.000648568 0.999998808 -0.001396719 0.017578980 0.020254018 0.001409569 0.999793887 -3.604562998
0.998524785 0.000608531 -0.054293990 0.000047442 -0.000674266 0.999999046 -0.001192400 0.017695241 0.054293215 0.001227250 0.998524308 -3.619523525
0.995327652 0.000920565 -0.096550636 -0.005815860 -0.001086787 0.999998033 -0.001669036 0.017961349 0.096548907 0.001766168 0.995326698 -3.630547523
0.989786148 0.000957165 -0.142556742 -0.011267840 -0.001255124 0.999997199 -0.002000203 0.018659517 0.142554432 0.002158700 0.989784598 -3.641127586
0.981971920 0.000455193 -0.189026371 -0.018039104 -0.000881585 0.999997258 -0.002171653 0.019104529 0.189024866 0.002299145 0.981969595 -3.649189234
0.971329212 0.001940597 -0.237730473 -0.024358386 -0.002436016 0.999995410 -0.001790202 0.019072331 0.237725914 0.002317990 0.971329510 -3.656659126
0.958574116 0.001300219 -0.284840345 -0.030741714 -0.002034535 0.999995351 -0.002282120 0.019270718 0.284836054 0.002767099 0.958572268 -3.664187431
0.943081617 0.001835354 -0.332556307 -0.036730722 -0.002355960 0.999996543 -0.001162253 0.018821754 0.332553029 0.001879589 0.943082690 -3.671141863
0.925333798 0.001394800 -0.379150957 -0.042589389 -0.002059646 0.999996960 -0.001347917 0.018957928 0.379147917 0.002028189 0.925333858 -3.677793264
0.905101478 0.001374557 -0.425193429 -0.048168615 -0.001976834 0.999997556 -0.000975278 0.018947272 0.425191045 0.001723262 0.905102015 -3.684140444
0.883145094 0.002466715 -0.469093502 -0.054099575 -0.002826757 0.999996006 -0.000063380 0.018585209 0.469091445 0.001381987 0.883148491 -3.690784931
0.858343601 0.002090812 -0.513071060 -0.058966398 -0.002527350 0.999996781 -0.000153057 0.018966068 0.513069093 0.001428085 0.858346105 -3.697236776
0.831546545 0.002422490 -0.555449784 -0.063786387 -0.002985786 0.999995530 -0.000108635 0.019223612 0.555447042 0.001748789 0.831550062 -3.703696251
0.802696168 0.001809947 -0.596385419 -0.068488419 -0.003038790 0.999994814 -0.001055169 0.019976210 0.596380472 0.002659270 0.802697539 -3.710350513
0.771722972 0.001786595 -0.635956347 -0.072985291 -0.002902525 0.999995530 -0.000712876 0.019959146 0.635952234 0.002396022 0.771724701 -3.717083216
0.739140749 0.001684345 -0.673548937 -0.076768458 -0.002595720 0.999996543 -0.000347804 0.020204235 0.673546016 0.002005420 0.739142537 -3.723554373
0.704513311 0.002507026 -0.709686339 -0.080205321 -0.003761704 0.999992907 -0.000201727 0.019900298 0.709680796 0.002811749 0.704517722 -3.731505394
0.667778373 0.001863843 -0.744357765 -0.082566977 -0.001755640 0.999998033 0.000928936 0.019396110 0.744358063 0.000686501 0.667780399 -3.738212109
0.629371405 0.002402741 -0.777100921 -0.085630894 -0.003344916 0.999994338 0.000382876 0.019837348 0.777097464 0.002358366 0.629375815 -3.746360540
0.590097129 0.002553289 -0.807328224 -0.088079929 -0.003281824 0.999994338 0.000763852 0.019792542 0.807325602 0.002198762 0.590102196 -3.753589630
0.549333870 0.002526997 -0.835599124 -0.090093374 -0.003504133 0.999993622 0.000720492 0.019940697 0.835595608 0.002532260 0.549339175 -3.761603594
0.507686675 0.002346018 -0.861538589 -0.091912508 -0.003716839 0.999992967 0.000532781 0.020175867 0.861533761 0.002931714 0.507691860 -3.769676208
0.463171184 0.001420863 -0.886267781 -0.093143821 -0.002910934 0.999995768 0.000081913 0.020798303 0.886264145 0.002541927 0.463173389 -3.776831627
0.418625474 0.001946180 -0.908156872 -0.093916893 -0.003145159 0.999994814 0.000693190 0.020375790 0.908153534 0.002566111 0.418629467 -3.785481215
0.372850537 0.001291838 -0.927890539 -0.094749212 -0.003267174 0.999994636 0.000079388 0.021253306 0.927885711 0.003001980 0.372852802 -3.792989731
0.326059163 0.002081933 -0.945347130 -0.094873667 -0.003972016 0.999991775 0.000832291 0.020985132 0.945341051 0.003483558 0.326064765 -3.801511526
0.279135525 0.002819300 -0.960247576 -0.094325304 -0.003580490 0.999991775 0.001895172 0.020171512 0.960245073 0.002909147 0.279143333 -3.809707403
0.232031405 0.003246655 -0.972702861 -0.093750954 -0.004276679 0.999988198 0.002317555 0.020530216 0.972698867 0.003622193 0.232042551 -3.817274094
0.202990890 0.002334607 -0.979177892 -0.093032122 -0.003832140 0.999991417 0.001589800 0.020840924 0.979173183 0.003429631 0.202998102 -3.822423935
0.186478853 0.002597894 -0.982455671 -0.092508793 -0.004379889 0.999988794 0.001812914 0.020396162 0.982449353 0.003964975 0.186488152 -3.824722290
0.179138124 0.003032883 -0.983819306 -0.091971397 -0.004271445 0.999988198 0.002304964 0.020019501 0.983814716 0.003789423 0.179148972 -3.826647758
0.175089478 0.002556883 -0.984549284 -0.091643810 -0.003484180 0.999991953 0.001977371 0.020549668 0.984546483 0.003084130 0.175096989 -3.827291727
0.172192276 0.002233977 -0.985060871 -0.078110456 -0.003405746 0.999992788 0.001672504 0.020738296 0.985057533 0.003066874 0.172198653 -3.829697132
0.171384394 0.003137294 -0.985199332 -0.052110195 -0.003849437 0.999989450 0.002514747 0.020260993 0.985196829 0.003361473 0.171394646 -3.834555864
0.171126664 0.002300293 -0.985246420 -0.017480373 -0.004012764 0.999990582 0.001637743 0.021021800 0.985240936 0.003673300 0.171134293 -3.841169357
0.170263171 0.002348215 -0.985395908 0.023441792 -0.003197730 0.999993205 0.001830476 0.020832708 0.985393524 0.002839367 0.170269489 -3.847485304
0.170478463 0.001876384 -0.985359609 0.057228565 -0.003664261 0.999992490 0.001270289 0.021313749 0.985354602 0.003394058 0.170484066 -3.853809595
0.170201123 0.001970427 -0.985407472 0.093964338 -0.003454075 0.999993026 0.001402999 0.021503255 0.985403359 0.003164879 0.170206726 -3.859733820
0.168016374 0.001988026 -0.985782325 0.138822079 -0.003022443 0.999994278 0.001501543 0.021012327 0.985779703 0.002727186 0.168021441 -3.867110729
0.148149312 0.001925894 -0.988963187 0.186648130 -0.002639765 0.999995291 0.001551934 0.020804958 0.988961518 0.002380712 0.148153663 -3.877141953
0.114223123 0.002698090 -0.993451536 0.237910509 -0.002379566 0.999994159 0.002442266 0.020283600 0.993452370 0.002085020 0.114228904 -3.890803099
0.073097289 0.001741791 -0.997323394 0.280817270 -0.003571837 0.999992490 0.001484660 0.021109294 0.997318506 0.003453752 0.073102951 -3.904110432
0.029294729 0.002366512 -0.999568105 0.324490070 -0.004025979 0.999989390 0.002249518 0.020735310 0.999562800 0.003958341 0.029303968 -3.916667938
0.001355886 0.002863623 -0.999995112 0.373074293 -0.003741673 0.999988914 0.002858532 0.020455839 0.999992251 0.003737778 0.001366615 -3.925121069
-0.013110638 0.001747867 -0.999912739 0.424446344 -0.003212727 0.999993265 0.001790132 0.021022607 0.999909103 0.003235915 -0.013104916 -3.930017471
-0.020038247 0.002558318 -0.999796093 0.477907419 -0.003194653 0.999991477 0.002622846 0.020604393 0.999794245 0.003246558 -0.020029902 -3.934264898
-0.025378108 0.002017093 -0.999675989 0.519445896 -0.002642004 0.999994338 0.002084806 0.021170495 0.999674559 0.002694056 -0.025372624 -3.936161280
-0.047188520 0.001071018 -0.998885453 0.550148487 -0.003246899 0.999993980 0.001225594 0.022367213 0.998880744 0.003301114 -0.047184706 -3.939957142
-0.082278252 0.001250719 -0.996608675 0.573991299 -0.003330467 0.999993265 0.001529924 0.022294110 0.996603906 0.003445051 -0.082273483 -3.945596218
-0.124313831 0.001723454 -0.992241561 0.593214035 -0.003620928 0.999991059 0.002190565 0.021663154 0.992236435 0.003865152 -0.124306560 -3.952316999
-0.170587540 0.000928136 -0.985342205 0.607117653 -0.003692655 0.999991953 0.001581226 0.022955926 0.985335708 0.003908266 -0.170582771 -3.957977772
-0.216278434 0.001313536 -0.976330996 0.620451927 -0.003932032 0.999989808 0.002216396 0.021972768 0.976323962 0.004318323 -0.216271043 -3.966131926
-0.264699936 0.001576610 -0.964329660 0.629669189 -0.002844396 0.999993026 0.002415678 0.021960601 0.964326799 0.003382365 -0.264693618 -3.972268820
-0.312160492 0.001504949 -0.950028360 0.637786865 -0.002712404 0.999993265 0.002475341 0.022593327 0.950025678 0.003349563 -0.312154293 -3.977867365
-0.358753443 0.001336132 -0.933431625 0.645736217 -0.002696729 0.999993324 0.002467867 0.022860028 0.933428645 0.003402567 -0.358747482 -3.984013557
-0.404690266 0.001456558 -0.914452851 0.653069973 -0.002443273 0.999993443 0.002674076 0.022867039 0.914450705 0.003316429 -0.404683948 -3.990428448
-0.450415611 0.000945382 -0.892818689 0.660190582 -0.002741712 0.999993265 0.002442025 0.023285571 0.892814994 0.003547777 -0.450410008 -3.995849609
-0.494172335 0.001344819 -0.869363248 0.667374611 -0.002921105 0.999990582 0.003207330 0.022992061 0.869359374 0.004124473 -0.494163752 -4.001050949
-0.537409544 0.001527889 -0.843320251 0.674382210 -0.001943125 0.999993443 0.003050008 0.023185715 0.843319356 0.003277780 -0.537402987 -4.005703926
-0.579268932 0.001198859 -0.815135837 0.681316376 -0.002263107 0.999992728 0.003078993 0.023487419 0.815133572 0.003628304 -0.579262018 -4.010340691
-0.618089676 0.001068997 -0.786107123 0.688865662 -0.002494331 0.999991357 0.003321059 0.023105670 0.786103845 0.004013523 -0.618081689 -4.015150070
-0.656679273 0.001742179 -0.754168272 0.697503567 -0.002570966 0.999986351 0.004548660 0.021400234 0.754165888 0.004925949 -0.656665802 -4.018249512
-0.693432808 0.001645132 -0.720519543 0.705204964 -0.002245482 0.999987602 0.004444297 0.021721315 0.720517933 0.004699735 -0.693420410 -4.021960735
-0.728442311 0.001810468 -0.685104728 0.712334156 -0.001995931 0.999986649 0.004764766 0.021769077 0.685104251 0.004838279 -0.728428960 -4.025629997
-0.761780143 0.001472053 -0.647834122 0.720035553 -0.002186804 0.999985874 0.004843672 0.021882370 0.647832096 0.005106498 -0.761766195 -4.028802395
-0.793319941 0.001355174 -0.608803272 0.728014946 -0.001837972 0.999987662 0.004620961 0.022112699 0.608802021 0.004784865 -0.793307662 -4.031077385
-0.822530150 0.001037084 -0.568720996 0.735810757 -0.001893361 0.999987781 0.004561847 0.022423755 0.568718791 0.004829050 -0.822518229 -4.033735275
-0.849664092 0.000559721 -0.527324378 0.743221283 -0.002331804 0.999985695 0.004818598 0.022304617 0.527319491 0.005323806 -0.849650621 -4.036275387
-0.875199795 0.001884951 -0.483757883 0.751109600 -0.001009430 0.999983132 0.005722639 0.021384142 0.483760506 0.005496773 -0.875183105 -4.036822796
-0.898313761 0.000867570 -0.439353734 0.758496046 -0.001245374 0.999989033 0.004520954 0.023146762 0.439352810 0.004608395 -0.898302794 -4.038199425
-0.919137239 0.000971445 -0.393936157 0.766654730 -0.001058250 0.999987245 0.004935088 0.022767004 0.393935919 0.004952906 -0.919124484 -4.038574219
-0.938070059 0.000724506 -0.346445441 0.774849415 -0.001104321 0.999986470 0.005081399 0.022964057 0.346444428 0.005149294 -0.938056588 -4.039177895
-0.953856826 0.000736342 -0.300260991 0.782816887 -0.000707879 0.999988675 0.004701074 0.022997931 0.300261050 0.004696700 -0.953845501 -4.038848877
-0.967859149 0.000932013 -0.251491696 0.790405273 -0.000398880 0.999986172 0.005240966 0.022784077 0.251493126 0.005172831 -0.967845321 -4.037607670
-0.979217768 0.000516144 -0.202811375 0.798725128 -0.000565858 0.999985933 0.005276994 0.023002889 0.202811241 0.005282088 -0.979203701 -4.037119865
-0.987890720 0.000227939 -0.155151963 0.807126045 -0.000679528 0.999982953 0.005795836 0.023050368 0.155150637 0.005831082 -0.987873673 -4.036149979
-0.994401455 0.000168562 -0.105668396 0.814878225 -0.000381543 0.999986470 0.005185720 0.023708602 0.105667844 0.005197004 -0.994387984 -4.034641266
-0.998400688 0.000510669 -0.056536611 0.822385907 0.000209185 0.999985754 0.005338344 0.023495236 0.056538530 0.005317978 -0.998386621 -4.031507492
-0.999622703 -0.000003348 -0.027477816 0.828381538 -0.000149952 0.999985754 0.005333281 0.023534872 0.027477406 0.005335387 -0.999608517 -4.016647816
-0.999940157 0.000133649 -0.010963921 0.831654608 0.000070365 0.999983311 0.005772181 0.023069525 0.010964510 0.005771063 -0.999923468 -3.988832474
-0.999997377 0.000184625 -0.002351810 0.833515882 0.000171545 0.999984503 0.005560589 0.022850785 0.002352801 0.005560170 -0.999981880 -3.952341080
-0.999999285 0.000188715 0.001182812 0.835401595 0.000195051 0.999985635 0.005358511 0.022961181 -0.001181784 0.005358738 -0.999984980 -3.909726381
-0.999991059 0.000687073 0.004182222 0.834891021 0.000706164 0.999989331 0.004564976 0.024212934 -0.004179041 0.004567889 -0.999980927 -3.863743782
-0.999988675 0.000372561 0.004731692 0.836364865 0.000396696 0.999986887 0.005100772 0.023283413 -0.004729730 0.005102592 -0.999975801 -3.811589956
-0.999985218 0.000388929 0.005483772 0.835757732 0.000417788 0.999986053 0.005262498 0.022688501 -0.005481649 0.005264710 -0.999971509 -3.760028839
-0.999986887 -0.000972556 0.005030864 0.835911870 -0.000943502 0.999982893 0.005774169 0.023113487 -0.005036394 0.005769347 -0.999970675 -3.706183434
-0.999986053 -0.001032343 0.005189019 0.835768521 -0.001007143 0.999987721 0.004856606 0.023865145 -0.005193969 0.004851313 -0.999974728 -3.650529623
-0.999987602 -0.001183122 0.004902957 0.836552918 -0.001161200 0.999989331 0.004471587 0.024465542 -0.004908194 0.004465837 -0.999978304 -3.595498562
-0.999987125 -0.001075779 0.004972841 0.835796893 -0.001058519 0.999993384 0.003472160 0.025340986 -0.004976543 0.003466851 -0.999981761 -3.537833929
-0.999988317 -0.001447215 0.004615047 0.837215126 -0.001425106 0.999987483 0.004790219 0.023573376 -0.004621922 0.004783587 -0.999977946 -3.477561235
-0.999990344 -0.000952061 0.004310742 0.837286711 -0.000934509 0.999991298 0.004071783 0.024792189 -0.004314581 0.004067715 -0.999982595 -3.419640064
-0.999990702 -0.000630687 0.004276128 0.837734818 -0.000610248 0.999988377 0.004779224 0.022808744 -0.004279092 0.004776570 -0.999979496 -3.358537674
-0.999992132 -0.001180844 0.003785072 0.838884771 -0.001152760 0.999971867 0.007413330 0.018576812 -0.003793720 0.007408908 -0.999965429 -3.300644398
-0.999992490 -0.001050626 0.003788594 0.838223398 -0.001023855 0.999974549 0.007061055 0.018428532 -0.003795916 0.007057121 -0.999968171 -3.239881754
-0.999991298 -0.001352284 0.003964997 0.837249935 -0.001322333 0.999970675 0.007546707 0.017823584 -0.003975086 0.007541397 -0.999963760 -3.180595160
-0.999993324 -0.001236441 0.003449793 0.837474585 -0.001209325 0.999968469 0.007851476 0.016619835 -0.003459392 0.007847251 -0.999963284 -3.118855953
-0.999994397 -0.001240701 0.003117070 0.837915599 -0.001216053 0.999968052 0.007896876 0.016092153 -0.003126768 0.007893041 -0.999963999 -3.058915138
-0.999995589 -0.001706964 0.002505795 0.837859809 -0.001687234 0.999967694 0.007855196 0.016022883 -0.002519123 0.007850933 -0.999966145 -2.998785973
-0.999993682 -0.000814936 0.003470396 0.836578846 -0.000786510 0.999966204 0.008184548 0.015658624 -0.003476948 0.008181767 -0.999960542 -2.938318014
-0.999992967 -0.000872179 0.003636187 0.836328149 -0.000843466 0.999968529 0.007890374 0.015918609 -0.003642954 0.007887253 -0.999962211 -2.878277540
-0.999993682 -0.001263262 0.003363796 0.836307764 -0.001237833 0.999970734 0.007551257 0.016504616 -0.003373237 0.007547044 -0.999966025 -2.818486214
-0.999993324 -0.000381531 0.003644354 0.836242259 -0.000353824 0.999971032 0.007600518 0.015958890 -0.003647148 0.007599178 -0.999964595 -2.758987427
-0.999993205 -0.000425352 0.003685349 0.835765898 -0.000396183 0.999968648 0.007912084 0.015804756 -0.003688599 0.007910569 -0.999961972 -2.700352430
-0.999995112 -0.000081659 0.003128084 0.836599112 -0.000054638 0.999962687 0.008637198 0.014346979 -0.003128673 0.008636986 -0.999957800 -2.639427900
-0.999994636 -0.000626560 0.003250713 0.836230576 -0.000601280 0.999969602 0.007772106 0.014736691 -0.003255483 0.007770109 -0.999964714 -2.580055714
-0.999995232 0.000356935 0.003067855 0.835857868 0.000379550 0.999972761 0.007374054 0.014785996 -0.003065139 0.007375184 -0.999968171 -2.519017458
-0.999995828 0.000038637 0.002941957 0.835720122 0.000059778 0.999974191 0.007186164 0.014896680 -0.002941603 0.007186309 -0.999969959 -2.459175825
-0.999994159 0.000617873 0.003389712 0.834909916 0.000645196 0.999967277 0.008065180 0.013942500 -0.003384618 0.008067318 -0.999961853 -2.399013281
-0.999997020 0.000012006 0.002431497 0.835337222 0.000031169 0.999968946 0.007881424 0.013997847 -0.002431327 0.007881477 -0.999965906 -2.339591980
-0.999991536 0.000237131 0.004136981 0.834097505 0.000266476 0.999974787 0.007094163 0.015000348 -0.004135195 0.007095204 -0.999966383 -2.281205654
-0.999992371 0.000317051 0.003896557 0.833171129 0.000343438 0.999976993 0.006773162 0.015120475 -0.003894320 0.006774448 -0.999969482 -2.221138954
-0.999994040 0.000115513 0.003473748 0.832773924 0.000141347 0.999972343 0.007437655 0.013927291 -0.003472793 0.007438101 -0.999966383 -2.160516024
-0.999994993 0.000208773 0.003214486 0.832836270 0.000233771 0.999969721 0.007778050 0.013304004 -0.003212765 0.007778761 -0.999964714 -2.100785494
-0.999995828 0.000607838 0.002900311 0.832692504 0.000630771 0.999968469 0.007912761 0.012854160 -0.002895410 0.007914556 -0.999964714 -2.039968729
-0.999996662 0.000085274 0.002648688 0.832829773 0.000103740 0.999975681 0.006972617 0.014102268 -0.002648029 0.006972868 -0.999972343 -1.980808496
-0.999995828 0.000687718 0.002796101 0.832396269 0.000706751 0.999976575 0.006811662 0.014121402 -0.002791351 0.006813610 -0.999972820 -1.921323895
-0.999995828 0.000768097 0.002844325 0.831714988 0.000783468 0.999985099 0.005406719 0.015593311 -0.002840130 0.005408924 -0.999981523 -1.861396909
-0.999996781 0.000714558 0.002455703 0.831926525 0.000729267 0.999981761 0.005994168 0.015129966 -0.002451375 0.005995939 -0.999979019 -1.801734447
-0.999997258 0.000668869 0.002300015 0.831630766 0.000681629 0.999984384 0.005551382 0.015657477 -0.002296266 0.005552933 -0.999982119 -1.741559863
-0.999996066 0.001041844 0.002634737 0.830183387 0.001055156 0.999986649 0.005056507 0.016175967 -0.002629434 0.005059266 -0.999983907 -1.679952979
-0.999996305 0.000081998 0.002717656 0.830225050 0.000095177 0.999988258 0.004849604 0.016329348 -0.002717226 0.004849844 -0.999984503 -1.620618105
-0.999994993 0.000413068 0.003147899 0.829702377 0.000427522 0.999989390 0.004592418 0.016363576 -0.003145968 0.004593741 -0.999984622 -1.560649991
-0.999992847 0.000170987 0.003787500 0.829236507 0.000189518 0.999988019 0.004892908 0.016241923 -0.003786617 0.004893590 -0.999980927 -1.501464128
-0.999992132 0.000960334 0.003884580 0.828757524 0.000982766 0.999982834 0.005776965 0.015778616 -0.003878966 0.005780736 -0.999975920 -1.441852570
-0.999994397 0.000288264 0.003307262 0.829052806 0.000303874 0.999988794 0.004720243 0.016465070 -0.003305864 0.004721222 -0.999983311 -1.381412148
-0.999992132 0.000829395 0.003884351 0.828112304 0.000853248 0.999980748 0.006143285 0.015483657 -0.003879181 0.006146552 -0.999973655 -1.321271062
-0.999992609 -0.000083837 0.003875733 0.828508914 -0.000067603 0.999991238 0.004188781 0.017062157 -0.003876050 0.004188488 -0.999983788 -1.260370731
-0.999992013 -0.000539426 0.003980359 0.828115702 -0.000523050 0.999991417 0.004114083 0.017212622 -0.003982544 0.004111968 -0.999983668 -1.200326800
-0.999992728 -0.000292558 0.003787412 0.827612817 -0.000275672 0.999990046 0.004458103 0.016800491 -0.003788678 0.004457026 -0.999982834 -1.139667153
-0.999997020 0.000179882 0.002496954 0.830201089 0.000189722 0.999992192 0.003941126 0.018608879 -0.002496226 0.003941587 -0.999989271 -1.080016732
-0.999996424 -0.000046474 0.002692210 0.830320477 -0.000035782 0.999992132 0.003971423 0.018506560 -0.002692373 0.003971312 -0.999988556 -1.033658862
-1.000000000 0.000511001 0.000368680 0.829115748 0.000512982 0.999985337 0.005392338 0.017343454 -0.000365919 0.005392526 -0.999985576 -1.000285149
-0.999217987 0.000339958 -0.039543435 0.823401630 0.000177568 0.999991536 0.004110067 0.018890120 0.039544497 0.004099831 -0.999209523 -0.978235841
-0.994058847 0.000173248 -0.108844608 0.813203573 -0.000262492 0.999992013 0.003988979 0.018920476 0.108844429 0.003993851 -0.994050860 -0.963995695
-0.981637955 0.000879928 -0.190751910 0.800209045 0.000173230 0.999993086 0.003721443 0.018989528 0.190753862 0.003620065 -0.981631279 -0.954435587
-0.960227966 0.001517452 -0.279213309 0.785349846 0.000366762 0.999991238 0.004173383 0.018510908 0.279217184 0.003904994 -0.960220098 -0.947051644
-0.927841544 0.000871083 -0.372974217 0.769573092 -0.000477143 0.999993682 0.003522472 0.019255949 0.372974932 0.003446258 -0.927835226 -0.941220462
-0.888735175 0.000111090 -0.458420902 0.754745841 -0.001332791 0.999995112 0.002826198 0.019106306 0.458418965 0.003122721 -0.888730764 -0.935259938
-0.839216590 0.000965770 -0.543796420 0.739178896 -0.000714577 0.999995589 0.002878743 0.019464999 0.543796837 0.002804474 -0.839212179 -0.929999828
-0.780825377 0.000836084 -0.624749124 0.723580837 -0.000842139 0.999996781 0.002390791 0.019752773 0.624749124 0.002392915 -0.780822158 -0.923613787
-0.715564966 -0.000528850 -0.698546231 0.708644152 -0.001458160 0.999998689 0.000736614 0.020823108 0.698544919 0.001545688 -0.715564847 -0.916867077
-0.643194675 0.000010324 -0.765702665 0.693975091 -0.001771910 0.999997318 0.001501897 0.020131571 0.765700638 0.002322768 -0.643192887 -0.907818615
-0.563423753 0.000802995 -0.826167703 0.680073857 -0.001017010 0.999998093 0.001665523 0.019865261 0.826167464 0.001778616 -0.563421845 -0.898763835
-0.478361607 0.000447179 -0.878162801 0.668221593 -0.000783484 0.999999285 0.000936007 0.020199522 0.878162563 0.001135777 -0.478360891 -0.887791753
-0.389914393 0.000489316 -0.920851231 0.668576598 -0.000690316 0.999999404 0.000823672 0.020362284 0.920851111 0.000956839 -0.389913797 -0.870592356
-0.333369017 0.001195377 -0.942795694 0.685402393 -0.000921568 0.999998331 0.001593768 0.019990142 0.942795992 0.001400163 -0.333367348 -0.852591336
-0.304638028 0.000918945 -0.952467978 0.715011835 -0.001100819 0.999998510 0.001316890 0.020006383 0.952467799 0.001449669 -0.304636598 -0.834612489
-0.288627863 0.001471414 -0.957440257 0.751776159 -0.001041766 0.999997735 0.001850865 0.019833375 0.957440853 0.001531640 -0.288625598 -0.818230629
-0.280528188 0.001353000 -0.959845006 0.783041596 -0.000864193 0.999998271 0.001662172 0.019773386 0.959845603 0.001295777 -0.280526519 -0.805143058
-0.276834726 0.000652359 -0.960917532 0.804849267 -0.000097189 0.999999762 0.000706891 0.020323478 0.960917711 0.000289082 -0.276834607 -0.795711815
-0.271752000 0.001539488 -0.962366045 0.820624590 -0.000775010 0.999998033 0.001818534 0.019579049 0.962366998 0.001240034 -0.271750331 -0.789282501
-0.232927322 0.001966913 -0.972492218 0.829202712 -0.000108532 0.999997914 0.002048539 0.019513693 0.972494185 0.000582707 -0.232926607 -0.778633356
-0.164492965 0.001655237 -0.986376882 0.832009256 -0.000389856 0.999998391 0.001743110 0.019499088 0.986378193 0.000671274 -0.164492130 -0.766426206
-0.081479549 0.002598906 -0.996671796 0.832306147 -0.000382525 0.999996424 0.002638848 0.018661594 0.996675134 0.000596264 -0.081478357 -0.752205849
0.007189810 0.002697169 -0.999970675 0.832586408 -0.000699444 0.999996126 0.002692209 0.018306915 0.999974072 0.000680067 0.007191658 -0.737088144
0.063292265 0.002550514 -0.997991920 0.846306443 -0.000072899 0.999996722 0.002551015 0.018394148 0.997995138 -0.000088708 0.063292265 -0.726774991
0.092001259 0.002815981 -0.995755017 0.874001741 -0.000440466 0.999996006 0.002787278 0.018050022 0.995758951 0.000182162 0.092002153 -0.722318053
0.106595099 0.003036469 -0.994298041 0.910870194 -0.000423840 0.999995410 0.003008431 0.017819436 0.994302571 0.000100739 0.106595874 -0.721260846
0.114480913 0.002750469 -0.993421793 0.954399824 0.000278586 0.999996066 0.002800776 0.017947223 0.993425548 -0.000597389 0.114479721 -0.723296881
0.118267834 0.003494402 -0.992975593 1.000655174 -0.000758591 0.999993861 0.003428748 0.016906017 0.992981493 0.000347751 0.118269742 -0.726419628
0.120408475 0.003268936 -0.992719114 1.039589167 -0.000774624 0.999994576 0.003198938 0.016900841 0.992724180 0.000383804 0.120410323 -0.729628086
0.120954812 0.003541111 -0.992651701 1.080671668 -0.000766049 0.999993682 0.003473959 0.016555253 0.992657721 0.000340228 0.120956719 -0.732393265
0.121077001 0.003705065 -0.992636323 1.125534534 -0.000842910 0.999993086 0.003629710 0.016420547 0.992642879 0.000397228 0.121079266 -0.736049891
0.121302426 0.003156281 -0.992610574 1.175086260 -0.000840914 0.999994934 0.003076997 0.016307667 0.992615223 0.000461453 0.121304452 -0.741698265
0.124544322 0.003967965 -0.992206216 1.227659464 -0.001137787 0.999991894 0.003856283 0.015732309 0.992213547 0.000648641 0.124547839 -0.748889446
0.162864506 0.003993662 -0.986640453 1.270928621 -0.000871298 0.999992013 0.003903881 0.014332397 0.986648142 0.000223854 0.162866652 -0.745510340
0.230663002 0.003784649 -0.973026395 1.298752785 -0.001407180 0.999992669 0.003555954 0.014399542 0.973032713 0.000548996 0.230666637 -0.738113046
0.310445607 0.004393091 -0.950581014 1.318734646 -0.001251464 0.999990344 0.004212726 0.013716431 0.950590312 -0.000118204 0.310448110 -0.727409124
0.397336900 0.004339652 -0.917662621 1.334274530 -0.001803370 0.999990582 0.003948146 0.013559029 0.917671084 0.000086142 0.397340953 -0.714256048
0.479261398 0.004381324 -0.877661228 1.346737742 -0.002098763 0.999990404 0.003845933 0.013079070 0.877669692 -0.000001204 0.479265988 -0.701483488
0.529104710 0.004096756 -0.848546684 1.356359959 -0.001324971 0.999991119 0.004001750 0.014128892 0.848555505 -0.000993044 0.529105425 -0.692306161
0.554495215 0.003817140 -0.832178175 1.363183975 -0.001817340 0.999992669 0.003375966 0.014346018 0.832184911 -0.000359606 0.554498076 -0.688246310
0.569681406 0.004183686 -0.821855068 1.367346525 -0.002422910 0.999991238 0.003411019 0.014539148 0.821862102 0.000048087 0.569686532 -0.685819924
0.608455539 0.003514784 -0.793580174 1.372678518 -0.001643282 0.999993622 0.003169054 0.014577117 0.793586254 -0.000624153 0.608457446 -0.678322792
0.663540959 0.003239443 -0.748133004 1.378841877 -0.001482313 0.999994338 0.003015305 0.014560306 0.748138547 -0.000891812 0.663542032 -0.667441249
0.726176143 0.003944380 -0.687497437 1.385473490 -0.002087091 0.999991596 0.003532742 0.013967895 0.687505603 -0.001130523 0.726178229 -0.655239999
0.785981297 0.003832353 -0.618238389 1.394202232 -0.002392501 0.999992132 0.003157134 0.013416052 0.618245602 -0.001002313 0.785984337 -0.643172443
0.842225671 0.003526606 -0.539113641 1.403233647 -0.002520998 0.999993443 0.002603039 0.013567611 0.539119303 -0.000833242 0.842229009 -0.630077362
0.890231490 0.004236633 -0.455488741 1.417030931 -0.003023591 0.999989688 0.003391728 0.011583611 0.455498397 -0.001642211 0.890235066 -0.618931890
0.931111336 0.003369612 -0.364719540 1.429263473 -0.002546530 0.999993026 0.002737681 0.011463892 0.364726216 -0.001620317 0.931113422 -0.607652128
0.962340057 0.003393820 -0.271827370 1.442040324 -0.002799013 0.999992788 0.002575875 0.011181567 0.271834165 -0.001718019 0.962342560 -0.598583817
0.984256983 0.003083459 -0.176716566 1.459036231 -0.002628509 0.999992609 0.002808498 0.010075080 0.176723927 -0.002299783 0.984257758 -0.604204416
0.993107557 0.004191115 -0.117131509 1.472546339 -0.003928218 0.999989212 0.002475224 0.010225936 0.117140613 -0.001998046 0.993113339 -0.624760747
0.996254683 0.003824343 -0.086382747 1.483598113 -0.003674853 0.999991477 0.001889505 0.010430786 0.086389236 -0.001564984 0.996260226 -0.657748461
0.997525096 0.003629029 -0.070217520 1.492028713 -0.003509685 0.999992192 0.001822925 0.010607725 0.070223585 -0.001571973 0.997530043 -0.697328627
0.998085797 0.004288680 -0.061695546 1.498365641 -0.004179026 0.999989450 0.001906269 0.010233824 0.061703071 -0.001644792 0.998093188 -0.732735932
0.998354554 0.003714806 -0.057222165 1.502439141 -0.003638844 0.999992371 0.001431632 0.011405939 0.057227045 -0.001221054 0.998360455 -0.767983317
0.998427749 0.003600092 -0.055938445 1.508896828 -0.003485486 0.999991596 0.002146208 0.010407306 0.055945706 -0.001947861 0.998431921 -0.813861907
0.998520076 0.004158374 -0.054225385 1.511362076 -0.004052882 0.999989688 0.002055263 0.011177277 0.054233372 -0.001832452 0.998526633 -0.862466335
0.998534262 0.003784222 -0.053991329 1.516002059 -0.003673290 0.999990940 0.002153718 0.010578948 0.053998988 -0.001952236 0.998539090 -0.914288521
0.998465419 0.004448891 -0.055200007 1.524542809 -0.004475357 0.999989927 -0.000355843 0.016464723 0.055197868 0.000602336 0.998475254 -0.962213516
0.998501003 0.004692266 -0.054532409 1.527962208 -0.004724843 0.999988735 -0.000468489 0.016576752 0.054529596 0.000725444 0.998511910 -1.018315911
