1 -0 0 -0 -0 1 -0 0 0 -0 1 0
1 0.000122962 -0.00027041 -0.000104618 -0.00012285 1 0.000415234 -0.000373024 0.000270461 -0.000415201 1 -0.000207603
0.999999 0.00095353 0.000926448 -0.000271478 -0.000955927 0.999996 0.00258959 -0.00238637 -0.000923975 -0.00259047 0.999996 -0.00207623
1 0.000152285 -0.000342977 0.000686331 -0.00015289 0.999998 -0.00176289 0.00208073 0.000342708 0.00176294 0.999998 0.00135504
1 0.000345544 0.000119056 -0.000463122 -0.000345665 0.999999 0.00101419 -0.00090055 -0.000118705 -0.00101423 0.999999 -0.000203384
1 0.000488787 0.000206312 -0.000373134 -0.00048897 0.999999 0.000887822 -0.000731897 -0.000205878 -0.000887923 1 -0.000188121
1 -0.000368313 -0.000268739 0.000387222 0.000368055 0.999999 -0.000958964 0.00125401 0.000269092 0.000958865 1 0.000715821
1 0.00025434 7.78834e-05 -0.000150352 -0.000254378 1 0.000494423 -0.000458968 -7.77577e-05 -0.000494442 1 0.000180864
1 9.15154e-05 0.000498825 -0.000377246 -9.17588e-05 1 0.000488106 -0.000284249 -0.00049878 -0.000488151 1 -8.35533e-05
1 0.000282598 0.000302147 -0.000295552 -0.000282694 1 0.000317504 -0.000203096 -0.000302057 -0.000317589 1 6.64165e-06
1 -0.000360866 0.000171317 -0.000130684 0.000360881 1 -8.85563e-05 0.000125242 -0.000171285 8.86181e-05 1 0.000123638
1 -0.000148272 -0.00013546 0.000113026 0.000148308 1 0.000268175 -5.36047e-05 0.00013542 -0.000268195 1 0.000581267
1 -0.000167252 -0.000783248 0.00145747 0.000168014 1 0.000972964 -0.00114617 0.000783085 -0.000973096 0.999999 0.0138994
1 0.00026738 -0.00035374 0.000257786 -0.000267062 1 0.000898041 -0.000376019 0.00035398 -0.000897947 1 0.0409811
1 6.70137e-05 -0.00023254 0.000297486 -6.68608e-05 1 0.00065745 -0.00010582 0.000232584 -0.000657434 1 0.0763312
1 -0.000140503 -9.11833e-05 -0.000353378 0.000140541 1 0.0004263 0.000218723 9.11234e-05 -0.000426313 1 0.118182
1 0.000122506 -0.000574034 -9.60509e-05 -0.000121348 0.999998 0.00201611 -0.000668933 0.00057428 -0.00201604 0.999998 0.152859
1 0.00068215 -0.000554401 7.54488e-05 -0.000681753 1 0.000715631 -5.69259e-05 0.000554889 -0.000715253 1 0.190321
1 0.00053773 -0.00081651 0.000327011 -0.00053685 0.999999 0.00107703 -0.000592479 0.000817088 -0.0010766 0.999999 0.234222
0.999999 0.00052183 -0.00150829 0.00105161 -0.000519256 0.999998 0.00170641 -0.00133382 0.00150918 -0.00170563 0.999997 0.28174
0.999999 9.59105e-05 -0.00103245 5.11772e-05 -9.4532e-05 0.999999 0.00133518 -0.00116398 0.00103257 -0.00133508 0.999999 0.334075
0.999999 0.000594945 -0.00117583 0.000288272 -0.000592395 0.999997 0.00216764 -0.0015053 0.00117712 -0.00216694 0.999997 0.38721
0.999999 0.00133778 -0.000960171 -0.000198107 -0.00133652 0.999998 0.00130929 -0.00136072 0.000961921 -0.00130801 0.999999 0.442278
1 0.000370267 -0.000444792 -0.000299557 -0.000369311 0.999998 0.00214767 -0.00186854 0.000445586 -0.00214751 0.999998 0.499211
1 0.00024714 0.000133502 -0.000936752 -0.000247384 0.999998 0.00182796 -0.00182332 -0.00013305 -0.001828 0.999998 0.557177
1 0.000176546 0.000193048 -0.000655648 -0.000177116 0.999996 0.00295659 -0.00227887 -0.000192526 -0.00295663 0.999996 0.615263
1 0.000200764 4.32106e-05 -0.000662265 -0.000200892 0.999996 0.00298429 -0.00173148 -4.26113e-05 -0.0029843 0.999996 0.673588
1 0.00046614 0.000276535 -0.000965507 -0.000467162 0.999993 0.00370759 -0.00232074 -0.000274805 -0.00370772 0.999993 0.733452
1 0.000501456 0.000277902 -0.00100023 -0.000502451 0.999993 0.00358962 -0.00199793 -0.000276101 -0.00358976 0.999994 0.792148
1 -0.00010919 -0.000408209 -0.000331866 0.000110467 0.999995 0.00312989 -0.00154395 0.000407866 -0.00312994 0.999995 0.852716
1 9.09754e-05 -0.000437254 3.56127e-05 -8.95226e-05 0.999994 0.00332148 -0.00200159 0.000437554 -0.00332144 0.999994 0.911157
1 0.00034324 -0.000490614 -0.000258291 -0.000341692 0.999995 0.0031518 -0.00176231 0.000491693 -0.00315163 0.999995 0.972486
1 0.000135714 -0.000784093 7.38625e-06 -0.000133301 0.999995 0.00307564 -0.00171647 0.000784507 -0.00307554 0.999995 1.03088
0.999999 0.000721693 -0.00108891 0.000295792 -0.000717696 0.999993 0.00366631 -0.00236763 0.00109154 -0.00366552 0.999993 1.09148
0.999999 0.000388662 -0.00146369 0.000895388 -0.000382807 0.999992 0.00399876 -0.0023289 0.00146524 -0.0039982 0.999991 1.15103
0.999999 -0.000418794 -0.00146397 0.00121696 0.000421804 0.999998 0.00205581 -0.00141688 0.0014631 -0.00205643 0.999997 1.21147
0.999999 -0.000394728 -0.0012996 0.000663971 0.000398274 0.999996 0.00272928 -0.0024304 0.00129852 -0.0027298 0.999995 1.2706
0.999999 -0.00125122 -0.000420498 0.000339716 0.00125289 0.999991 0.00398339 -0.00305084 0.00041551 -0.00398391 0.999992 1.33109
0.999998 -0.00128848 -0.00168635 0.00143331 0.00129204 0.999997 0.00211163 -0.00147448 0.00168363 -0.0021138 0.999996 1.39103
0.999998 -0.000971689 -0.00152712 0.00150214 0.000975951 0.999996 0.00279231 -0.00229733 0.0015244 -0.00279379 0.999995 1.45084
0.999999 -0.000858458 -0.00143479 0.00143827 0.000862882 0.999995 0.00308548 -0.00218768 0.00143213 -0.00308671 0.999994 1.51102
0.999999 -0.000740171 -0.00140191 0.000734409 0.000744342 0.999995 0.00297728 -0.00190286 0.0013997 -0.00297832 0.999995 1.57068
0.999999 -0.000190223 -0.00109694 0.000276114 0.000193947 0.999994 0.00339602 -0.00251212 0.00109628 -0.00339623 0.999994 1.6304
0.999999 0.000432189 -0.00147663 0.000496863 -0.000428018 0.999996 0.00282423 -0.00151457 0.00147784 -0.00282359 0.999995 1.69072
0.999999 -0.000180641 -0.00150636 0.000219135 0.000185566 0.999995 0.00327041 -0.00165842 0.00150576 -0.00327068 0.999994 1.751
0.999998 -0.000521526 -0.00165954 -6.75408e-05 0.000525665 0.999997 0.00249424 -0.000956897 0.00165824 -0.00249511 0.999996 1.81002
0.999999 -0.000361228 -0.00112692 -0.000994811 0.000364468 0.999996 0.00287651 -0.00118768 0.00112587 -0.00287692 0.999995 1.86989
1 0.000208387 -0.00057043 -0.00220265 -0.000207134 0.999998 0.00219508 -0.000319615 0.000570886 -0.00219496 0.999997 1.931
0.999999 -0.000611655 -0.00132648 -0.00158367 0.000614746 0.999997 0.00233093 -8.22567e-05 0.00132505 -0.00233174 0.999996 1.9894
0.999999 -0.000988474 -0.000569044 -0.00171106 0.000989481 0.999998 0.00177235 0.000471243 0.00056729 -0.00177291 0.999998 2.04752
0.999999 -0.00101822 -0.000832482 -0.00175778 0.00102095 0.999994 0.00327702 -0.000524305 0.000829141 -0.00327787 0.999994 2.10791
0.999999 -0.00127402 -0.000856259 -0.00155746 0.00127599 0.999997 0.0023004 -0.000299569 0.000853325 -0.00230149 0.999997 2.16815
1 -0.000474467 2.69141e-06 -0.00309223 0.000474458 0.999996 0.00267688 -0.000314567 -3.96149e-06 -0.00267688 0.999996 2.22803
0.999999 -0.00146486 -0.000356619 -0.00256554 0.0014661 0.999993 0.00347916 0.000185372 0.00035152 -0.00347968 0.999994 2.28914
0.999998 -0.00176124 -0.000957585 -0.00212522 0.00176399 0.999994 0.00287483 -0.000489908 0.000952517 -0.00287651 0.999995 2.34937
0.999997 -0.00216025 -0.000630727 -0.00186181 0.00216251 0.999991 0.00360063 -0.00129962 0.000622943 -0.00360199 0.999993 2.4087
0.999998 -0.000988443 -0.00179039 -0.00106223 0.000995012 0.999993 0.00367156 -0.00198368 0.00178675 -0.00367333 0.999992 2.46801
0.999999 -0.0010363 -0.00120675 -0.00164939 0.00104038 0.999994 0.00338129 -0.00101053 0.00120324 -0.00338254 0.999994 2.52758
0.999999 0.000364399 -0.00112914 -0.00106791 -0.000360327 0.999993 0.00360451 -0.00185655 0.00113045 -0.0036041 0.999993 2.58748
0.999999 -0.000167743 -0.00132571 -0.00103816 0.000173332 0.999991 0.00421659 -0.00189331 0.00132499 -0.00421682 0.99999 2.64677
0.999998 -0.00131124 -0.00167808 0.000153389 0.00131547 0.999996 0.00251808 -0.000998588 0.00167477 -0.00252028 0.999995 2.71074
0.999996 -0.00134837 -0.00228437 0.000502274 0.00135395 0.999996 0.00244341 -0.00112489 0.00228106 -0.0024465 0.999994 2.76893
0.999998 -0.001449 -0.00126305 -0.00119114 0.00145145 0.999997 0.00194328 -0.000755698 0.00126023 -0.00194511 0.999997 2.83107
0.999999 -0.000949958 -0.000757509 -0.00188653 0.000951636 0.999997 0.00221726 -0.00058976 0.000755401 -0.00221798 0.999997 2.8903
0.999999 -0.00138437 -0.000342542 -0.00181436 0.00138556 0.999993 0.00348954 -0.00230718 0.000337709 -0.00349001 0.999994 2.94937
0.999996 -0.00249084 -0.0011647 -0.0013814 0.00249504 0.99999 0.00361616 -0.00267899 0.00115568 -0.00361906 0.999993 3.00901
0.999999 -0.00110942 -0.00121415 -0.00153716 0.00111573 0.999986 0.00520708 -0.0092375 0.00120835 -0.00520843 0.999986 3.06718
0.999998 -0.00128254 -0.00140152 -0.00245014 0.00129036 0.999984 0.00559387 -0.00835752 0.00139432 -0.00559567 0.999983 3.12723
0.999998 -0.00173385 -0.00103446 -0.00142019 0.00173869 0.999987 0.00469313 -0.00769276 0.00102631 -0.00469492 0.999988 3.1887
0.999998 -0.00070241 -0.0018495 -0.000786227 0.000712072 0.999986 0.00522868 -0.00794286 0.0018458 -0.00522999 0.999985 3.24573
0.999999 -0.00168755 -0.000284353 -0.0046257 0.00168966 0.99997 0.0075951 -0.0120031 0.000271527 -0.00759557 0.999971 3.29976
0.999999 -0.00127592 -0.00068234 -0.0027169 0.00128097 0.999971 0.00745492 -0.0122318 0.000672809 -0.00745578 0.999972 3.36347
0.999999 -0.00156006 -0.000732119 -0.00211091 0.00156631 0.999962 0.00861869 -0.0128845 0.000718645 -0.00861983 0.999963 3.42163
0.999999 -0.00125261 -0.000957112 -0.00224674 0.00125992 0.99997 0.00768117 -0.0113477 0.000947461 -0.00768237 0.99997 3.48304
0.999999 -0.0012312 -0.000744117 -0.00539553 0.00123684 0.99997 0.00762893 -0.0107727 0.000734702 -0.00762984 0.999971 3.52911
0.999998 -0.00180903 -0.0010583 -0.00309161 0.00181779 0.999964 0.00833702 -0.0129268 0.00104318 -0.00833893 0.999965 3.56094
0.999999 -0.000985458 -0.00102446 -0.00596162 0.000991961 0.999979 0.00636677 -0.00985093 0.00101817 -0.00636778 0.999979 3.58663
0.999762 0.000347692 -0.0218092 -0.00523956 -0.00023224 0.999986 0.00529608 -0.00734812 0.0218107 -0.00528976 0.999748 3.60468
0.998481 -0.000260574 -0.0550929 -0.0131738 0.000563397 0.999985 0.00548113 -0.0087978 0.0550906 -0.00550384 0.998466 3.61541
0.995179 -0.000560235 -0.098077 -0.0171909 0.00133189 0.999969 0.00780253 -0.0122144 0.0980696 -0.00789554 0.995148 3.62031
0.989747 -0.000719671 -0.14283 -0.0258014 0.00183448 0.999969 0.00767361 -0.0122468 0.14282 -0.00785695 0.989717 3.6209
0.98188 -0.000579873 -0.189501 -0.0329669 0.00201133 0.999971 0.00736158 -0.0116704 0.189491 -0.00760934 0.981853 3.62219
0.97136 -0.000391349 -0.237614 -0.0395314 0.00234262 0.999966 0.00792962 -0.0120142 0.237603 -0.00825915 0.971327 3.62175
0.958536 -0.000162043 -0.284972 -0.0465295 0.00238596 0.999969 0.00745682 -0.0113242 0.284963 -0.00782756 0.958507 3.61988
0.943196 -0.000448626 -0.332237 -0.0531803 0.00286634 0.999973 0.00678705 -0.0107565 0.332225 -0.00735382 0.943171 3.61726
0.925669 0.000131689 -0.378335 -0.0598165 0.00270109 0.999972 0.00695679 -0.010869 0.378326 -0.0074616 0.925642 3.61287
0.905257 -0.000581073 -0.424864 -0.06489 0.00373407 0.999971 0.00658854 -0.0106475 0.424848 -0.0075508 0.905233 3.60867
0.883261 0.00016668 -0.468882 -0.0703322 0.00330612 0.999973 0.00658341 -0.0114822 0.46887 -0.00736504 0.883236 3.60272
0.859019 0.00028674 -0.511944 -0.0752244 0.00386057 0.999968 0.00703795 -0.0114444 0.51193 -0.00802213 0.85899 3.59711
0.832029 -0.000546108 -0.554732 -0.0810878 0.00428511 0.999976 0.00544271 -0.00968466 0.554715 -0.00690558 0.832011 3.592
0.803452 -0.000339971 -0.59537 -0.0857614 0.00424168 0.999978 0.00515314 -0.00934832 0.595355 -0.00666567 0.803435 3.5855
0.77214 0.000259101 -0.635452 -0.089358 0.00450482 0.999973 0.00588156 -0.0101708 0.635436 -0.00740399 0.772118 3.57896
0.74002 -0.000330054 -0.672585 -0.0931085 0.0051274 0.999974 0.00515077 -0.0095044 0.672565 -0.00726029 0.740002 3.57229
0.706014 -0.000888512 -0.708197 -0.0966777 0.00534962 0.999977 0.00407854 -0.00960034 0.708178 -0.00666809 0.706003 3.5647
0.669344 -2.14656e-05 -0.742953 -0.100791 0.00430501 0.999983 0.00384959 -0.00866531 0.742941 -0.00577512 0.669333 3.55772
0.630037 -0.000301379 -0.776565 -0.102106 0.00497445 0.999981 0.00364775 -0.00945703 0.776549 -0.0061612 0.630027 3.54986
0.591294 0.000377669 -0.806456 -0.104955 0.00451106 0.999983 0.00377581 -0.00905591 0.806444 -0.00587059 0.591282 3.54252
0.549565 -7.23225e-06 -0.835451 -0.106444 0.00530747 0.99998 0.00348264 -0.00895429 0.835434 -0.00634807 0.549554 3.5353
0.507952 0.000649496 -0.861385 -0.109113 0.00469805 0.999983 0.0035244 -0.00849403 0.861373 -0.00583705 0.50794 3.52722
0.464319 0.000635089 -0.885668 -0.110022 0.00388253 0.999989 0.00275252 -0.00864517 0.88566 -0.00471668 0.464311 3.51905
0.419334 0.00142399 -0.907831 -0.110843 0.00441036 0.999984 0.00360572 -0.00914729 0.907821 -0.00551586 0.419321 3.51069
0.373894 0.000187648 -0.927471 -0.111391 0.00475842 0.999986 0.00212059 -0.00831175 0.927459 -0.00520618 0.373888 3.50317
0.326866 8.31439e-05 -0.945071 -0.111655 0.00470734 0.999987 0.00171607 -0.0081137 0.945059 -0.0050097 0.326861 3.49471
0.279099 0.000894427 -0.960262 -0.110804 0.00424601 0.999989 0.00216553 -0.00837234 0.960253 -0.00468168 0.279092 3.48764
0.232766 0.000367339 -0.972533 -0.109816 0.00435228 0.99999 0.00141939 -0.00826965 0.972523 -0.00456312 0.232762 3.47835
0.202534 0.000717511 -0.979275 -0.108698 0.0050703 0.999986 0.00178133 -0.00885556 0.979262 -0.005326 0.202528 3.47439
0.187719 0.00105947 -0.982222 -0.107855 0.00420407 0.999989 0.00188211 -0.00886195 0.982214 -0.00448264 0.187713 3.47149
0.179611 0.0009871 -0.983737 -0.10756 0.00462848 0.999988 0.00184847 -0.0092721 0.983727 -0.00488521 0.179604 3.47088
0.178007 0.00129849 -0.984028 -0.108289 0.00441079 0.999988 0.00211745 -0.0094831 0.984019 -0.00471726 0.177999 3.46869
0.174498 0.00121261 -0.984657 -0.121032 0.005091 0.999985 0.0021337 -0.00937071 0.984644 -0.00538521 0.174489 3.47193
0.172966 -0.000154128 -0.984928 -0.148664 0.00474879 0.999988 0.000677467 -0.00741358 0.984916 -0.0047944 0.172965 3.47694
0.17191 5.93545e-05 -0.985113 -0.183621 0.00614137 0.999981 0.00113197 -0.00815714 0.985094 -0.00624453 0.171906 3.48302
0.171655 0.000512122 -0.985157 -0.225889 0.00480137 0.999988 0.00135643 -0.00833408 0.985145 -0.00496294 0.17165 3.49011
0.171295 -7.07329e-05 -0.98522 -0.260358 0.00546522 0.999985 0.000878418 -0.00766142 0.985205 -0.00553491 0.171293 3.49571
0.171311 0.00024831 -0.985217 -0.298143 0.00510297 0.999986 0.00113934 -0.00795506 0.985204 -0.00522271 0.171307 3.50274
0.169642 0.000384839 -0.985506 -0.341328 0.00536481 0.999985 0.00131397 -0.00801913 0.985491 -0.00550995 0.169637 3.51016
0.151342 0.00126098 -0.988481 -0.38737 0.00438579 0.999988 0.00194715 -0.0101074 0.988472 -0.00462995 0.151334 3.51421
0.117329 0.00165132 -0.993092 -0.436091 0.00426526 0.999989 0.0021667 -0.00965354 0.993084 -0.00449001 0.117321 3.51741
0.0752892 0.000646714 -0.997162 -0.476954 0.00498901 0.999987 0.00102523 -0.0092981 0.997149 -0.00505203 0.075285 3.51673
0.0313042 0.000419781 -0.99951 -0.516746 0.00552931 0.999985 0.000593156 -0.00861988 0.999495 -0.00554517 0.0313014 3.51529
0.0036997 0.000653812 -0.999993 -0.562463 0.00491604 0.999988 0.000671997 -0.00862835 0.999981 -0.00491849 0.00369644 3.51621
-0.0108145 0.000268632 -0.999941 -0.612546 0.00521964 0.999986 0.000212193 -0.00878729 0.999928 -0.00521704 -0.0108157 3.51649
-0.0179773 0.00116357 -0.999838 -0.664878 0.00422839 0.99999 0.00108772 -0.00922344 0.999829 -0.00420815 -0.0179821 3.5173
-0.0234449 0.000425636 -0.999725 -0.706105 0.00484681 0.999988 0.000312084 -0.00838742 0.999713 -0.00483816 -0.0234467 3.51962
-0.0452175 0.000203097 -0.998977 -0.734748 0.0050427 0.999987 -2.4949e-05 -0.00864119 0.998964 -0.00503867 -0.0452179 3.51805
-0.0803326 1.39291e-05 -0.996768 -0.754126 0.00495798 0.999988 -0.000385604 -0.00755584 0.996756 -0.00497293 -0.0803317 3.51313
-0.123085 0.000783143 -0.992396 -0.766219 0.00468001 0.999989 0.000208681 -0.00818857 0.992385 -0.00461874 -0.123088 3.50745
-0.169049 0.000147862 -0.985608 -0.774856 0.00461476 0.999989 -0.00064149 -0.00785975 0.985597 -0.00465678 -0.169048 3.50175
-0.21525 4.79365e-05 -0.976559 -0.778071 0.00500357 0.999987 -0.00105378 -0.0082129 0.976546 -0.0051131 -0.215247 3.49455
-0.262824 0.000511324 -0.964844 -0.780088 0.00426118 0.999991 -0.0006308 -0.00881529 0.964834 -0.00427716 -0.262824 3.48859
-0.30936 0.000543348 -0.950945 -0.77905 0.00421668 0.999991 -0.000800396 -0.00904395 0.950936 -0.00425744 -0.30936 3.48228
-0.356403 0.000562028 -0.934332 -0.77723 0.00415748 0.999991 -0.000984354 -0.00888896 0.934323 -0.00423529 -0.356402 3.47623
-0.402944 0.00091473 -0.915224 -0.773743 0.00428741 0.99999 -0.000888163 -0.00903023 0.915214 -0.00428182 -0.402945 3.47097
-0.448305 0.00129406 -0.89388 -0.769289 0.00368639 0.999993 -0.00040114 -0.00955801 0.893873 -0.00347502 -0.448306 3.46552
-0.492067 0.000585151 -0.870557 -0.7644 0.00437224 0.999989 -0.00179918 -0.00887865 0.870546 -0.0046916 -0.492064 3.46033
-0.534922 0.000395742 -0.844902 -0.758077 0.00290311 0.999995 -0.00136962 -0.00925646 0.844897 -0.00318548 -0.53492 3.45617
-0.577135 0.000483451 -0.816649 -0.75315 0.0040571 0.999989 -0.00227521 -0.00866066 0.816639 -0.00462633 -0.577131 3.45043
-0.616936 -9.41914e-05 -0.787013 -0.746527 0.00370202 0.999989 -0.00302168 -0.00844089 0.787004 -0.00477773 -0.616929 3.44646
-0.655499 -0.000151115 -0.755196 -0.740448 0.00301951 0.999991 -0.00282099 -0.00799435 0.75519 -0.00412947 -0.655493 3.44258
-0.692233 0.000606559 -0.721674 -0.732934 0.00353326 0.999991 -0.00254864 -0.00867458 0.721665 -0.00431412 -0.692229 3.43916
-0.727406 0.000571162 -0.686207 -0.725293 0.00331643 0.999991 -0.0026832 -0.00862323 0.686199 -0.00422753 -0.727401 3.4363
-0.760852 0.000416566 -0.648925 -0.718365 0.00329479 0.999989 -0.00322115 -0.00860233 0.648917 -0.0045889 -0.760845 3.43372
-0.792164 -1.42177e-05 -0.610309 -0.70978 0.00267276 0.99999 -0.00349247 -0.00858981 0.610303 -0.00439781 -0.792156 3.43049
-0.822143 -0.000175266 -0.569282 -0.702162 0.00202163 0.999993 -0.00322745 -0.0089457 0.569278 -0.0038043 -0.822136 3.42925
-0.849138 3.59083e-05 -0.528171 -0.694599 0.00183811 0.999994 -0.00288714 -0.00873708 0.528167 -0.00342241 -0.849133 3.42734
-0.874831 0.00066838 -0.484427 -0.68686 0.00253236 0.999992 -0.0031935 -0.00902894 0.484421 -0.00402052 -0.874826 3.42654
-0.897943 0.000951941 -0.440111 -0.678735 0.00202026 0.999996 -0.00195892 -0.00944597 0.440107 -0.00264813 -0.897941 3.42546
-0.918756 0.00047196 -0.394826 -0.670862 0.00152339 0.999996 -0.00234956 -0.00951599 0.394824 -0.00276014 -0.918753 3.42517
-0.937436 0.000726934 -0.348157 -0.661843 0.00152104 0.999997 -0.00200757 -0.00950766 0.348155 -0.00241153 -0.937434 3.42463
-0.953574 -0.000620902 -0.301158 -0.654427 0.000160208 0.999997 -0.00256898 -0.00918589 0.301159 -0.00249796 -0.953571 3.42514
-0.967652 0.000294033 -0.252288 -0.646773 0.000682102 0.999999 -0.00145074 -0.00981469 0.252287 -0.0015759 -0.967651 3.4267
-0.978934 -0.000598166 -0.204176 -0.637797 -0.000153079 0.999998 -0.00219571 -0.00933712 0.204176 -0.0021182 -0.978932 3.42684
-0.987757 -0.000311139 -0.156 -0.630547 0.000217764 0.999994 -0.0033733 -0.00843445 0.156 -0.00336597 -0.987751 3.42826
-0.994356 -0.000381905 -0.106097 -0.622961 7.24184e-05 0.999991 -0.00427825 -0.00787004 0.106098 -0.00426179 -0.994347 3.43024
-0.998345 -0.000153864 -0.0575072 -0.615282 8.7363e-06 0.999996 -0.00282722 -0.00879079 0.0575074 -0.00282305 -0.998341 3.43183
-0.999639 -0.000713755 -0.0268416 -0.611749 -0.000630452 0.999995 -0.00311182 -0.00853493 0.0268437 -0.00309378 -0.999635 3.4198
-0.999919 -0.00130868 -0.0126527 -0.609902 -0.00127132 0.999995 -0.00296043 -0.00850086 0.0126565 -0.00294411 -0.999916 3.39354
-0.999993 -0.000871492 -0.00368037 -0.610395 -0.000861999 0.999996 -0.00258021 -0.00868388 0.00368261 -0.00257702 -0.99999 3.3588
-0.999999 -0.00106472 0.000186362 -0.610139 -0.00106519 0.999996 -0.00251867 -0.00895699 -0.00018368 -0.00251886 -0.999997 3.31645
-0.999998 -0.0016606 0.0014416 -0.609191 -0.00166385 0.999996 -0.00225367 -0.00909354 -0.00143785 -0.00225606 -0.999996 3.26911
-0.999995 -0.00141106 0.00293909 -0.610027 -0.00141541 0.999998 -0.00147786 -0.00963609 -0.002937 -0.00148201 -0.999995 3.21813
-0.999991 -0.00126935 0.0039998 -0.610929 -0.00128 0.999996 -0.00266171 -0.00957392 -0.00399641 -0.0026668 -0.999988 3.1651
-0.999991 -0.000965255 0.00424821 -0.611394 -0.000976398 0.999996 -0.00262164 -0.00928734 -0.00424566 -0.00262576 -0.999988 3.10974
-0.999993 -0.00177727 0.003362 -0.609493 -0.0017864 0.999995 -0.00271228 -0.00963778 -0.00335716 -0.00271827 -0.999991 3.0525
-0.999993 -0.00159413 0.00341258 -0.609322 -0.00160501 0.999994 -0.00318799 -0.00914701 -0.00340748 -0.00319344 -0.999989 2.99479
-0.999992 -0.00151903 0.00380435 -0.609454 -0.00153173 0.999993 -0.00333897 -0.00898423 -0.00379925 -0.00334477 -0.999987 2.93605
-0.999992 -0.0013016 0.00385058 -0.609766 -0.00131 0.999997 -0.00217989 -0.0104071 -0.00384773 -0.00218491 -0.99999 2.87795
-0.99999 -0.00174372 0.00401453 -0.60966 -0.00175436 0.999995 -0.0026502 -0.0103585 -0.00400989 -0.00265722 -0.999988 2.8195
-0.999991 -0.00130429 0.00411807 -0.609619 -0.00131338 0.999997 -0.00220511 -0.0103944 -0.00411518 -0.0022105 -0.999989 2.75939
-0.999991 -0.00157027 0.00400337 -0.609398 -0.00157977 0.999996 -0.00236933 -0.0112339 -0.00399963 -0.00237563 -0.999989 2.69942
-0.99999 -0.0019909 0.00405855 -0.609006 -0.00200356 0.999993 -0.00311906 -0.0105619 -0.00405231 -0.00312716 -0.999987 2.63998
-0.999994 -0.00135596 0.00333035 -0.608252 -0.00136745 0.999993 -0.00345183 -0.0103287 -0.00332565 -0.00345637 -0.999988 2.58022
-0.999993 -0.00212273 0.00320475 -0.607878 -0.00213063 0.999995 -0.00246559 -0.0109884 -0.0031995 -0.0024724 -0.999992 2.51978
-0.999993 -0.00187534 0.00330791 -0.607952 -0.00188345 0.999995 -0.00245052 -0.0113818 -0.0033033 -0.00245673 -0.999992 2.46047
-0.999993 -0.00130752 0.00355546 -0.607784 -0.00131308 0.999998 -0.00156055 -0.012244 -0.00355342 -0.00156521 -0.999992 2.4005
-0.999992 -0.00191947 0.00348993 -0.607839 -0.00192823 0.999995 -0.00250767 -0.0119425 -0.0034851 -0.00251438 -0.999991 2.33969
-0.99999 -0.00237031 0.00387659 -0.607267 -0.00238069 0.999994 -0.00267667 -0.0113575 -0.00387022 -0.00268587 -0.999989 2.27968
-0.999992 -0.00185743 0.00365609 -0.606508 -0.00186865 0.999994 -0.00306772 -0.0110157 -0.00365037 -0.00307452 -0.999989 2.21972
-0.999989 -0.00197046 0.00418127 -0.607762 -0.00197567 0.999997 -0.00124048 -0.0140795 -0.00417882 -0.00124873 -0.99999 2.16004
-0.999989 -0.00223174 0.00404362 -0.607451 -0.00223817 0.999996 -0.00158546 -0.0142719 -0.00404007 -0.0015945 -0.999991 2.10132
-0.99999 -0.00162752 0.00422976 -0.606985 -0.00163354 0.999998 -0.001418 -0.014891 -0.00422744 -0.00142489 -0.99999 2.04191
-0.999991 -0.00275066 0.00320254 -0.605524 -0.00275012 0.999996 0.00017394 -0.0165817 -0.00320301 0.000165131 -0.999995 1.98114
-0.999991 -0.00238437 0.00347832 -0.605342 -0.00238937 0.999996 -0.00143292 -0.0160482 -0.00347489 -0.00144122 -0.999993 1.92063
-0.999991 -0.00250308 0.00351151 -0.605768 -0.00250429 0.999997 -0.00034023 -0.0163485 -0.00351065 -0.000349021 -0.999994 1.8604
-0.999988 -0.00254749 0.00417662 -0.605425 -0.00254874 0.999997 -0.000293632 -0.016673 -0.00417586 -0.000304273 -0.999991 1.80094
-0.99999 -0.00273247 0.00355113 -0.604458 -0.00273453 0.999996 -0.000575173 -0.0168508 -0.00354954 -0.000584878 -0.999994 1.74102
-0.99999 -0.00276656 0.0034097 -0.603932 -0.00276704 0.999996 -0.000134914 -0.0175362 -0.00340932 -0.000144347 -0.999994 1.68175
-0.999989 -0.0028109 0.0037541 -0.60356 -0.00280865 0.999996 0.0006042 -0.0187678 -0.00375578 0.000593649 -0.999993 1.62256
-0.999989 -0.00281541 0.00373469 -0.604172 -0.00281613 0.999996 -0.000186585 -0.0180218 -0.00373415 -0.0001971 -0.999993 1.56217
-0.99999 -0.00243628 0.00373522 -0.602979 -0.00243752 0.999997 -0.000325622 -0.0182865 -0.00373442 -0.000334724 -0.999993 1.50293
-0.99999 -0.00247047 0.00382618 -0.604055 -0.00246943 0.999997 0.000278698 -0.0191896 -0.00382686 0.000269246 -0.999993 1.44264
-0.999989 -0.00237454 0.00403894 -0.603507 -0.00237286 0.999997 0.000421188 -0.0189592 -0.00403993 0.0004116 -0.999992 1.38219
-0.999988 -0.00258565 0.00411319 -0.603475 -0.00258359 0.999997 0.000505209 -0.0194754 -0.00411448 0.000494576 -0.999991 1.323
-0.999988 -0.00290903 0.00382082 -0.603056 -0.00290458 0.999995 0.00116948 -0.0205046 -0.0038242 0.00115837 -0.999992 1.26288
-0.999986 -0.00283586 0.0043846 -0.603203 -0.00283095 0.999995 0.00112634 -0.0200527 -0.00438777 0.00111391 -0.99999 1.20334
-0.999987 -0.00350411 0.00379875 -0.601964 -0.00349889 0.999993 0.00138041 -0.0209621 -0.00380357 0.0013671 -0.999992 1.14415
-0.999981 -0.00387867 0.00469875 -0.601713 -0.00387387 0.999992 0.00102969 -0.0201801 -0.0047027 0.00101147 -0.999988 1.0847
-0.999986 -0.00261447 0.00459316 -0.602306 -0.00261116 0.999996 0.00072634 -0.0202619 -0.00459504 0.000714336 -0.999989 1.02268
-0.999984 -0.0028923 0.00483912 -0.601394 -0.00288387 0.999994 0.00174784 -0.0209323 -0.00484414 0.00173386 -0.999987 0.961583
-0.999985 -0.00259222 0.00491695 -0.601968 -0.00258516 0.999996 0.00144133 -0.0215156 -0.00492066 0.0014286 -0.999987 0.902367
-0.999984 -0.00213772 0.00526309 -0.6017 -0.00213972 0.999998 -0.000374431 -0.01949 -0.00526228 -0.000385687 -0.999986 0.841545
-0.999983 -0.00310532 0.00499641 -0.60227 -0.00310183 0.999995 0.000706828 -0.0195107 -0.00499858 0.000691318 -0.999987 0.779448
-0.999982 -0.00320287 0.00513732 -0.601889 -0.00320651 0.999995 -0.000700861 -0.0177696 -0.00513505 -0.000717321 -0.999987 0.719754
-0.999983 -0.00325402 0.0048498 -0.600384 -0.00325778 0.999994 -0.000767364 -0.0170564 -0.00484727 -0.000783151 -0.999988 0.656878
-0.999983 -0.00348408 0.00463686 -0.599475 -0.00347875 0.999993 0.00115768 -0.018918 -0.00464086 0.00114153 -0.999989 0.598562
-0.999982 -0.00317115 0.00499866 -0.600503 -0.00316299 0.999994 0.00163917 -0.0221241 -0.00500383 0.00162333 -0.999986 0.537969
-0.999979 -0.00283672 0.00583434 -0.602373 -0.00282503 0.999994 0.00200963 -0.0224873 -0.00584001 0.00199311 -0.999981 0.477833
-0.999981 -0.0029937 0.00546265 -0.601119 -0.00298351 0.999994 0.0018722 -0.0226019 -0.00546822 0.00185587 -0.999983 0.430675
-0.999995 -0.00246068 0.00216048 -0.598916 -0.00245899 0.999997 0.000785897 -0.0204549 -0.0021624 0.00078058 -0.999997 0.398711
-0.999253 -0.00360204 -0.0384876 -0.601866 -0.00362945 0.999993 0.000642456 -0.0204659 0.038485 0.000781665 -0.999259 0.372086
-0.994296 -0.00223502 -0.106632 -0.614338 -0.00250687 0.999994 0.00241538 -0.0238788 0.106626 0.00266892 -0.994296 0.351738
-0.981923 -0.00201878 -0.189271 -0.626913 -0.00250775 0.999994 0.00234401 -0.0236596 0.189265 0.00277628 -0.981922 0.336718
-0.960852 -0.000975176 -0.277059 -0.643774 -0.00137283 0.999998 0.0012413 -0.0231765 0.277058 0.00157306 -0.960852 0.326045
-0.928345 -0.0012742 -0.371718 -0.658024 -0.00202751 0.999997 0.00163574 -0.0248066 0.371714 0.00227219 -0.928344 0.319775
-0.889396 -0.00183146 -0.457133 -0.673063 -0.00264488 0.999996 0.00113947 -0.0240777 0.457129 0.0022225 -0.889397 0.315574
-0.840162 -0.00123538 -0.542335 -0.68971 -0.00183307 0.999998 0.00056181 -0.0243522 0.542333 0.00146615 -0.840162 0.315491
-0.781903 -0.00161799 -0.623399 -0.705399 -0.00237535 0.999997 0.000383872 -0.0240989 0.623396 0.00178094 -0.781904 0.31718
-0.716873 -0.00170571 -0.697201 -0.720415 -0.0019116 0.999998 -0.00048096 -0.0237895 0.697201 0.000987985 -0.716875 0.321059
-0.643686 -0.00142594 -0.765288 -0.734574 -0.00175016 0.999998 -0.00039121 -0.0241489 0.765287 0.00108756 -0.643688 0.327482
-0.564181 -0.000833639 -0.825651 -0.747237 -0.000934434 0.999999 -0.000371161 -0.0247967 0.825651 0.000562114 -0.564181 0.336201
-0.479436 -0.000808762 -0.877577 -0.761172 -0.000425434 1 -0.000689163 -0.0244781 0.877577 4.29417e-05 -0.479436 0.345039
-0.390748 -0.000941784 -0.920497 -0.78403 -0.00099851 0.999999 -0.00059926 -0.0248567 0.920497 0.000684967 -0.390748 0.348725
-0.334615 -0.00106938 -0.942354 -0.815372 -0.000611159 0.999999 -0.000917784 -0.0249423 0.942355 0.000268825 -0.334615 0.343857
-0.3061 -0.00173749 -0.951998 -0.851182 -0.000529145 0.999998 -0.00165495 -0.0231306 0.951999 -2.83627e-06 -0.3061 0.333939
-0.29049 -0.000731122 -0.956878 -0.890619 -0.000279271 1 -0.000679289 -0.0240337 0.956878 6.9902e-05 -0.29049 0.320874
-0.282053 0.000349333 -0.959399 -0.920286 -0.000318095 1 0.000457633 -0.0268126 0.959399 0.000434257 -0.282053 0.31017
-0.2775 -0.00023287 -0.960725 -0.943314 -0.000766317 1 -2.10435e-05 -0.0259252 0.960725 0.000730381 -0.277501 0.301666
-0.272921 0.000325274 -0.962036 -0.959636 -0.000510762 1 0.000483008 -0.0271174 0.962036 0.000623195 -0.272921 0.295683
-0.233707 0.000906215 -0.972307 -0.974519 -0.000606819 0.999999 0.00107788 -0.0277209 0.972307 0.000841923 -0.233707 0.297218
-0.165494 -0.000427929 -0.986211 -0.989812 -0.000491358 1 -0.000351458 -0.0258581 0.986211 0.000426419 -0.165494 0.304446
-0.0829072 -0.000187382 -0.996557 -1.00287 -0.000221772 1 -0.000169579 -0.0259247 0.996557 0.000206949 -0.0829072 0.312922
0.00523952 0.00145549 -0.999985 -1.00975 -0.000562738 0.999999 0.00145256 -0.0293513 0.999986 0.000555119 0.00524033 0.329032
0.0619081 0.00177133 -0.99808 -1.02921 -0.000213358 0.999998 0.0017615 -0.0298999 0.998082 0.000103897 0.0619083 0.335843
0.0906417 0.00170826 -0.995882 -1.05669 0.000525384 0.999998 0.00176314 -0.0292511 0.995883 -0.000683034 0.0906406 0.340545
0.105217 0.00148661 -0.994448 -1.09597 -0.000376444 0.999999 0.00145508 -0.0299902 0.994449 0.000221255 0.105217 0.344352
0.11384 0.00330585 -0.993494 -1.14023 -0.000111262 0.999995 0.00331474 -0.0326447 0.993499 -0.000266813 0.11384 0.345386
0.118097 0.00118906 -0.993001 -1.1882 -0.000978356 0.999999 0.00108108 -0.0293309 0.993002 0.000843837 0.118098 0.350566
0.120883 0.00122781 -0.992666 -1.22918 -0.000459809 0.999999 0.00118089 -0.0285372 0.992667 0.000313686 0.120884 0.350916
0.121169 0.0030337 -0.992627 -1.26653 -0.000738697 0.999995 0.00296604 -0.0327812 0.992632 0.000373857 0.121171 0.357708
0.121439 0.00365554 -0.992592 -1.3128 -0.000355394 0.999993 0.00363931 -0.0336153 0.992599 -8.91931e-05 0.121439 0.361858
0.122328 0.00226873 -0.992487 -1.3664 -0.000124451 0.999997 0.00227056 -0.0312991 0.99249 -0.000154238 0.122328 0.366744
0.123922 0.000901557 -0.992291 -1.41596 -0.000539348 1 0.000841203 -0.0285357 0.992292 0.000430946 0.123923 0.376536
0.164826 0.00542481 -0.986308 -1.45493 -0.00129403 0.999985 0.00528379 -0.0367272 0.986322 0.000405412 0.16483 0.381963
0.231685 0.00413082 -0.972782 -1.48573 -0.000990408 0.999991 0.00401048 -0.0346746 0.97279 3.4282e-05 0.231687 0.399743
0.311536 0.00317174 -0.950229 -1.50704 -0.00114231 0.999995 0.00296335 -0.0329439 0.950234 0.000162267 0.311538 0.414255
0.399205 0.00451161 -0.916851 -1.52396 -0.0012692 0.99999 0.0043681 -0.0356626 0.916861 -0.000580104 0.399206 0.430371
0.480194 0.00204466 -0.87716 -1.53354 -0.000753899 0.999998 0.00191828 -0.030827 0.877162 -0.000259856 0.480194 0.447437
0.53062 0.00354124 -0.847603 -1.53832 -0.000809463 0.999993 0.00367117 -0.0336615 0.84761 -0.00126189 0.530619 0.455539
0.556361 0.00428868 -0.830929 -1.54305 -0.000236817 0.999987 0.00500268 -0.03552 0.83094 -0.00258652 0.556355 0.459805
0.572471 0.00509705 -0.819909 -1.5446 -0.00155689 0.999986 0.00512947 -0.0360986 0.819924 -0.00165997 0.572471 0.459833
0.610288 0.00532151 -0.792162 -1.54523 -0.00246384 0.999985 0.00481944 -0.0371365 0.792176 -0.000989489 0.610292 0.470636
0.666022 0.00467672 -0.745918 -1.54117 -0.00149255 0.999987 0.00493698 -0.0352946 0.745931 -0.00217481 0.66602 0.478436
0.727157 0.00439736 -0.686457 -1.53721 -0.00179362 0.999988 0.00450585 -0.0360303 0.686469 -0.00204522 0.727156 0.494706
0.787328 0.00555855 -0.616509 -1.53208 -0.00346587 0.999983 0.00458986 -0.0387064 0.616524 -0.00147698 0.787334 0.507038
0.843081 0.00554351 -0.537757 -1.52334 -0.0035992 0.999983 0.00466567 -0.0391349 0.537774 -0.00199804 0.843087 0.520032
0.891825 0.00533766 -0.452349 -1.51525 -0.0041599 0.999985 0.00359827 -0.0389196 0.452362 -0.0013273 0.891834 0.529918
0.932652 0.00585303 -0.360731 -1.50584 -0.00500376 0.999982 0.00328823 -0.0384448 0.360744 -0.00126177 0.932664 0.540204
0.963219 0.00472912 -0.268676 -1.4913 -0.00407461 0.999987 0.00299364 -0.0392549 0.268687 -0.00178878 0.963226 0.552459
0.984719 0.00467917 -0.174086 -1.48123 -0.00418424 0.999986 0.00320994 -0.0392958 0.174098 -0.00243248 0.984725 0.574222
0.993403 0.0048745 -0.114572 -1.47882 -0.00458223 0.999986 0.0028142 -0.0400794 0.114584 -0.00227064 0.993411 0.604146
0.996582 0.00501689 -0.0824584 -1.48177 -0.00478337 0.999984 0.00302917 -0.0402412 0.0824723 -0.00262439 0.99659 0.640502
0.997704 0.00437245 -0.0675781 -1.48411 -0.00423489 0.999989 0.0021788 -0.0391726 0.0675868 -0.00188761 0.997712 0.68366
0.998258 0.00351483 -0.0589007 -1.48718 -0.00334083 0.99999 0.00305238 -0.040055 0.0589108 -0.00285028 0.998259 0.719697
0.998503 0.0044108 -0.0545145 -1.49194 -0.00429463 0.999988 0.0022479 -0.0392444 0.0545237 -0.00201042 0.99851 0.756381
0.998614 0.00451572 -0.0524399 -1.49613 -0.00441385 0.999988 0.00205817 -0.0388662 0.0524485 -0.00182385 0.998622 0.799695
0.998681 0.00452995 -0.0511351 -1.49969 -0.00440615 0.999987 0.00253355 -0.038926 0.0511459 -0.0023049 0.998689 0.846987
0.998683 0.00414079 -0.051142 -1.50263 -0.00399422 0.999988 0.00296795 -0.0400129 0.0511536 -0.00275977 0.998687 0.898871
0.998748 0.00401051 -0.04986 -1.50694 -0.0038788 0.999989 0.00273812 -0.0393313 0.0498704 -0.0025413 0.998752 0.952279
0.998711 0.00427716 -0.0505729 -1.50915 -0.00413026 0.999987 0.003009 -0.0401965 0.0505851 -0.00279624 0.998716 1.0086
0.998686 0.00430687 -0.0510622 -1.51203 -0.00414834 0.999986 0.00321028 -0.0401789 0.0510753 -0.00299424 0.99869 1.06514
0.998713 0.00445585 -0.0505219 -1.51591 -0.0043345 0.999987 0.00251115 -0.0393738 0.0505325 -0.00228893 0.99872 1.12362
0.998715 0.00430636 -0.0504945 -1.51882 -0.00416646 0.999987 0.00287551 -0.0390965 0.0505062 -0.00266143 0.99872 1.17991
0.998708 0.00349857 -0.0506879 -1.52156 -0.00335747 0.99999 0.0028686 -0.0387197 0.0506975 -0.00269471 0.99871 1.23888
0.998697 0.00369331 -0.0508902 -1.52515 -0.00353887 0.999989 0.0031246 -0.0384616 0.0509011 -0.00294044 0.998699 1.29744
0.998691 0.00328133 -0.0510455 -1.52794 -0.00312278 0.99999 0.00318547 -0.038348 0.0510554 -0.00302189 0.998691 1.35739
0.998701 0.0033442 -0.0508497 -1.53127 -0.00313762 0.999987 0.0041418 -0.0386618 0.0508628 -0.00397687 0.998698 1.4166
0.99871 0.00383094 -0.0506395 -1.53597 -0.00368969 0.999989 0.00288258 -0.0390754 0.0506499 -0.00269201 0.998713 1.47539
0.99872 0.00394588 -0.0504263 -1.53891 -0.00376747 0.999986 0.00363263 -0.0394436 0.05044 -0.003438 0.998721 1.53447
0.998711 0.00392344 -0.050609 -1.54203 -0.00381212 0.99999 0.00229613 -0.0379369 0.0506175 -0.00210024 0.998716 1.59474
0.998679 0.00441607 -0.0511939 -1.54515 -0.00427648 0.999987 0.00283593 -0.0382339 0.0512058 -0.00261325 0.998685 1.65217
0.998846 0.00412863 -0.0478535 -1.54699 -0.00407995 0.999991 0.00111487 -0.0358917 0.0478577 -0.00091834 0.998854 1.69974
0.99995 0.00428656 -0.00898572 -1.54273 -0.00426982 0.999989 0.00188148 -0.0359256 0.00899369 -0.00184302 0.999958 1.7359
0.99825 0.00261431 0.0590756 -1.53205 -0.00275844 0.999993 0.00235836 -0.0379507 -0.059069 -0.00251719 0.998251 1.76308
0.989816 0.00180257 0.14234 -1.51937 -0.00225325 0.999993 0.00300508 -0.0382386 -0.142333 -0.0032952 0.989813 1.7842
0.973418 0.00128632 0.229034 -1.50416 -0.00182923 0.999996 0.00215815 -0.0383285 -0.22903 -0.00251974 0.973416 1.81231
0.958957 0.0014278 0.283547 -1.49026 -0.00204978 0.999996 0.00189692 -0.0384828 -0.283543 -0.00240027 0.958957 1.84795
0.950642 0.00133183 0.310288 -1.47695 -0.00203714 0.999996 0.00194903 -0.0383565 -0.310285 -0.00248493 0.95064 1.88905
0.946454 0.00133124 0.322836 -1.46471 -0.00212852 0.999995 0.00211659 -0.0395511 -0.322831 -0.00269042 0.946453 1.93432
0.950181 0.00154892 0.311694 -1.4544 -0.00218209 0.999996 0.00168262 -0.0390345 -0.31169 -0.00227894 0.950181 1.98115
0.959283 0.00195181 0.282439 -1.44828 -0.00248743 0.999996 0.00153784 -0.0382026 -0.282435 -0.00217777 0.959284 2.02159
0.969798 3.87475e-06 0.243909 -1.44683 -0.000984915 0.999992 0.0039002 -0.0398259 -0.243907 -0.00402263 0.96979 2.04731
0.979586 0.0022611 0.201011 -1.44951 -0.0027583 0.999994 0.00219346 -0.0383432 -0.201004 -0.00270313 0.979587 2.06701
0.987962 0.00185497 0.154683 -1.45343 -0.00224823 0.999995 0.0023675 -0.0380367 -0.154678 -0.00268676 0.987961 2.08116
0.99436 0.00155174 0.106046 -1.4581 -0.00182936 0.999995 0.00252067 -0.0376023 -0.106042 -0.00270045 0.994358 2.09078
0.99838 0.0002452 0.0568991 -1.46361 -0.000476462 0.999992 0.0040509 -0.0383343 -0.0568977 -0.00407144 0.998372 2.09498
0.999961 0.00276496 0.00840704 -1.47006 -0.00278163 0.999994 0.00197249 -0.0372329 -0.00840153 -0.00199579 0.999963 2.0987
0.999134 0.00313214 -0.0415015 -1.47691 -0.00304262 0.999993 0.00222003 -0.0371399 0.0415082 -0.00209184 0.999136 2.11281
0.996012 0.0031923 -0.0891606 -1.48417 -0.00300013 0.999993 0.00228919 -0.0368196 0.0891673 -0.00201257 0.996015 2.1388
0.992723 0.00178132 -0.12041 -1.48811 -0.00135455 0.999993 0.00362608 -0.0377209 0.120415 -0.0034366 0.992718 2.17378
0.990852 0.00277761 -0.134924 -1.4931 -0.00246293 0.999994 0.00249911 -0.0370573 0.13493 -0.00214394 0.990853 2.21664
0.989763 0.00264893 -0.142694 -1.49915 -0.00230375 0.999994 0.00258417 -0.0363658 0.1427 -0.00222899 0.989764 2.26425
0.989189 0.00243363 -0.146625 -1.50472 -0.00219617 0.999996 0.00178136 -0.0364182 0.146629 -0.00144009 0.989191 2.31474
0.988879 0.00251979 -0.148701 -1.51156 -0.00212005 0.999994 0.00284668 -0.0372754 0.148708 -0.00249976 0.988878 2.36646
0.988821 0.00219699 -0.14909 -1.51976 -0.00178103 0.999994 0.00292342 -0.0366927 0.149096 -0.0026252 0.988819 2.4209
0.988654 0.00276531 -0.150186 -1.5271 -0.00222163 0.99999 0.00378771 -0.0393418 0.150195 -0.00341108 0.98865 2.47766
0.988617 0.00246152 -0.150431 -1.53535 -0.00201348 0.999993 0.00313055 -0.0380955 0.150438 -0.00279203 0.988616 2.53453
0.988644 0.0035989 -0.150233 -1.54488 -0.00304429 0.999988 0.00392147 -0.0393391 0.150246 -0.00341958 0.988643 2.59101
0.988541 0.00278756 -0.150925 -1.55205 -0.00234465 0.999992 0.00311251 -0.0384056 0.150933 -0.00272298 0.98854 2.65142
0.988514 0.00289498 -0.151103 -1.56138 -0.0025679 0.999994 0.00235967 -0.0378768 0.151109 -0.00194455 0.988515 2.71023
0.988347 0.00192665 -0.152205 -1.56762 -0.00148769 0.999994 0.00299782 -0.0361156 0.15221 -0.00273645 0.988344 2.76996
0.988482 0.00256262 -0.151317 -1.57674 -0.00219732 0.999994 0.00258129 -0.0360971 0.151323 -0.00221906 0.988482 2.82749
0.988498 0.00250144 -0.151213 -1.58616 -0.00208792 0.999994 0.00289342 -0.0364842 0.15122 -0.00254442 0.988497 2.88587
0.988495 0.00230117 -0.151237 -1.59464 -0.0018388 0.999993 0.00319706 -0.0374237 0.151244 -0.00288218 0.988492 2.94459
0.988473 0.00259929 -0.151374 -1.6035 -0.0022528 0.999994 0.00246044 -0.0367294 0.151379 -0.00209107 0.988474 3.00335
0.988476 0.00248844 -0.151358 -1.61142 -0.00201006 0.999992 0.0033135 -0.0369923 0.151366 -0.00297107 0.988473 3.06092
0.988364 0.00247484 -0.152085 -1.61811 -0.00226778 0.999996 0.00153487 -0.0335463 0.152088 -0.00117212 0.988366 3.11987
0.988776 0.00367533 -0.149361 -1.62449 -0.00327997 0.99999 0.00289326 -0.0370933 0.149371 -0.00237088 0.988778 3.17947
0.994641 -0.00203632 -0.10337 -1.65605 0.00185183 0.999997 -0.00188072 -0.0246577 0.103374 0.00167922 0.994641 3.23786
0.999266 0.00264526 -0.0382189 -1.63636 -0.00255145 0.999994 0.00250315 -0.0366304 0.0382253 -0.0024038 0.999266 3.30424
0.99901 0.00278673 0.0443986 -1.6294 -0.0028936 0.999993 0.00234301 -0.0370137 -0.0443918 -0.00246916 0.999011 3.35365
0.991199 0.00163172 0.132367 -1.62102 -0.00197672 0.999995 0.00247503 -0.0372864 -0.132363 -0.00271491 0.991198 3.39046
0.982151 0.00229521 0.188083 -1.61677 -0.00293296 0.999991 0.00311255 -0.0388669 -0.188074 -0.00360863 0.982148 3.41284
0.976422 0.00235078 0.215858 -1.61382 -0.0029829 0.999992 0.00260268 -0.0374325 -0.21585 -0.0031852 0.976421 3.43091
0.972469 0.00247245 0.233018 -1.61368 -0.00321093 0.999991 0.00278992 -0.0383563 -0.233009 -0.00346132 0.972468 3.44278
