Camera_l:
  fx: 263.2786443617774
  fy: 263.2786443617774
  cx: 376.5
  cy: 240.5

Camera_r:
  fx: 263.2786443617774
  fy: 263.2786443617774
  cx: 43897
  cy: 240.5

Camera:
  width: 480
  height: 752
  fps: 15.0
  bl: 0.12