rectified: false

numOfFrames: 1710
seq: "00"

imagesPath: "/home/christos/catkin_ws/src/mini_project_kokas/src/vio_slam/images/V1_02/"

fileExtension: ".jpg"


Camera_l:
  fx: 458.654
  fy: 457.296
  cx: 367.215
  cy: 248.375
  k1: -0.28340811
  k2: 0.07395907
  p1: 0.00019359
  p2: 1.76187114e-05
  k3: 0.0
  R : 
    rows: 3
    cols: 3
    dt: d
    data: [0.999966347530033, -0.001422739138722922, 0.008079580483432283, 0.001365741834644127, 0.9999741760894847, 0.007055629199258132, -0.008089410156878961, -0.007044357138835809, 0.9999424675829176]
  P: 
    rows: 3
    cols: 4
    dt: d
    data: [435.2046959714599, 0, 367.4517211914062, 0,  0, 435.2046959714599, 252.2008514404297, 0,  0, 0, 1, 0]

Camera_l_path: /zed2i/zed_node/left_raw/image_raw_color
# /zed2i/zed_node/left_raw/image_raw_color
# /camera_1/left/image_raw

Camera_r:
  fx: 457.587
  fy: 456.134
  cx: 379.999
  cy: 255.238
  k1: -0.28368365
  k2: 0.07451284
  p1: -0.00010473
  p2: -3.55590700e-05
  k3: 0.0
  R : 
    rows: 3
    cols: 3
    dt: d
    data: [0.9999633526194376, -0.003625811871560086, 0.007755443660172947, 0.003680398547259526, 0.9999684752771629, -0.007035845251224894, -0.007729688520722713, 0.007064130529506649, 0.999945173484644]
  P: 
    rows: 3
    cols: 4
    dt: d
    data: [435.2046959714599, 0, 367.4517211914062, -47.90639384423901, 0, 435.2046959714599, 252.2008514404297, 0, 0, 0, 1, 0]
  
Camera_r_path: /zed2i/zed_node/right_raw/image_raw_color
# /zed2i/zed_node/right_raw/image_raw_color
# /camera_1/right/image_raw

Camera:
  width: 752
  height: 480
  fps: 20.0
  bl: 0.110074137800478

Camera_path: /zed2i/zed_node/left_raw/image_raw_color
ground_truth_path: /odom/ground_truth/2
pointcloud_path: /camera_1/points2

IMU:
  T_b_c1: 
    rows: 4
    cols: 4
    dt: f
    data: [  0.0040000, -0.0000080,  0.9999920, -0.008,
            -0.9999840,  0.0040000,  0.0040000, 0.023,
            -0.0040000, -0.9999920,  0.0000080, -0.000,
            0.0, 0.0, 0.0, 1.0]
  path: /imu/data

Stereo:
  T_c1_c2:
    rows: 4
    cols: 4
    dt: f
    data: [0.999997256477797,-0.002317135723275,-0.000343393120620,0.110074137800478,
         0.002312067192432,0.999898048507103,-0.014090668452683,-0.000156612054392,
         0.000376008102320,0.014089835846691,0.999900662638081,0.000889382785432,
         0,0,0,1.000000000000000]