0.999993 -0.00249006 -0.00280975 -0.00729275 0.00248375 0.999994 -0.00224736 -0.00339617 0.00281533 0.00224037 0.999994 0.715244
0.999976 -0.00119707 -0.00684817 -0.0219438 0.00117064 0.999992 -0.00386323 -0.00780109 0.00685273 0.00385512 0.999969 1.45382
0.999946 -0.0015828 -0.0102479 -0.0384304 0.00153576 0.999988 -0.00459663 -0.0227005 0.0102551 0.00458065 0.999937 2.22409
0.999882 -0.000313759 -0.0153777 -0.052999 0.000230744 0.999985 -0.00539991 -0.02586 0.0153792 0.00539572 0.999867 2.99769
0.99979 -0.00146138 -0.0204415 -0.0659546 0.00135732 0.999986 -0.00510369 -0.0459187 0.0204486 0.00507487 0.999778 3.79835
0.999681 0.000352425 -0.0252644 -0.0927951 -0.00050846 0.999981 -0.00616993 -0.0579733 0.0252618 0.0061808 0.999662 4.6046
0.999526 0.00288124 -0.0306521 -0.119061 -0.0030944 0.999971 -0.00690893 -0.0643489 0.0306313 0.00700051 0.999506 5.42721
0.99938 0.00327554 -0.035046 -0.151396 -0.00347999 0.999977 -0.00577417 -0.0687114 0.0350263 0.00589255 0.999369 6.27297
0.999242 0.00271258 -0.0388284 -0.201686 -0.00281546 0.999993 -0.00259523 -0.0865804 0.0388211 0.00270258 0.999243 7.1285
0.999075 0.00249003 -0.0429397 -0.238775 -0.00251108 0.999997 -0.000436454 -0.0877598 0.0429385 0.000543875 0.999078 7.99966
0.998925 0.00407146 -0.0461707 -0.280938 -0.00412074 0.999991 -0.00097229 -0.0976696 0.0461663 0.0011615 0.998933 8.86665
0.998766 0.00327669 -0.0495465 -0.309881 -0.00334693 0.999994 -0.0013348 -0.104197 0.0495418 0.00149898 0.998771 9.74922
0.998712 0.000740228 -0.0507253 -0.366886 -0.000856515 0.999997 -0.00227078 -0.1086 0.0507234 0.0023113 0.99871 10.6299
0.998652 -0.00177183 -0.0518729 -0.425418 0.00160637 0.999993 -0.00323113 -0.114071 0.0518783 0.00314345 0.998648 11.5102
0.998563 -0.00319274 -0.0534938 -0.473401 0.00299987 0.999989 -0.00368547 -0.123015 0.053505 0.0035197 0.998561 12.4121
0.998456 -0.00117629 -0.0555434 -0.523503 0.000857723 0.999983 -0.0057589 -0.138965 0.0555493 0.00570236 0.99844 13.3213
0.998347 -0.00115774 -0.0574683 -0.573339 0.00071937 0.99997 -0.00764817 -0.158425 0.0574754 0.00759418 0.998318 14.2545
0.998232 0.00276363 -0.0593785 -0.635321 -0.00332533 0.999951 -0.00936288 -0.170121 0.0593496 0.00954378 0.998192 15.1845
0.998173 0.00360228 -0.0603193 -0.704143 -0.00414892 0.999951 -0.0089398 -0.188848 0.0602842 0.00917372 0.998139 16.1314
0.998094 0.0026517 -0.0616524 -0.768004 -0.00310322 0.999969 -0.00722904 -0.208574 0.0616313 0.00740659 0.998072 17.0925
0.998114 0.00305405 -0.0613066 -0.857952 -0.00335315 0.999983 -0.00477641 -0.227729 0.0612909 0.00497298 0.998108 18.0493
0.998051 0.00279104 -0.0623417 -0.921128 -0.00306869 0.999986 -0.00435832 -0.246737 0.0623286 0.00454114 0.998045 19.0084
0.99798 0.00282596 -0.0634655 -0.995109 -0.00316074 0.999982 -0.00517521 -0.260452 0.0634497 0.00536535 0.997971 19.9639
0.997927 -0.000541772 -0.0643473 -1.06313 8.21607e-05 0.999974 -0.00714509 -0.252722 0.0643495 0.007125 0.997902 20.9508
0.997867 -0.000659448 -0.0652696 -1.12909 0.000268532 0.999982 -0.00599784 -0.261356 0.0652724 0.00596752 0.99785 21.9409
0.997973 -0.000250771 -0.0636329 -1.23033 3.63697e-05 0.999994 -0.00337048 -0.262904 0.0636334 0.00336134 0.997968 22.9385
0.997992 0.000530988 -0.0633341 -1.29117 -0.000519702 1 0.00019468 -0.277562 0.0633342 -0.000161374 0.997992 23.932
0.998075 -0.00074628 -0.0620215 -1.35741 0.000935868 0.999995 0.00302783 -0.286317 0.0620189 -0.00308004 0.99807 24.9326
0.998091 -0.000992895 -0.0617581 -1.40449 0.00125604 0.99999 0.0042222 -0.300759 0.0617533 -0.00429171 0.998082 25.9356
0.998168 -0.000629145 -0.060493 -1.47167 0.0006899 0.999999 0.000983463 -0.30211 0.0604923 -0.0010234 0.998168 26.9354
0.998193 0.000390625 -0.0600911 -1.53653 -0.000794028 0.999977 -0.00668945 -0.269259 0.0600871 0.00672508 0.99817 27.9658
0.998048 -0.000643807 -0.0624437 -1.53136 0.000221428 0.999977 -0.00677084 -0.336467 0.0624467 0.00674379 0.998026 28.981
0.998052 -0.003132 -0.062314 -1.5945 0.00276597 0.999978 -0.00595938 -0.349038 0.0623313 0.00577541 0.998039 30.0091
0.998083 -0.00436348 -0.0617334 -1.66813 0.00429455 0.99999 -0.00124914 -0.366827 0.0617382 0.000981632 0.998092 31.0328
0.997999 -0.00851099 -0.0626499 -1.73449 0.00864476 0.999961 0.0018645 -0.373763 0.0626316 -0.00240236 0.998034 32.0648
0.997795 -0.0159182 -0.0644319 -1.78135 0.016038 0.99987 0.00134263 -0.386967 0.0644022 -0.00237303 0.997921 33.1009
0.99762 -0.0184074 -0.0664435 -1.83904 0.0182629 0.999829 -0.002782 -0.389952 0.0664834 0.00156193 0.997786 34.1663
0.997537 -0.0180689 -0.0677697 -1.91652 0.0176337 0.99982 -0.00701566 -0.397025 0.0678842 0.00580335 0.997676 35.2089
0.997481 -0.0167616 -0.0689262 -2.00507 0.0162834 0.999839 -0.00749404 -0.41975 0.0690408 0.00635281 0.997594 36.2469
0.997431 -0.016503 -0.069701 -2.08703 0.0161251 0.999852 -0.00598109 -0.439493 0.0697894 0.00484179 0.99755 37.2985
0.997466 -0.0138825 -0.0697769 -2.19753 0.013648 0.9999 -0.00383617 -0.443449 0.0698231 0.00287413 0.997555 38.3538
0.997399 -0.0137891 -0.0707439 -2.28349 0.0136497 0.999904 -0.00245333 -0.461761 0.0707709 0.00148131 0.997491 39.4175
0.997224 -0.0131456 -0.073297 -2.33595 0.0132338 0.999912 0.000717768 -0.482812 0.0732812 -0.00168578 0.99731 40.508
0.997222 -0.0134002 -0.0732675 -2.41764 0.0137012 0.9999 0.00360756 -0.495707 0.0732118 -0.0046014 0.997306 41.5832
0.99725 -0.00762642 -0.0737152 -2.50999 0.00809176 0.999949 0.00601601 -0.505842 0.0736656 -0.00659595 0.997261 42.6275
0.997153 -0.00701594 -0.0750807 -2.58045 0.00756673 0.999946 0.00705406 -0.543093 0.0750272 -0.00760209 0.997153 43.6821
0.997106 -0.00706605 -0.0756901 -2.65207 0.00747732 0.999959 0.00515161 -0.541549 0.0756506 -0.00570266 0.997118 44.7459
0.997099 -0.00503625 -0.0759463 -2.74408 0.00528169 0.999981 0.00303122 -0.546295 0.0759296 -0.00342355 0.997107 45.8103
0.997127 -0.00566135 -0.0755371 -2.85622 0.00586342 0.99998 0.00245361 -0.550506 0.0755217 -0.00288946 0.99714 46.8673
0.99707 -0.00708244 -0.0761682 -2.94755 0.00731146 0.99997 0.00272832 -0.550851 0.0761465 -0.00327722 0.997091 47.9071
0.996965 -0.0066315 -0.0775678 -3.02306 0.00695292 0.999968 0.00387441 -0.567279 0.0775396 -0.00440197 0.99698 48.9462
0.99716 -0.00392179 -0.0752094 -3.14826 0.00386591 0.999992 -0.000888513 -0.557359 0.0752123 0.000595237 0.997167 49.9336
0.997112 -0.00309124 -0.0758775 -3.24151 0.00271169 0.999983 -0.00510468 -0.567956 0.075892 0.00488418 0.997104 50.9653
0.997066 -0.00165361 -0.0765333 -3.32532 0.00112196 0.999975 -0.00698902 -0.58087 0.076543 0.00688265 0.997043 51.9863
0.996987 -0.00258236 -0.0775228 -3.39046 0.00238441 0.999994 -0.00264596 -0.623067 0.0775291 0.00245314 0.996987 53.0027
0.996952 -0.00440069 -0.0778942 -3.47146 0.00446546 0.99999 0.000657308 -0.646023 0.0778905 -0.00100314 0.996961 54.0296
0.996923 -0.00645369 -0.0781192 -3.55279 0.00662361 0.999976 0.00191631 -0.665159 0.078105 -0.00242784 0.996942 55.0787
0.99717 -0.00846105 -0.0747081 -3.68625 0.00848729 0.999964 3.36606e-05 -0.675385 0.0747051 -0.000667635 0.997205 56.055
0.997092 -0.011084 -0.0754017 -3.75816 0.0109724 0.999938 -0.00189461 -0.682605 0.0754181 0.00106177 0.997151 57.0682
0.99699 -0.0125316 -0.0765122 -3.8436 0.0125203 0.999921 -0.000627086 -0.698601 0.076514 -0.000332761 0.997068 58.0977
0.997058 -0.0155849 -0.0750501 -3.97108 0.0158622 0.999869 0.00310025 -0.706835 0.074992 -0.00428159 0.997175 59.0903
0.997009 -0.0162494 -0.0755608 -4.04941 0.0169173 0.999823 0.00820752 -0.723874 0.0754141 -0.00946125 0.997107 60.0925
0.997065 -0.0141055 -0.0752511 -4.14801 0.0149138 0.999837 0.0101899 -0.726874 0.0750951 -0.0112823 0.997113 61.0968
0.996762 -0.012824 -0.0793805 -4.19533 0.0132524 0.9999 0.00487263 -0.71384 0.0793101 -0.00590884 0.996832 62.1243
0.996625 -0.011211 -0.0813258 -4.27256 0.0110073 0.999935 -0.0029531 -0.71704 0.0813537 0.00204796 0.996683 63.102
0.996669 -0.0092977 -0.0810181 -4.38066 0.00871987 0.999934 -0.00748302 -0.739679 0.0810823 0.00675162 0.996685 64.0721
0.996844 -0.00503374 -0.0792201 -4.5169 0.0045555 0.99997 -0.00621642 -0.764513 0.0792491 0.00583591 0.996838 65.0119
0.996685 -0.00213748 -0.0813273 -4.58948 0.00180793 0.99999 -0.00412553 -0.786107 0.0813353 0.00396482 0.996679 65.961
0.996681 0.00159253 -0.0813935 -4.69019 -0.00183133 0.999994 -0.00285923 -0.809076 0.0813884 0.0029988 0.996678 66.8879
0.996369 0.00110556 -0.0851348 -4.73757 -0.00134884 0.999995 -0.00280005 -0.822469 0.0851313 0.00290471 0.996366 67.8329
0.996175 0.00234674 -0.0873472 -4.81568 -0.0024974 0.999996 -0.00161557 -0.84317 0.087343 0.00182753 0.996177 68.7421
0.996112 0.0036486 -0.0880232 -4.90973 -0.00377648 0.999992 -0.00128633 -0.861853 0.0880178 0.00161375 0.996118 69.6215
0.995966 0.00312175 -0.0896741 -4.98477 -0.00316421 0.999995 -0.000331314 -0.881814 0.0896726 0.000613725 0.995971 70.5
0.995804 0.00359028 -0.0914365 -5.06296 -0.00358643 0.999994 0.000206452 -0.891189 0.0914367 0.000122344 0.995811 71.3567
0.99568 0.00712844 -0.0925789 -5.15136 -0.00693104 0.999973 0.00245354 -0.903496 0.0925939 -0.00180128 0.995702 72.2045
0.995583 0.00834175 -0.093512 -5.23546 -0.00771804 0.999946 0.00702946 -0.920124 0.0935655 -0.00627669 0.995593 73.0175
0.995477 0.0112772 -0.0943323 -5.329 -0.0105142 0.999908 0.00858145 -0.928485 0.0944203 -0.00755081 0.995504 73.8343
0.995342 0.0136043 -0.0954413 -5.41445 -0.0132497 0.999903 0.00434853 -0.933089 0.0954912 -0.00306371 0.995426 74.6354
0.995235 0.0134114 -0.0965765 -5.49671 -0.0137907 0.9999 -0.00326119 -0.939671 0.0965231 0.00457751 0.99532 75.4023
0.995203 0.0122039 -0.0970703 -5.58011 -0.0131197 0.999875 -0.00880222 -0.954927 0.0969507 0.0100335 0.995239 76.1401
0.995163 0.0133374 -0.0973234 -5.66302 -0.0143384 0.999851 -0.00959399 -0.972638 0.0971809 0.0109431 0.995207 76.8783
0.995007 0.0164761 -0.0984395 -5.73885 -0.0171341 0.999836 -0.00584289 -0.996268 0.0983271 0.00750039 0.995126 77.6027
0.994832 0.0175945 -0.0999966 -5.81668 -0.0179819 0.999834 -0.00297456 -1.02843 0.0999277 0.00475732 0.994983 78.2999
0.994736 0.014383 -0.101453 -5.87986 -0.0151048 0.999866 -0.00634923 -1.04139 0.101348 0.00784823 0.99482 78.9792
0.994729 0.00635666 -0.102338 -5.92156 -0.00757969 0.999904 -0.0115663 -1.05743 0.102255 0.0122811 0.994682 79.6454
0.99475 0.00217325 -0.102311 -5.96219 -0.00397811 0.99984 -0.0174401 -1.05389 0.102257 0.0177555 0.9946 80.296
0.995017 0.00468076 -0.0995914 -6.02656 -0.00656357 0.999806 -0.0185861 -1.05703 0.0994851 0.0191472 0.994855 80.9283
0.995123 0.00996927 -0.0981357 -6.03728 -0.0112589 0.999857 -0.0125961 -1.13156 0.0979961 0.0136395 0.995093 81.5406
0.995395 0.00846245 -0.0954823 -6.05592 -0.00951941 0.999898 -0.0106196 -1.12534 0.0953827 0.0114796 0.995374 82.1156
0.99591 0.00471387 -0.0902278 -6.09666 -0.00531693 0.999965 -0.00644452 -1.14291 0.0901943 0.0068979 0.9959 82.698
0.996612 0.000405074 -0.0822461 -6.13336 -0.000642492 0.999996 -0.00286023 -1.16283 0.0822446 0.00290338 0.996608 83.2672
0.99737 0.0039535 -0.0723745 -6.15927 -0.00416036 0.999988 -0.00270763 -1.17917 0.0723629 0.00300162 0.997374 83.819
0.998013 0.00928645 -0.0623176 -6.07939 -0.00968889 0.999934 -0.0061587 -1.13941 0.0622563 0.00675026 0.998037 84.3716
0.998851 0.0140878 -0.0457966 -6.07736 -0.0145067 0.999856 -0.00882676 -1.10132 0.0456657 0.00948098 0.998912 84.8978
0.999624 0.0124081 -0.0244605 -6.05595 -0.0125921 0.999893 -0.00738131 -1.13192 0.0243663 0.00768654 0.999674 85.4188
0.999957 0.0091113 0.00184578 -6.04898 -0.00909508 0.999922 -0.00861477 -1.10538 -0.00192413 0.00859761 0.999961 85.8856
0.999471 0.00804522 0.0315184 -6.02857 -0.00782716 0.999945 -0.00703598 -1.11988 -0.0315732 0.00678555 0.999478 86.3712
0.997868 0.00748967 0.0648278 -5.97657 -0.00713698 0.999958 -0.00567031 -1.13206 -0.0648676 0.00519555 0.99788 86.8601
0.994782 0.00729061 0.101763 -5.89859 -0.00680071 0.999964 -0.00516025 -1.14345 -0.101797 0.00444126 0.994795 87.3216
0.989637 0.00772728 0.14338 -5.79417 -0.0068992 0.999957 -0.00627168 -1.13666 -0.143423 0.00521748 0.989648 87.7941
0.982858 0.00619387 0.184261 -5.63562 -0.00513648 0.999967 -0.00621533 -1.15529 -0.184293 0.00516234 0.982858 88.191
0.972757 0.00803331 0.231689 -5.49309 -0.00635078 0.999948 -0.00800693 -1.16927 -0.231742 0.00631739 0.972757 88.5942
0.958177 0.00894004 0.286036 -5.35711 -0.00662098 0.999937 -0.00907369 -1.20357 -0.286099 0.00680037 0.958176 88.9954
0.93952 0.00919258 0.342372 -5.19826 -0.00579998 0.999923 -0.0109317 -1.21341 -0.342446 0.00828476 0.939501 89.4025
0.916298 0.00966254 0.400381 -4.99721 -0.00533438 0.999915 -0.0119232 -1.22973 -0.400462 0.00878945 0.916271 89.7825
0.888234 0.00998794 0.459283 -4.76173 -0.00399402 0.999894 -0.0140202 -1.23217 -0.459374 0.0106189 0.888179 90.1531
0.856505 0.0079581 0.516077 -4.50387 -0.000336376 0.99989 -0.0148604 -1.25464 -0.516138 0.0125544 0.856413 90.472
0.820488 0.00811602 0.571606 -4.24774 0.00111928 0.999874 -0.0158035 -1.26067 -0.571662 0.0136063 0.820376 90.7851
0.782206 0.00719494 0.622978 -3.96354 0.00198199 0.9999 -0.0140367 -1.27375 -0.623016 0.0122143 0.782113 91.0522
0.740431 0.00671206 0.672099 -3.6584 0.00133865 0.999933 -0.0114608 -1.28279 -0.672131 0.00938564 0.740373 91.3297
0.69572 0.00573079 0.71829 -3.35441 0.00261312 0.999941 -0.0105089 -1.29127 -0.718308 0.00918824 0.695664 91.6067
0.650137 0.00422181 0.759805 -3.02406 0.00618778 0.999922 -0.0108506 -1.30481 -0.759792 0.0117559 0.65006 91.8207
0.604213 0.00141256 0.796821 -2.67564 0.011933 0.99987 -0.010821 -1.31847 -0.796733 0.0160467 0.604118 92.0183
0.558964 0.00395377 0.829182 -2.30852 0.0106005 0.999873 -0.0119136 -1.31866 -0.829124 0.015449 0.558851 92.207
0.512671 0.00720062 0.858555 -1.95082 0.00705423 0.999896 -0.0125983 -1.32598 -0.858556 0.0125152 0.512567 92.3766
0.468462 0.00919885 0.883436 -1.56775 0.00697349 0.999876 -0.0141091 -1.33439 -0.883456 0.0127702 0.46834 92.5323
0.426329 0.00670008 0.904544 -1.19867 0.0144078 0.999795 -0.0141963 -1.3403 -0.904454 0.0190847 0.426145 92.6793
0.387323 -0.00117949 0.921943 -0.810197 0.0296363 0.999498 -0.011172 -1.34723 -0.921468 0.0316502 0.387164 92.7791
0.352527 -0.00498933 0.935788 -0.409055 0.0338727 0.999399 -0.00743193 -1.35383 -0.935188 0.0343176 0.352484 92.8895
0.321044 5.93087e-05 0.947064 0.0107237 0.0313142 0.999453 -0.0106778 -1.35072 -0.946546 0.0330846 0.320867 93.0064
0.294154 0.00659365 0.955735 0.415418 0.0217836 0.99967 -0.0136013 -1.36926 -0.95551 0.0248202 0.293914 93.0695
0.265641 0.011022 0.964009 0.811011 0.0172555 0.99972 -0.0161852 -1.386 -0.963917 0.0209339 0.265377 93.1829
0.23987 0.0125816 0.970723 1.23312 0.018673 0.999671 -0.017571 -1.4028 -0.970625 0.0223411 0.239557 93.2706
0.216449 0.0132491 0.976204 1.65479 0.026175 0.99947 -0.0193685 -1.41812 -0.975943 0.0297444 0.215988 93.3338
0.197842 0.0192186 0.980045 2.09559 0.0329908 0.999111 -0.0262524 -1.41567 -0.979679 0.0375263 0.197032 93.3752
0.1787 0.0262782 0.983553 2.53319 0.0350955 0.998837 -0.033063 -1.41093 -0.983277 0.0404266 0.17757 93.4376
0.160897 0.0269463 0.986603 2.99667 0.0326753 0.998934 -0.0326118 -1.42685 -0.98643 0.0374847 0.159845 93.5172
0.146036 0.0230505 0.989011 3.47997 0.0307128 0.999141 -0.0278216 -1.44876 -0.988802 0.0344382 0.145203 93.575
0.130365 0.0199874 0.991265 3.97964 0.0320259 0.99919 -0.0243591 -1.46486 -0.990949 0.0349217 0.129619 93.6564
0.117163 0.017469 0.992959 4.49641 0.0344447 0.999172 -0.0216426 -1.48345 -0.992515 0.0367379 0.116464 93.715
0.105779 0.0167553 0.994248 5.02454 0.0382552 0.999049 -0.0209063 -1.49516 -0.993653 0.0402467 0.105038 93.7562
0.0963252 0.0174736 0.995197 5.56202 0.0414383 0.998909 -0.0215496 -1.50529 -0.994487 0.0433151 0.095496 93.7922
0.0906424 0.0189457 0.995703 6.13856 0.0429836 0.998813 -0.0229178 -1.51037 -0.994955 0.0448762 0.0897204 93.8181
0.0846969 0.0194209 0.996217 6.72297 0.0448503 0.998722 -0.0232828 -1.52434 -0.995397 0.0466527 0.0837177 93.8695
0.0791147 0.0203994 0.996657 7.32043 0.0463147 0.998636 -0.0241163 -1.5422 -0.995789 0.0480679 0.078062 93.9152
0.0734458 0.020801 0.997082 7.93981 0.0474719 0.998576 -0.024329 -1.56381 -0.996169 0.0491203 0.0723537 93.9555
0.0693707 0.020811 0.997374 8.58356 0.0486444 0.998523 -0.0242183 -1.58242 -0.996404 0.0501967 0.0682559 93.9982
0.0661997 0.020758 0.99759 9.24202 0.0502394 0.998446 -0.0241097 -1.60071 -0.996541 0.0517144 0.065054 94.0427
0.0641228 0.0204678 0.997732 9.92161 0.0513743 0.998396 -0.0237832 -1.61885 -0.996619 0.0527829 0.0629685 94.0751
0.0614948 0.0196634 0.997914 10.6192 0.0536316 0.998296 -0.0229759 -1.64207 -0.996665 0.0549326 0.0603354 94.1201
0.0610385 0.0194429 0.997946 11.3347 0.0584461 0.998025 -0.0230193 -1.65889 -0.996423 0.0597311 0.0597816 94.1557
0.0627582 0.0193608 0.997841 12.0757 0.0612757 0.997851 -0.0232149 -1.67055 -0.996146 0.0626003 0.0614369 94.1851
0.0647641 0.0180028 0.997738 12.8289 0.0632216 0.997755 -0.0221069 -1.71273 -0.995896 0.0645103 0.0634805 94.2434
0.0688957 0.0182072 0.997458 13.602 0.0656135 0.997586 -0.0227415 -1.7284 -0.995464 0.0670135 0.0675347 94.2914
0.0738566 0.0179827 0.997107 14.4005 0.0658533 0.997567 -0.0228688 -1.74599 -0.995092 0.0673518 0.0724927 94.3421
0.0755402 0.0160165 0.997014 15.19 0.0677345 0.997479 -0.0211559 -1.7754 -0.99484 0.0691303 0.0742649 94.4596
0.0789709 0.0135362 0.996785 16.0122 0.06868 0.997458 -0.0189866 -1.80317 -0.994508 0.0699586 0.0778405 94.5453
0.0834508 0.0115611 0.996445 16.8387 0.0656119 0.997699 -0.0170705 -1.82627 -0.99435 0.0668032 0.0825003 94.6161
0.0876356 0.00991074 0.996103 17.6771 0.0652383 0.997747 -0.0156667 -1.85318 -0.994014 0.0663571 0.0867916 94.6985
0.0912487 0.011544 0.995761 18.5111 0.0626625 0.997885 -0.0173109 -1.8654 -0.993855 0.0639765 0.0903323 94.8101
0.0943646 0.0154269 0.995418 19.3595 0.0610433 0.997909 -0.0212523 -1.89084 -0.993664 0.062769 0.0932256 94.8966
0.0954316 0.0194257 0.995246 20.2272 0.0553042 0.998162 -0.0247856 -1.9406 -0.993899 0.0574067 0.0941819 95.0075
0.0955528 0.0230902 0.995157 21.099 0.0521361 0.998243 -0.0281678 -1.95959 -0.994058 0.0545751 0.094181 95.0973
0.094391 0.0225705 0.995279 21.9457 0.0493716 0.998407 -0.0273237 -2.00076 -0.99431 0.0517177 0.0931263 95.203
0.0955818 0.0204402 0.995212 22.8163 0.0466803 0.998597 -0.024993 -2.04277 -0.994326 0.0488456 0.0944936 95.2716
0.095964 0.0191724 0.9952 23.6912 0.0476688 0.998579 -0.0238341 -2.07561 -0.994243 0.0497273 0.0949137 95.3512
0.0967082 0.0185438 0.99514 24.5662 0.0451971 0.998713 -0.0230026 -2.1083 -0.994286 0.047202 0.0957456 95.4399
0.0983139 0.0198353 0.994958 25.4465 0.0430334 0.998781 -0.0241637 -2.12704 -0.994225 0.045192 0.0973405 95.5107
0.101957 0.0203328 0.994581 26.3597 0.0408482 0.998862 -0.0246078 -2.15713 -0.99395 0.0431357 0.10101 95.5553
0.101486 0.0212985 0.994609 27.2245 0.0383136 0.998945 -0.0253007 -2.19359 -0.994099 0.0406747 0.100563 95.6407
0.100289 0.0214976 0.994726 28.0945 0.035578 0.99905 -0.025178 -2.21934 -0.994322 0.0379155 0.0994292 95.7215
0.0928965 0.0211079 0.995452 28.9575 0.0327077 0.999171 -0.0242391 -2.24608 -0.995138 0.0348107 0.0921291 95.8631
0.0875764 0.0187528 0.995981 29.8147 0.0306509 0.999299 -0.0215104 -2.28179 -0.995686 0.0324116 0.0869402 95.956
0.0813038 0.0161827 0.996558 30.6703 0.0281403 0.999432 -0.0185252 -2.32092 -0.996292 0.0295497 0.0808023 96.0292
0.0698393 0.0187592 0.997382 31.5022 0.0280281 0.999392 -0.0207596 -2.32509 -0.997164 0.0294045 0.069271 96.1402
0.0610897 0.019755 0.997937 32.3507 0.0278092 0.999382 -0.021486 -2.35427 -0.997745 0.0290644 0.0605026 96.2008
0.0510598 0.0198077 0.998499 33.2118 0.0284013 0.99937 -0.0212774 -2.38768 -0.998292 0.0294451 0.0504651 96.2477
0.0395695 0.0192905 0.999031 34.0609 0.0293178 0.999361 -0.0204581 -2.41059 -0.998787 0.0300989 0.0389786 96.2975
0.0290851 0.0186324 0.999403 34.9065 0.028177 0.999414 -0.0194526 -2.43916 -0.99918 0.028726 0.028543 96.3306
0.0184105 0.0187714 0.999654 35.7379 0.0300756 0.999361 -0.0193198 -2.45411 -0.999378 0.0304209 0.0178342 96.3393
0.00704765 0.0189171 0.999796 36.5681 0.0301014 0.999364 -0.0191211 -2.4868 -0.999522 0.0302301 0.00647373 96.3564
-0.00372342 0.0188903 0.999815 37.3975 0.029871 0.999377 -0.0187708 -2.52371 -0.999547 0.0297956 -0.00428537 96.345
-0.0148175 0.0199025 0.999692 38.2272 0.029486 0.999376 -0.0194591 -2.55031 -0.999455 0.0291886 -0.0153951 96.3475
-0.0243224 0.0214664 0.999474 39.0432 0.0302823 0.999326 -0.0207263 -2.56616 -0.999245 0.0297622 -0.0249561 96.313
-0.0341558 0.0221855 0.99917 39.8561 0.0314217 0.999283 -0.0211139 -2.59611 -0.998922 0.0306744 -0.0348284 96.2941
-0.0450674 0.021835 0.998745 40.6559 0.0318366 0.999285 -0.0204102 -2.63644 -0.998477 0.0308768 -0.0457303 96.2896
-0.0543218 0.0218454 0.998284 41.4667 0.0328594 0.999258 -0.0200786 -2.66902 -0.997983 0.0317123 -0.0549994 96.2491
-0.0630564 0.0216769 0.997775 42.2662 0.0341765 0.999225 -0.0195485 -2.6921 -0.997425 0.0328678 -0.0637483 96.2018
-0.0718042 0.0215075 0.997187 43.0648 0.0354805 0.99919 -0.0189959 -2.71476 -0.996787 0.0340167 -0.0725091 96.1479
-0.0762244 0.0193482 0.996903 43.8032 0.0390216 0.999104 -0.0164073 -2.74228 -0.996327 0.0376502 -0.076911 96.0904
-0.0780204 0.0173547 0.996801 44.5707 0.0420711 0.999015 -0.0141003 -2.77034 -0.996064 0.0408364 -0.0786737 95.9947
-0.0804989 0.0158794 0.996628 45.3162 0.0437037 0.998968 -0.0123867 -2.80071 -0.995796 0.0425592 -0.0811098 95.9281
-0.0815593 0.015254 0.996552 46.0445 0.0441924 0.998955 -0.011674 -2.81602 -0.995688 0.0430879 -0.0821482 95.8583
-0.0810337 0.0148107 0.996601 46.7635 0.0451397 0.998918 -0.0111748 -2.84909 -0.995689 0.0440807 -0.0816145 95.7736
-0.0803604 0.0160847 0.996636 47.4578 0.0458204 0.998872 -0.0124263 -2.8667 -0.995712 0.0446677 -0.0810068 95.7234
-0.0781181 0.0176028 0.996789 48.1141 0.0468606 0.998804 -0.0139659 -2.88888 -0.995842 0.0456192 -0.0788496 95.6836
-0.0767214 0.0175098 0.996899 48.7339 0.0468715 0.998804 -0.013936 -2.92144 -0.99595 0.045657 -0.0774503 95.6988
-0.0666836 0.0185702 0.997601 49.3294 0.0451953 0.998857 -0.0155726 -2.94087 -0.99675 0.0440485 -0.0674466 95.6146
-0.055953 0.0183888 0.998264 49.9151 0.0435908 0.998922 -0.0159576 -2.96725 -0.997481 0.0426223 -0.0566942 95.5842
-0.0427306 0.0184652 0.998916 50.5041 0.0425079 0.998957 -0.0166476 -2.99333 -0.998182 0.0417505 -0.043471 95.5773
-0.02607 0.0208223 0.999443 51.0869 0.0412643 0.998953 -0.0197357 -3.00285 -0.998808 0.0407269 -0.026902 95.5835
-0.0049613 0.0230156 0.999723 51.6354 0.0398437 0.998946 -0.0228 -3.03243 -0.999194 0.0397196 -0.00587309 95.6002
0.0196145 0.0262668 0.999463 52.1923 0.0376155 0.998928 -0.0269909 -3.05182 -0.9991 0.0381247 0.0186054 95.6202
0.0468724 0.0282914 0.9985 52.7385 0.035587 0.998917 -0.0299737 -3.07386 -0.998267 0.0369386 0.0458149 95.684
0.0806887 0.027277 0.996366 53.2503 0.0330522 0.999003 -0.0300258 -3.10636 -0.996191 0.0353548 0.0797067 95.7308
0.119277 0.0258198 0.992525 53.8085 0.0327014 0.999017 -0.0299186 -3.11317 -0.992322 0.0360256 0.118315 95.8078
0.158474 0.0239353 0.987073 54.3252 0.0308791 0.999097 -0.0291845 -3.11253 -0.98688 0.0351049 0.157592 95.9589
0.203662 0.0198181 0.978841 54.8585 0.0278958 0.999272 -0.0260359 -3.13771 -0.978644 0.032608 0.202961 96.0734
0.251848 0.0170038 0.967618 55.3616 0.0228939 0.999461 -0.0235221 -3.15917 -0.967496 0.0280765 0.251323 96.237
0.302977 0.0157286 0.952868 55.851 0.0186618 0.999574 -0.0224334 -3.1804 -0.952815 0.024579 0.302554 96.4267
0.355407 0.0160028 0.934575 56.3085 0.0167514 0.999584 -0.0234863 -3.19788 -0.934562 0.0240026 0.354991 96.6617
0.411167 0.0160058 0.91142 56.7286 0.018525 0.999493 -0.0259096 -3.22211 -0.911372 0.0275372 0.410661 96.9083
0.471053 0.0191847 0.881896 57.1823 0.0192983 0.9993 -0.0320465 -3.23817 -0.881894 0.0321147 0.470353 97.1418
0.530079 0.0224823 0.84765 57.5943 0.0196628 0.999054 -0.0387941 -3.25898 -0.84772 0.0372311 0.529135 97.4378
0.587841 0.0270448 0.808524 57.9971 0.0153509 0.998888 -0.0445733 -3.26667 -0.808831 0.0386136 0.586773 97.7628
0.6434 0.0305137 0.764921 58.3804 0.0102565 0.998772 -0.0484694 -3.28128 -0.765461 0.0390306 0.642297 98.0868
0.694434 0.032601 0.718817 58.7089 0.00645027 0.998651 -0.051524 -3.29939 -0.719527 0.0404166 0.693287 98.4709
0.741854 0.0305721 0.669865 58.9868 0.0051244 0.998673 -0.0512538 -3.32627 -0.670542 0.0414554 0.740712 98.8498
0.785911 0.0282023 0.617696 59.2877 0.0011644 0.99889 -0.0470881 -3.34808 -0.618338 0.0377263 0.785006 99.2483
0.824638 0.0245072 0.565129 59.5175 -0.00133131 0.999142 -0.0413858 -3.36261 -0.565659 0.0333759 0.823964 99.7037
0.859276 0.0233713 0.510977 59.733 -0.00604305 0.99935 -0.0355466 -3.38132 -0.511476 0.0274565 0.858859 100.18
0.889655 0.0208961 0.456155 59.9592 -0.00861687 0.999543 -0.0289825 -3.39895 -0.456552 0.0218538 0.889428 100.632
0.913894 0.0216036 0.405377 60.1301 -0.0133314 0.999642 -0.0232188 -3.42234 -0.405733 0.0158153 0.913855 101.132
0.933418 0.0240277 0.357985 60.3067 -0.0180095 0.999635 -0.0201364 -3.43941 -0.358338 0.0123486 0.93351 101.608
0.947992 0.0304859 0.31683 60.4377 -0.0261063 0.999496 -0.01806 -3.44791 -0.317221 0.00884948 0.94831 102.113
0.959151 0.0343059 0.280808 60.5384 -0.0302237 0.999365 -0.0188564 -3.46038 -0.281276 0.00959912 0.959579 102.597
0.966703 0.0397343 0.252797 60.5916 -0.0353966 0.999138 -0.0216856 -3.44685 -0.25344 0.0120154 0.967276 103.085
0.972399 0.0354913 0.230609 60.7123 -0.0311638 0.999264 -0.0223821 -3.45244 -0.231234 0.0145777 0.972789 103.596
0.976105 0.0325022 0.214853 60.8121 -0.0284775 0.999357 -0.0218022 -3.4721 -0.215424 0.0151627 0.976403 104.101
0.978367 0.0374257 0.203465 60.877 -0.0336385 0.999191 -0.0220413 -3.49045 -0.204125 0.0147202 0.978834 104.604
0.981823 0.0369316 0.18617 61.0913 -0.0340606 0.999247 -0.0185973 -3.51644 -0.186717 0.0119182 0.982342 105.233
0.98265 0.0446561 0.180014 61.1759 -0.0417132 0.998927 -0.0201026 -3.52559 -0.180719 0.0122449 0.983459 105.781
0.982566 0.0510948 0.178753 61.2273 -0.0476454 0.998587 -0.0235398 -3.54489 -0.179703 0.0146127 0.983612 106.307
0.982486 0.0516172 0.179044 61.3039 -0.0476511 0.998516 -0.0263846 -3.55683 -0.18014 0.0173909 0.983487 106.858
0.982381 0.0505484 0.179923 61.4334 -0.0458855 0.998497 -0.0299867 -3.58244 -0.181168 0.0212026 0.983224 107.436
0.981516 0.0487669 0.185063 61.5201 -0.0426595 0.99841 -0.0368441 -3.59134 -0.186565 0.0282683 0.982036 108.035
0.981027 0.0488747 0.18761 61.6644 -0.0417545 0.998256 -0.0417205 -3.61271 -0.189322 0.0330954 0.981357 108.628
0.97997 0.053739 0.19176 61.7721 -0.0466561 0.998058 -0.0412658 -3.64334 -0.193605 0.0314924 0.980574 109.234
0.978391 0.0570373 0.198739 61.8637 -0.0506113 0.998023 -0.0372695 -3.67308 -0.200472 0.0264057 0.979344 109.873
0.977516 0.0546899 0.203647 61.9936 -0.0490141 0.998259 -0.0328148 -3.70204 -0.205087 0.0220954 0.978494 110.515
0.976844 0.0502483 0.207966 62.1348 -0.0455775 0.998591 -0.0271935 -3.73235 -0.20904 0.0170852 0.977758 111.18
0.976401 0.0477298 0.210624 62.2962 -0.044008 0.998782 -0.0223251 -3.75896 -0.211433 0.0125291 0.977312 111.83
0.976132 0.0438212 0.212712 62.4503 -0.0398533 0.998943 -0.0229081 -3.76205 -0.213491 0.013884 0.976846 112.495
0.976168 0.0403691 0.213227 62.6003 -0.0356029 0.999024 -0.026147 -3.78418 -0.214075 0.0179324 0.976653 113.184
0.976649 0.0395234 0.211174 62.7813 -0.0333597 0.998909 -0.0326726 -3.81384 -0.212235 0.024865 0.976902 113.876
0.977186 0.0412425 0.20834 62.9538 -0.033804 0.998662 -0.0391405 -3.84264 -0.209676 0.0312048 0.977273 114.578
0.977415 0.0439042 0.206717 63.0964 -0.0356178 0.998412 -0.0436396 -3.86213 -0.208305 0.0352912 0.977427 115.316
0.978043 0.0427804 0.203965 63.2531 -0.035326 0.998573 -0.0400508 -3.88693 -0.205387 0.0319662 0.978159 116.057
0.978622 0.0383612 0.202057 63.415 -0.0325661 0.998959 -0.0319287 -3.92821 -0.203072 0.0246659 0.978853 116.804
0.979412 0.0389426 0.198082 63.5896 -0.0342727 0.999049 -0.026951 -3.95378 -0.198943 0.0196073 0.979815 117.578
0.979822 0.0421028 0.195388 63.7439 -0.0375336 0.99893 -0.0270309 -3.99032 -0.196317 0.0191519 0.980353 118.346
0.980357 0.0477271 0.191369 63.9008 -0.042651 0.998623 -0.0305598 -4.02731 -0.192564 0.0217974 0.981042 119.124
0.981351 0.0473959 0.186292 64.047 -0.0420498 0.998585 -0.0325471 -4.08771 -0.187571 0.0241066 0.981955 119.898
0.982168 0.0460159 0.182287 64.1962 -0.0402288 0.998566 -0.0353206 -4.11444 -0.183651 0.0273576 0.982611 120.702
0.983069 0.0442457 0.177813 64.3481 -0.0388829 0.998681 -0.033534 -4.15777 -0.179062 0.0260523 0.983493 121.533
0.983899 0.040427 0.174095 64.4993 -0.0354387 0.99887 -0.0316681 -4.19129 -0.175178 0.0249885 0.98422 122.371
0.984377 0.0395605 0.171569 64.6528 -0.0350162 0.998953 -0.0294337 -4.21879 -0.172554 0.0229662 0.984732 123.213
0.984433 0.039684 0.171223 64.7858 -0.035144 0.998948 -0.0294661 -4.23239 -0.172212 0.02299 0.984792 124.06
0.984708 0.0344323 0.170777 64.939 -0.0300263 0.999148 -0.0283165 -4.26393 -0.171606 0.0227557 0.984903 124.92
0.984666 0.0356011 0.170779 65.0752 -0.0315057 0.999149 -0.0266321 -4.29865 -0.171581 0.0208433 0.984949 125.794
0.984367 0.0411064 0.171268 65.2084 -0.0367483 0.998917 -0.0285404 -4.33019 -0.172256 0.0218004 0.984811 126.66
0.984259 0.0466529 0.170463 65.3662 -0.0417478 0.998608 -0.0322491 -4.35899 -0.17173 0.024625 0.984836 127.531
0.983565 0.0558641 0.171692 65.4916 -0.050546 0.998101 -0.0351953 -4.37284 -0.173332 0.0259386 0.984522 128.426
0.982666 0.0620168 0.174705 65.6289 -0.0567748 0.997779 -0.0348494 -4.40975 -0.176478 0.0243264 0.984004 129.317
0.982109 0.0644132 0.176957 65.7842 -0.0594618 0.99768 -0.033148 -4.44675 -0.178681 0.0220328 0.98366 130.216
0.981459 0.0650443 0.180299 65.9248 -0.0597927 0.997617 -0.0344164 -4.48083 -0.182108 0.0229977 0.98301 131.104
0.981237 0.0634563 0.182063 66.0898 -0.0575355 0.997634 -0.0376256 -4.51226 -0.18402 0.0264445 0.982567 132.007
0.981556 0.0568681 0.182521 66.2729 -0.0510671 0.998034 -0.0363308 -4.55606 -0.184228 0.0263398 0.98253 132.904
0.981826 0.0498347 0.183125 66.4388 -0.0435424 0.99832 -0.0382245 -4.59197 -0.184723 0.0295561 0.982346 133.81
0.981709 0.04884 0.184018 66.6124 -0.0426396 0.998386 -0.0375047 -4.65166 -0.185553 0.0289723 0.982207 134.747
0.981293 0.0515423 0.18549 66.7737 -0.0458158 0.998336 -0.0350301 -4.69041 -0.186987 0.0258764 0.982022 135.655
0.980591 0.0538071 0.188538 66.9094 -0.0492091 0.998368 -0.0289876 -4.73775 -0.18979 0.0191472 0.981638 136.556
0.979808 0.0583034 0.191249 67.0469 -0.0543319 0.998186 -0.0259494 -4.765 -0.192415 0.0150345 0.981198 137.465
0.979614 0.0574949 0.192487 67.2081 -0.0521638 0.998105 -0.0326544 -4.79936 -0.194 0.0219479 0.980756 138.345
0.980055 0.052305 0.191719 67.3912 -0.0441135 0.997932 -0.0467512 -4.84254 -0.193768 0.0373614 0.980336 139.224
0.979873 0.0506647 0.193085 67.5249 -0.0405328 0.997604 -0.0560706 -4.88813 -0.195463 0.0471158 0.979579 140.119
0.980165 0.0480736 0.192265 67.7025 -0.03961 0.99808 -0.0476266 -4.93326 -0.194185 0.0390663 0.980187 141
0.980588 0.0419859 0.191531 67.8721 -0.0376091 0.998943 -0.0264314 -4.99392 -0.192438 0.018715 0.981131 141.892
0.980888 0.0378204 0.19086 68.0456 -0.0359538 0.999266 -0.0132347 -5.005 -0.19122 0.00611961 0.981528 142.767
0.980911 0.042102 0.189843 68.2056 -0.0392231 0.999052 -0.0188981 -5.03604 -0.190459 0.0110911 0.981633 143.64
0.98093 0.0503344 0.18773 68.357 -0.0446471 0.99841 -0.0344043 -5.06661 -0.189163 0.0253666 0.981618 144.503
0.980994 0.0501902 0.187432 68.4934 -0.0426489 0.998118 -0.0440554 -5.07561 -0.18929 0.0352243 0.981289 145.361
0.981652 0.0460154 0.185043 68.6599 -0.0383247 0.998255 -0.0449275 -5.12228 -0.186788 0.0370115 0.981703 146.226
0.982124 0.0463544 0.182437 68.8151 -0.0391896 0.99832 -0.042686 -5.18871 -0.184109 0.0347734 0.982291 147.101
0.983252 0.0461545 0.17631 68.9976 -0.0392141 0.99832 -0.0426496 -5.24794 -0.177983 0.0350214 0.98341 147.951
0.984038 0.0469861 0.171644 69.1416 -0.0398937 0.998211 -0.0445409 -5.28985 -0.17343 0.0369825 0.984152 148.809
0.984314 0.052207 0.168524 69.273 -0.0452908 0.997976 -0.0446285 -5.34028 -0.170513 0.0362959 0.984687 149.66
0.98414 0.0588751 0.167336 69.3902 -0.0521459 0.997655 -0.044331 -5.39447 -0.169553 0.0349021 0.984903 150.518
0.984346 0.0605989 0.165499 69.5236 -0.0542997 0.997627 -0.0423292 -5.44514 -0.167672 0.03268 0.985301 151.377
0.984787 0.0582335 0.163717 69.6707 -0.0527295 0.997894 -0.0377698 -5.48901 -0.165572 0.0285625 0.985784 152.227
0.985089 0.0570857 0.162301 69.8059 -0.0516007 0.997952 -0.0378153 -5.53501 -0.164128 0.0288765 0.986016 153.073
0.985636 0.0562468 0.15924 69.9405 -0.0502761 0.997882 -0.041282 -5.57729 -0.161225 0.0326831 0.986376 153.916
0.986767 0.0515698 0.153724 70.092 -0.0452025 0.99798 -0.0446337 -5.63036 -0.155715 0.0370944 0.987105 154.725
0.988069 0.0484294 0.1462 70.2345 -0.0421814 0.998072 -0.0455397 -5.67507 -0.148123 0.0388294 0.988206 155.546
0.989099 0.0463616 0.139763 70.3471 -0.0409959 0.998317 -0.0410304 -5.71192 -0.14143 0.0348535 0.989335 156.401
0.990255 0.0441407 0.132082 70.4986 -0.0402064 0.998669 -0.0323087 -5.76723 -0.133332 0.0266834 0.990712 157.242
0.990996 0.0414061 0.127328 70.6243 -0.0387267 0.998975 -0.0234491 -5.79391 -0.128168 0.018307 0.991583 158.085
0.991414 0.0484334 0.121456 70.7533 -0.0463082 0.998722 -0.0202614 -5.83162 -0.122282 0.0144631 0.99239 158.928
0.991868 0.0508831 0.11666 70.8351 -0.0480978 0.998489 -0.0265694 -5.8307 -0.117836 0.0207422 0.992816 159.772
0.99318 0.0510882 0.104805 71.0051 -0.0475632 0.998224 -0.0358639 -5.8737 -0.106451 0.0306344 0.993846 160.578
0.994084 0.0476388 0.0976095 71.1001 -0.043734 0.99817 -0.0417624 -5.89474 -0.0994204 0.0372465 0.994348 161.432
0.994752 0.0467052 0.0910382 71.1724 -0.0431502 0.998242 -0.0406347 -5.93972 -0.092776 0.0364931 0.995018 162.293
0.995105 0.0539008 0.0828244 71.2341 -0.0509976 0.998021 -0.0367786 -5.99241 -0.0846429 0.0323747 0.995885 163.158
0.995593 0.0589786 0.072909 71.2969 -0.0563526 0.997704 -0.0375657 -6.03417 -0.0749572 0.0332915 0.996631 164.013
0.996373 0.0612151 0.0591128 71.3872 -0.0587559 0.997368 -0.0424816 -6.08116 -0.0615578 0.0388543 0.997347 164.886
0.997003 0.0594665 0.0494757 71.444 -0.0572643 0.997353 -0.044799 -6.1201 -0.0520088 0.0418316 0.99777 165.757
0.997363 0.0595954 0.0414104 71.4666 -0.0578789 0.997461 -0.0414828 -6.17048 -0.0437774 0.0389767 0.998281 166.627
0.997491 0.062418 0.0334096 71.481 -0.0612587 0.99752 -0.034667 -6.21244 -0.0354905 0.0325333 0.99884 167.514
0.997526 0.06589 0.0244968 71.4875 -0.0652243 0.997504 -0.0270485 -6.2669 -0.0262179 0.0253838 0.999334 168.415
0.997752 0.0649353 0.0165898 71.5055 -0.0645378 0.997639 -0.0234661 -6.30428 -0.0180744 0.0223426 0.999587 169.301
0.997722 0.0665525 0.0110106 71.4993 -0.0663018 0.997563 -0.0217494 -6.33012 -0.0124313 0.0209699 0.999703 170.151
0.997754 0.0661094 0.0108304 71.4425 -0.065849 0.997568 -0.0228503 -6.367 -0.0123147 0.0220858 0.99968 170.99
0.997488 0.0705823 0.00594297 71.44 -0.0703855 0.997111 -0.0285469 -6.39033 -0.00794071 0.0280569 0.999575 171.863
0.997069 0.076469 0.00236594 71.4176 -0.0763377 0.996453 -0.0354115 -6.42016 -0.00506543 0.0351272 0.99937 172.719
0.99698 0.0775928 -0.00331758 71.4293 -0.0776628 0.996262 -0.0378282 -6.45625 0.000369974 0.0379716 0.999279 173.635
0.996805 0.0795903 -0.00676704 71.4235 -0.0797666 0.996304 -0.0318605 -6.49559 0.00420624 0.0322985 0.999469 174.516
0.996588 0.0820084 -0.00928961 71.4102 -0.0821898 0.996391 -0.0211951 -6.53419 0.00751792 0.0218863 0.999732 175.414
0.996373 0.084135 -0.0127119 71.3882 -0.0843075 0.996345 -0.0137113 -6.56861 0.0115118 0.0147333 0.999825 176.297
0.996579 0.0805585 -0.0184635 71.3803 -0.0808672 0.996586 -0.016627 -6.59785 0.017061 0.0180632 0.999691 177.152
0.997396 0.0675654 -0.0252296 71.3734 -0.0682305 0.997318 -0.0265002 -6.62183 0.0233715 0.0281526 0.99933 178.021
0.997393 0.0643161 -0.0327265 71.3481 -0.0653507 0.997362 -0.0315915 -6.64008 0.0306083 0.0336478 0.998965 178.881
0.996769 0.0681545 -0.0425018 71.3553 -0.0696069 0.997006 -0.0336821 -6.61452 0.040079 0.0365317 0.998528 179.748
0.996502 0.0663871 -0.0507529 71.3209 -0.0678221 0.99733 -0.0270927 -6.6607 0.0488187 0.0304401 0.998344 180.641
0.996344 0.0614546 -0.0593488 71.2869 -0.0628981 0.99776 -0.0227673 -6.70027 0.0578167 0.026417 0.997978 181.53
0.996384 0.0528509 -0.0665328 71.2541 -0.0541813 0.998362 -0.018351 -6.72735 0.065454 0.0218895 0.997615 182.419
0.995992 0.0491069 -0.0747497 71.2277 -0.0504527 0.998595 -0.0162226 -6.78329 0.073848 0.0199289 0.99707 183.29
0.99557 0.0455217 -0.0822657 71.169 -0.04759 0.998594 -0.0233578 -6.8057 0.0810868 0.0271693 0.996337 184.175
0.995154 0.0355406 -0.0916846 71.1232 -0.0386854 0.998715 -0.0327532 -6.84005 0.0904027 0.0361414 0.995249 185.03
0.994767 0.0246959 -0.0991407 71.0581 -0.0284846 0.99891 -0.0369831 -6.86806 0.0981193 0.0396136 0.994386 185.916
0.993846 0.0303132 -0.106544 70.9689 -0.033639 0.998997 -0.0295578 -6.91669 0.105542 0.0329599 0.993869 186.797
0.992864 0.0416488 -0.111747 70.8562 -0.0437234 0.998913 -0.0161778 -6.95935 0.110952 0.0209483 0.993605 187.692
0.992065 0.046824 -0.116681 70.7392 -0.0480868 0.998811 -0.0080294 -6.98942 0.116166 0.0135765 0.993137 188.59
0.992162 0.0470848 -0.115751 70.5454 -0.0485732 0.998769 -0.0100709 -7.02281 0.115134 0.0156144 0.993227 189.43
0.991792 0.0476351 -0.118657 70.4382 -0.0504592 0.998507 -0.0209094 -7.03438 0.117484 0.0267251 0.992715 190.311
0.991067 0.0570272 -0.120558 70.2886 -0.0609953 0.997703 -0.0294808 -7.06804 0.1186 0.0365709 0.992268 191.185
0.991544 0.057402 -0.116382 70.0918 -0.061592 0.997565 -0.0327291 -7.11297 0.114219 0.0396205 0.992665 191.941
0.991603 0.0518905 -0.118448 69.9897 -0.0555855 0.998058 -0.028105 -7.14608 0.11676 0.034453 0.992562 192.845
0.991506 0.0531087 -0.118724 69.8817 -0.0557933 0.998254 -0.0194014 -7.18026 0.117486 0.0258606 0.992738 193.761
0.991452 0.0549069 -0.118356 69.7574 -0.056981 0.998274 -0.0142092 -7.20102 0.117371 0.0208318 0.99287 194.655
0.990555 0.0563763 -0.124992 69.7312 -0.0583019 0.998229 -0.0117987 -7.27131 0.124106 0.0189746 0.992088 195.59
0.990379 0.0522693 -0.128128 69.6212 -0.0554194 0.998239 -0.0211425 -7.28632 0.126798 0.0280399 0.991532 196.487
0.990561 0.0408186 -0.130856 69.5142 -0.0454005 0.998449 -0.0322237 -7.32247 0.129338 0.0378605 0.990878 197.369
0.990004 0.0301288 -0.137784 69.4834 -0.0355521 0.99868 -0.0370698 -7.35227 0.136485 0.0415977 0.989768 198.271
0.989787 0.0324509 -0.138814 69.3473 -0.0376014 0.998692 -0.0346425 -7.36527 0.137508 0.0395083 0.989712 199.189
0.989345 0.0389665 -0.140277 69.2169 -0.0427661 0.998793 -0.0241734 -7.41088 0.139165 0.0299149 0.989817 200.086
0.989009 0.040157 -0.142299 69.0936 -0.043436 0.998856 -0.0200112 -7.44954 0.141333 0.0259722 0.989621 200.972
0.988986 0.0397841 -0.142564 68.9548 -0.0434725 0.998793 -0.0228502 -7.48653 0.141482 0.0287961 0.989522 201.849
0.989135 0.0402042 -0.141407 68.8066 -0.0446897 0.998589 -0.028688 -7.51883 0.140054 0.0346958 0.989536 202.736
0.988726 0.0469349 -0.142189 68.669 -0.0515611 0.998248 -0.0290262 -7.55212 0.140578 0.0360304 0.989414 203.617
0.988517 0.0499441 -0.142621 68.5338 -0.0541157 0.998209 -0.0255201 -7.59466 0.14109 0.0329451 0.989448 204.495
0.988279 0.054169 -0.142723 68.3895 -0.0579002 0.998077 -0.0221177 -7.63459 0.141251 0.0301221 0.989516 205.39
0.988069 0.0580674 -0.142644 68.2514 -0.0614262 0.997926 -0.019254 -7.66741 0.14123 0.0277864 0.989587 206.269
0.987751 0.0613994 -0.143451 68.1179 -0.0649402 0.997686 -0.0201281 -7.68996 0.141883 0.0291973 0.989453 207.139
0.987341 0.0581908 -0.147552 68.0318 -0.062076 0.997832 -0.0218606 -7.7483 0.14596 0.0307433 0.988813 207.969
0.987036 0.0598032 -0.14894 67.897 -0.0645568 0.997541 -0.0272841 -7.77113 0.146942 0.0365455 0.98847 208.82
0.986862 0.0610584 -0.149586 67.7533 -0.0658645 0.997453 -0.0273843 -7.80045 0.147533 0.0368769 0.988369 209.667
0.986502 0.0620055 -0.151554 67.6242 -0.0653868 0.997708 -0.0174251 -7.83907 0.150126 0.0270995 0.988295 210.511
0.986367 0.060824 -0.15291 67.4924 -0.0628398 0.997988 -0.00838011 -7.86829 0.152093 0.0178747 0.988205 211.355
0.986726 0.0550739 -0.152768 67.3627 -0.0567121 0.99837 -0.00638315 -7.89935 0.152168 0.0149622 0.988241 212.167
