0.99999 -0.00279124 -0.00343038 -0.000168089 0.002784 0.999994 -0.00211196 -0.00388465 0.00343625 0.00210239 0.999992 0.672554
0.99997 -0.00136222 -0.00764237 -0.0126542 0.00133348 0.999992 -0.00376487 -0.00533541 0.00764744 0.00375457 0.999964 1.37272
0.999932 -0.00147602 -0.0115335 -0.0311686 0.00141542 0.999985 -0.0052609 -0.00918882 0.0115411 0.00524422 0.99992 2.08785
0.999869 -0.000108426 -0.0161675 -0.0609938 7.88809e-06 0.999981 -0.00621844 -0.0104653 0.0161679 0.0062175 0.99985 2.82061
0.999797 -0.00101843 -0.0201167 -0.0955782 0.000889868 0.999979 -0.00639864 -0.0205851 0.0201228 0.00637944 0.999777 3.55882
0.999698 0.000720838 -0.0245795 -0.128491 -0.000908311 0.999971 -0.00761688 -0.0300878 0.0245733 0.0076369 0.999669 4.32784
0.999547 0.00337074 -0.0299044 -0.152635 -0.0036109 0.999962 -0.00798055 -0.0475641 0.0298764 0.00808491 0.999521 5.10433
0.999417 0.00449654 -0.033841 -0.182324 -0.0047217 0.999967 -0.00657662 -0.0598388 0.0338103 0.00673257 0.999406 5.85944
0.999254 0.00379534 -0.0384322 -0.21223 -0.00394545 0.999985 -0.00383078 -0.0725664 0.0384171 0.00397956 0.999254 6.65606
0.999115 0.003668 -0.0418927 -0.256422 -0.00372563 0.999992 -0.00129766 -0.0820362 0.0418876 0.00145259 0.999121 7.46166
0.998964 0.00521278 -0.0452048 -0.292238 -0.0053077 0.999984 -0.00198005 -0.0890258 0.0451938 0.00221793 0.998976 8.28941
0.99884 0.00471836 -0.0479142 -0.329625 -0.00483761 0.999985 -0.002373 -0.0950181 0.0479023 0.00260204 0.998849 9.12288
0.998747 0.00180634 -0.050005 -0.372713 -0.00196083 0.999993 -0.00304063 -0.100882 0.0499992 0.00313488 0.998744 9.97075
0.998655 0.00202105 -0.0518028 -0.411645 -0.002138 0.999995 -0.00220224 -0.117047 0.0517981 0.00231004 0.998655 10.776
0.998587 0.00065198 -0.0531375 -0.461839 -0.000781721 0.999997 -0.00242084 -0.1284 0.0531358 0.00245896 0.998584 11.6237
0.998461 0.00268985 -0.055385 -0.512467 -0.0029635 0.999984 -0.00485937 -0.135481 0.055371 0.00501602 0.998453 12.4921
0.998374 0.00283794 -0.0569411 -0.568994 -0.00324932 0.999969 -0.00713354 -0.153032 0.0569191 0.00730695 0.998352 13.3644
0.99828 0.00705997 -0.058208 -0.638551 -0.00759532 0.999931 -0.00898106 -0.165312 0.0581406 0.00940771 0.998264 14.2212
0.998231 0.00799206 -0.058907 -0.706329 -0.00851462 0.999927 -0.00862532 -0.18134 0.0588337 0.00911163 0.998226 15.0897
0.998157 0.00745872 -0.0602299 -0.738986 -0.00791031 0.999942 -0.00726279 -0.200804 0.0601723 0.00772584 0.998158 15.9484
0.998075 0.00835688 -0.0614508 -0.804357 -0.00873465 0.999945 -0.00588154 -0.214568 0.0613982 0.00640697 0.998093 16.8377
0.998034 0.00780102 -0.062184 -0.872299 -0.00817613 0.99995 -0.00577996 -0.229828 0.0621358 0.00627703 0.998048 17.737
0.997911 0.00669145 -0.0642536 -0.921361 -0.00711422 0.999955 -0.00635307 -0.247825 0.0642082 0.00679691 0.997913 18.6746
0.997838 0.00511115 -0.0655278 -0.97608 -0.00560182 0.999958 -0.00730627 -0.256504 0.0654877 0.00765755 0.997824 19.5805
0.997808 0.0057286 -0.0659269 -1.04751 -0.00614264 0.999963 -0.00607928 -0.264996 0.0658896 0.00647092 0.997806 20.5001
0.997782 0.00698684 -0.0662053 -1.10992 -0.00718279 0.99997 -0.00272216 -0.28016 0.0661843 0.00319166 0.997802 21.4328
0.997865 0.00802074 -0.0648133 -1.19271 -0.00797958 0.999968 0.00089386 -0.290076 0.0648184 -0.000374769 0.997897 22.3566
0.997977 0.00692361 -0.0632034 -1.25998 -0.00670032 0.999971 0.00374415 -0.300449 0.0632274 -0.0033131 0.997994 23.2884
0.99808 0.00663045 -0.06158 -1.32723 -0.00634746 0.999968 0.00478998 -0.307103 0.0616098 -0.00438991 0.998091 24.2313
0.998164 0.00707531 -0.0601613 -1.39415 -0.00698141 0.999974 0.00177088 -0.307957 0.0601722 -0.00134762 0.998187 25.1811
0.998228 0.00781605 -0.0589871 -1.46486 -0.00802524 0.999962 -0.00331024 -0.309422 0.0589591 0.00377776 0.998253 26.1134
0.998319 0.0068451 -0.0575539 -1.52718 -0.0072053 0.999956 -0.00605326 -0.321981 0.0575099 0.00645777 0.998324 27.0439
0.998319 0.00353075 -0.0578543 -1.57082 -0.00382048 0.999981 -0.00489805 -0.336847 0.0578359 0.00511084 0.998313 28.0477
0.998347 0.00169421 -0.0574472 -1.65246 -0.00170494 0.999999 -0.000137833 -0.345663 0.0574469 0.000235549 0.998349 29.0156
0.998314 -0.00173024 -0.0580124 -1.71083 0.00193082 0.999992 0.00340157 -0.364296 0.0580061 -0.00350784 0.99831 29.9739
0.998211 -0.00914992 -0.0590904 -1.76051 0.00932917 0.999953 0.00275841 -0.371702 0.0590623 -0.00330474 0.998249 30.9445
0.998109 -0.011616 -0.0603542 -1.81112 0.0115881 0.999933 -0.000811896 -0.38515 0.0603595 0.000110969 0.998177 31.8685
0.998019 -0.0113952 -0.0618775 -1.87553 0.0111149 0.999926 -0.00487197 -0.391609 0.0619285 0.00417455 0.998072 32.8552
0.997914 -0.0101145 -0.063763 -1.94837 0.00976925 0.999936 -0.00572418 -0.404173 0.0638168 0.00508933 0.997949 33.8366
0.997795 -0.0102044 -0.0655777 -1.99648 0.00996133 0.999942 -0.00403266 -0.42798 0.065615 0.00337053 0.997839 34.847
0.997773 -0.00739601 -0.0662951 -2.087 0.00730704 0.999972 -0.00158452 -0.43097 0.0663049 0.00109657 0.997799 35.8269
0.997652 -0.00780374 -0.0680413 -2.13969 0.0078228 0.999969 1.36872e-05 -0.446901 0.0680391 -0.000545929 0.997683 36.7978
0.997569 -0.00675242 -0.0693551 -2.20561 0.00694822 0.999973 0.00258239 -0.457467 0.0693358 -0.00305801 0.997589 37.79
0.997558 -0.00721443 -0.0694729 -2.2802 0.0076019 0.999957 0.00531447 -0.458587 0.0694315 -0.00582962 0.99757 38.7754
0.99754 -0.0014784 -0.0700834 -2.35914 0.00203363 0.999967 0.00785178 -0.469891 0.0700695 -0.00797499 0.99751 39.7705
0.997558 -0.00102878 -0.0698352 -2.42878 0.00152749 0.999974 0.00708829 -0.474271 0.069826 -0.00717766 0.997533 40.7293
0.997538 -0.00159629 -0.0701075 -2.49681 0.00196962 0.999984 0.00525629 -0.472593 0.070098 -0.00538143 0.997526 41.7147
0.997543 0.000545568 -0.0700514 -2.57768 -0.000333115 0.999995 0.00304447 -0.477964 0.0700527 -0.00301365 0.997539 42.7148
0.997519 -0.000412516 -0.0703935 -2.66665 0.0006273 0.999995 0.00302911 -0.483478 0.070392 -0.00306575 0.997515 43.6923
0.997433 -0.00247656 -0.0715625 -2.74372 0.00276842 0.999988 0.0039795 -0.48736 0.0715518 -0.0041674 0.997428 44.6818
0.997358 -0.00169347 -0.0726261 -2.81585 0.0020502 0.999986 0.00483756 -0.497388 0.0726169 -0.00497367 0.997348 45.6619
0.997306 0.000897305 -0.0733501 -2.88598 -0.000809574 0.999999 0.00122578 -0.508275 0.0733512 -0.00116309 0.997305 46.6452
0.997289 0.00143948 -0.0735707 -2.98157 -0.00165696 0.999994 -0.00289506 -0.520941 0.0735661 0.00300911 0.997286 47.5795
0.99727 0.00257522 -0.0738025 -3.06347 -0.00288995 0.999987 -0.00415794 -0.535692 0.0737908 0.00435987 0.997264 48.5115
0.997258 0.00182329 -0.073983 -3.13562 -0.00185117 0.999998 -0.00030832 -0.567799 0.0739823 0.00044443 0.997259 49.5265
0.997214 -0.000251463 -0.0745883 -3.2064 0.000455399 0.999996 0.00271716 -0.57859 0.0745873 -0.00274356 0.997211 50.5508
0.997176 -0.00190583 -0.0750719 -3.27698 0.00216817 0.999992 0.00341318 -0.591685 0.0750647 -0.00356631 0.997172 51.5144
0.99714 -0.00512256 -0.0754037 -3.34681 0.00531015 0.999983 0.00228755 -0.603825 0.0753907 -0.00268142 0.99715 52.4763
0.997055 -0.0082173 -0.076245 -3.41247 0.00830653 0.999965 0.000853299 -0.610767 0.0762353 -0.00148412 0.997089 53.4373
0.997001 -0.00954643 -0.0768004 -3.50017 0.00970649 0.999951 0.00171103 -0.61656 0.0767804 -0.00245136 0.997045 54.3624
0.996886 -0.0127187 -0.0778188 -3.55871 0.0132102 0.999896 0.00580462 -0.622412 0.0777369 -0.00681454 0.996951 55.2669
0.996867 -0.0136038 -0.077916 -3.64392 0.0145097 0.999833 0.0110723 -0.636787 0.0777524 -0.0121681 0.996898 56.2092
0.996841 -0.0118676 -0.0785323 -3.72609 0.0129573 0.999827 0.0133805 -0.640749 0.0783599 -0.0143558 0.996822 57.1625
0.996753 -0.0103779 -0.0798534 -3.81091 0.0111758 0.999892 0.00955211 -0.646381 0.0797456 -0.0104135 0.996761 58.1031
0.996644 -0.00895877 -0.0813716 -3.88972 0.00911776 0.999957 0.00158251 -0.64525 0.081354 -0.00231912 0.996683 59.0222
0.996571 -0.00747471 -0.0824068 -3.97307 0.0072375 0.999969 -0.00317685 -0.659518 0.0824279 0.00256954 0.996594 59.9349
0.996509 -0.00267483 -0.0834475 -4.05794 0.00249692 0.999994 -0.00223629 -0.678681 0.083453 0.00202012 0.99651 60.8597
0.996434 0.000630391 -0.0843691 -4.15153 -0.000648007 1 -0.000181414 -0.695236 0.084369 0.000235439 0.996435 61.741
0.996359 0.00278284 -0.0852107 -4.23916 -0.00267313 0.999995 0.00140156 -0.709339 0.0852143 -0.00116868 0.996362 62.6098
0.996258 0.00343678 -0.0863565 -4.31906 -0.00335363 0.999994 0.00110786 -0.718861 0.0863598 -0.000814103 0.996264 63.4785
0.996121 0.00520234 -0.0878446 -4.4026 -0.00504203 0.999985 0.00204673 -0.736234 0.0878539 -0.00159587 0.996132 64.2925
0.995968 0.00578125 -0.0895232 -4.47462 -0.00558726 0.999981 0.00241734 -0.746401 0.0895355 -0.0019074 0.995982 65.1538
0.995819 0.00572108 -0.0911677 -4.55902 -0.00546795 0.99998 0.00302605 -0.766471 0.0911832 -0.0025149 0.995831 66.031
0.995694 0.00563225 -0.0925279 -4.64268 -0.00527516 0.999978 0.00410336 -0.776142 0.092549 -0.00359759 0.995702 66.8631
0.995386 0.00840137 -0.0955843 -4.66836 -0.00774677 0.999944 0.00721744 -0.803941 0.0956396 -0.00644367 0.995395 67.6533
0.99524 0.00982088 -0.0969533 -4.7493 -0.00875678 0.999897 0.0113949 -0.816085 0.0970552 -0.0104916 0.995224 68.441
0.995031 0.0129208 -0.0987219 -4.83376 -0.0116669 0.999844 0.0132683 -0.825352 0.098878 -0.0120506 0.995027 69.2107
0.994894 0.015597 -0.0997156 -4.92571 -0.0147801 0.999851 0.00892593 -0.821761 0.09984 -0.00740655 0.994976 69.928
0.994762 0.0153462 -0.101058 -5.0084 -0.0152619 0.999882 0.00160685 -0.828141 0.101071 -5.60949e-05 0.994879 70.6585
0.994513 0.0144569 -0.103613 -5.05247 -0.0149569 0.99988 -0.00405033 -0.843847 0.103542 0.00557784 0.994609 71.4173
0.994487 0.0150763 -0.10377 -5.15037 -0.0157304 0.999861 -0.00548747 -0.849447 0.103672 0.00708956 0.994586 72.109
0.99446 0.0180162 -0.103562 -5.25403 -0.0182613 0.999832 -0.00141831 -0.878174 0.103519 0.00330163 0.994622 72.7737
0.994514 0.0176312 -0.103112 -5.39059 -0.0175919 0.999844 0.00129036 -0.898828 0.103118 0.000530652 0.994669 73.3985
0.994404 0.0143753 -0.104661 -5.45044 -0.0146841 0.99989 -0.0021796 -0.906889 0.104619 0.00370425 0.994506 74.0359
0.994447 0.00619338 -0.105058 -5.50413 -0.00701679 0.999947 -0.00746988 -0.919013 0.105006 0.00816557 0.994438 74.6544
0.994533 0.00204797 -0.104401 -5.55753 -0.00333338 0.999921 -0.0121392 -0.934422 0.104368 0.0124209 0.994461 75.2647
0.994856 0.00455919 -0.101199 -5.62555 -0.00585332 0.999905 -0.0124948 -0.948359 0.101132 0.0130229 0.994788 75.8518
0.995395 0.00927305 -0.0954122 -5.74628 -0.010213 0.999904 -0.00936769 -0.968906 0.0953162 0.010299 0.995394 76.4187
0.995847 0.00783108 -0.0907059 -5.80937 -0.00844339 0.999944 -0.00636866 -0.979754 0.090651 0.00710808 0.995857 76.9806
0.996351 0.00434697 -0.0852383 -5.84464 -0.00453955 0.999988 -0.00206566 -0.993679 0.0852283 0.00244507 0.996358 77.5522
0.996965 -0.000203732 -0.0778495 -5.86188 0.000344002 0.999998 0.00178841 -1.0189 0.077849 -0.00180976 0.996964 78.091
0.997668 0.0032937 -0.0681765 -5.87038 -0.00320537 0.999994 0.00140505 -1.02029 0.0681807 -0.00118324 0.997672 78.6105
0.998537 0.00878088 -0.0533527 -5.89154 -0.00874259 0.999961 0.00095103 -1.02923 0.053359 -0.000483197 0.998575 79.15
0.999274 0.0137516 -0.0355194 -5.90984 -0.0137066 0.999905 0.00151198 -1.03589 0.0355368 -0.00102403 0.999368 79.6463
0.999833 0.0121709 -0.0136671 -5.90011 -0.0121453 0.999924 0.0019579 -1.04044 0.0136899 -0.00179158 0.999905 80.136
0.999881 0.00877253 0.0126947 -5.87667 -0.00881159 0.999957 0.00302383 -1.04914 -0.0126676 -0.00313533 0.999915 80.6125
0.99911 0.0076075 0.0414811 -5.82576 -0.00781253 0.999958 0.00478284 -1.06094 -0.041443 -0.00510266 0.999128 81.0777
0.997195 0.00709693 0.0745039 -5.75729 -0.00758564 0.999952 0.00627856 -1.06913 -0.0744558 -0.00682611 0.997201 81.5651
0.993674 0.00697428 0.112087 -5.68565 -0.00780666 0.999945 0.00698899 -1.07681 -0.112033 -0.0078198 0.993674 82.0111
0.988085 0.00707827 0.153747 -5.59637 -0.00823214 0.999943 0.00686962 -1.08045 -0.153689 -0.00805344 0.988086 82.4446
0.980036 0.00733252 0.198685 -5.47385 -0.0088277 0.999939 0.00664063 -1.0801 -0.198624 -0.00826198 0.980041 82.8789
0.968736 0.00892226 0.247932 -5.35445 -0.0106112 0.999929 0.00547674 -1.10078 -0.247865 -0.00793638 0.968762 83.2731
0.953385 0.0100933 0.301588 -5.20628 -0.0114818 0.99993 0.00283166 -1.1103 -0.301539 -0.00616246 0.953434 83.6595
0.933677 0.0107692 0.357955 -5.03216 -0.0116868 0.999932 0.000400251 -1.11079 -0.357926 -0.00455706 0.933739 84.0407
0.909351 0.0114885 0.415871 -4.83768 -0.0119305 0.999928 -0.00153553 -1.11466 -0.415858 -0.00356523 0.909422 84.3989
0.880183 0.0116941 0.47449 -4.61982 -0.0113836 0.999929 -0.00352717 -1.11888 -0.474497 -0.00229685 0.880254 84.7511
0.846753 0.0102065 0.531889 -4.38723 -0.00848977 0.999948 -0.0056727 -1.12489 -0.531919 0.000287762 0.846795 85.0795
0.810247 0.00964814 0.586009 -4.12575 -0.00688145 0.999952 -0.0069487 -1.13403 -0.586048 0.00159757 0.810275 85.3607
0.770347 0.00819913 0.637572 -3.84629 -0.00587212 0.999966 -0.00576449 -1.145 -0.637598 0.000696756 0.770369 85.6349
0.728139 0.00792588 0.685384 -3.54931 -0.0072026 0.999966 -0.00391185 -1.14784 -0.685392 -0.00208818 0.728171 85.88
0.684408 0.00684141 0.729067 -3.21359 -0.00559958 0.999976 -0.00412699 -1.14759 -0.729078 -0.00125793 0.68443 86.1051
0.639089 0.004917 0.769117 -2.87741 -0.00108725 0.999984 -0.00548951 -1.15221 -0.769132 0.00267206 0.639084 86.306
0.592519 0.00230703 0.805553 -2.54688 0.00488146 0.999967 -0.00645433 -1.15737 -0.805541 0.00775659 0.592489 86.5005
0.546218 0.00441978 0.837632 -2.20683 0.00405814 0.99996 -0.00792262 -1.15857 -0.837633 0.0077267 0.546178 86.671
0.499104 0.00740143 0.86651 -1.86325 0.00035384 0.999962 -0.00874514 -1.16661 -0.866542 0.00467134 0.499082 86.8321
0.45394 0.00954595 0.890981 -1.51372 -7.49784e-05 0.999943 -0.0106752 -1.17375 -0.891032 0.00477907 0.453914 86.9687
0.412304 0.00666378 0.911022 -1.1718 0.00667326 0.999924 -0.0103342 -1.19001 -0.911022 0.0103403 0.412228 87.0631
0.373145 -0.00130367 0.927772 -0.795012 0.0212845 0.999748 -0.00715573 -1.20218 -0.927529 0.0224173 0.373079 87.1498
0.338395 -0.00463228 0.940993 -0.387359 0.0257946 0.999658 -0.00435504 -1.19768 -0.94065 0.0257462 0.338399 87.2549
0.305647 0.000246493 0.952145 0.00984856 0.0230097 0.999706 -0.00764513 -1.19253 -0.951867 0.0242453 0.305551 87.3646
0.274915 0.00799191 0.961435 0.363102 0.0121671 0.999856 -0.0117904 -1.20593 -0.961391 0.0149392 0.274779 87.4666
0.246436 0.0122548 0.969082 0.744979 0.00734845 0.999868 -0.0145128 -1.2237 -0.969131 0.0106977 0.246313 87.5567
0.220597 0.0139857 0.975265 1.14748 0.00882414 0.999828 -0.0163339 -1.23724 -0.975325 0.0122091 0.220436 87.632
0.197224 0.015333 0.980239 1.54947 0.0164855 0.999684 -0.0189541 -1.24356 -0.98022 0.0198979 0.196909 87.6837
0.176946 0.0215413 0.983985 1.95823 0.023624 0.999379 -0.0261265 -1.24096 -0.983937 0.0278686 0.176327 87.7361
0.157179 0.0283447 0.987163 2.38271 0.0258915 0.999126 -0.0328108 -1.23941 -0.987231 0.0307163 0.156308 87.7955
0.13964 0.0291411 0.989773 2.82676 0.0234873 0.999188 -0.032732 -1.25509 -0.989924 0.0278178 0.138843 87.8537
0.12444 0.0247131 0.991919 3.28131 0.0217279 0.999382 -0.0276249 -1.28055 -0.991989 0.02499 0.123826 87.9035
0.110039 0.0215046 0.993695 3.7521 0.0226196 0.999453 -0.0241341 -1.29687 -0.99367 0.0251326 0.109493 87.9477
0.096686 0.0190801 0.995132 4.22277 0.0249637 0.999455 -0.0215884 -1.31315 -0.995002 0.0269295 0.096157 87.9893
0.0853811 0.0182359 0.996181 4.71729 0.0288116 0.999369 -0.0207637 -1.32596 -0.995932 0.0304744 0.0848019 88.0164
0.0753122 0.0189706 0.99698 5.23311 0.0318676 0.999263 -0.0214214 -1.33735 -0.996651 0.0333847 0.0746522 88.0492
0.0674889 0.0195218 0.997529 5.75861 0.0339901 0.999183 -0.0218538 -1.34892 -0.997141 0.035381 0.0667702 88.0783
0.0618634 0.0197516 0.997889 6.31074 0.0353746 0.999133 -0.0219692 -1.3687 -0.997458 0.036659 0.0611111 88.1115
0.0562056 0.0207161 0.998204 6.89439 0.0368176 0.999062 -0.0228069 -1.38801 -0.99774 0.0380334 0.0553902 88.1471
0.0502677 0.0213457 0.998508 7.46941 0.0375898 0.999023 -0.0232491 -1.4029 -0.998028 0.0387024 0.0494162 88.1753
0.0459457 0.0214034 0.998715 8.07416 0.0400877 0.998926 -0.0232522 -1.41921 -0.998139 0.0411045 0.0450383 88.2013
0.0428964 0.0213164 0.998852 8.68906 0.0416004 0.998867 -0.0231032 -1.43942 -0.998213 0.0425437 0.0419611 88.2322
0.0397901 0.0208521 0.99899 9.30899 0.0427349 0.998832 -0.0225509 -1.45523 -0.998294 0.0435891 0.0388525 88.2586
0.037349 0.0203566 0.999095 9.97439 0.0449241 0.998747 -0.0220289 -1.47308 -0.998292 0.0457062 0.0363877 88.2861
0.0368322 0.0198855 0.999124 10.6433 0.0495304 0.998537 -0.0216997 -1.49153 -0.998093 0.0502862 0.0357934 88.2961
0.0377925 0.0193643 0.999098 11.3144 0.0531301 0.998359 -0.0213597 -1.51335 -0.997872 0.0538894 0.0367017 88.3209
0.0398042 0.019068 0.999026 12.0213 0.0549291 0.998264 -0.021242 -1.53891 -0.997697 0.0557211 0.0386878 88.3662
0.0434958 0.0191833 0.998869 12.7687 0.057227 0.998126 -0.0216609 -1.55456 -0.997413 0.0581044 0.0423165 88.4069
0.0474055 0.0186162 0.998702 13.5168 0.0570481 0.998144 -0.0213137 -1.5839 -0.997245 0.0579845 0.0462555 88.4627
0.0514783 0.0169429 0.99853 14.2695 0.0585126 0.998087 -0.019952 -1.60422 -0.996959 0.0594537 0.0503884 88.5056
0.0554855 0.0154375 0.99834 15.0484 0.0586417 0.998104 -0.018693 -1.62005 -0.996736 0.0595815 0.054475 88.5502
0.0597873 0.0133085 0.998122 15.8274 0.0557059 0.998308 -0.0166477 -1.64001 -0.996656 0.0565967 0.0589448 88.6039
0.0640103 0.0123 0.997873 16.5972 0.0551901 0.99835 -0.0158461 -1.65137 -0.996422 0.056087 0.0632258 88.6515
0.067731 0.0136082 0.997611 17.4018 0.0528225 0.998456 -0.017206 -1.66252 -0.996304 0.0538617 0.0669075 88.7304
0.0722226 0.0171773 0.997241 18.1215 0.0514517 0.998456 -0.0209245 -1.6898 -0.996061 0.052821 0.0712273 88.7233
0.0737864 0.0225019 0.99702 18.9262 0.0457945 0.998614 -0.0259269 -1.71246 -0.996222 0.0475711 0.0726537 88.7847
0.0736168 0.0258728 0.996951 19.7399 0.0429336 0.998654 -0.0290873 -1.73711 -0.996362 0.044944 0.0724069 88.8602
0.0732286 0.0252999 0.996994 20.5719 0.0402426 0.998789 -0.0283012 -1.777 -0.996503 0.0421941 0.0721217 88.9539
0.0734101 0.0235119 0.997025 21.3837 0.0373134 0.998957 -0.0263048 -1.81111 -0.996604 0.0391334 0.0724562 89.0168
0.0735642 0.0220175 0.997047 22.1893 0.038598 0.998944 -0.0249072 -1.8462 -0.996543 0.0403163 0.0726368 89.0757
0.074093 0.0215317 0.997019 22.9871 0.0362199 0.999049 -0.0242672 -1.87248 -0.996593 0.03791 0.0732427 89.1484
0.0742471 0.0218821 0.997 23.7978 0.0345346 0.999103 -0.0245001 -1.90468 -0.996642 0.03625 0.0734249 89.2168
0.0744702 0.022807 0.996962 24.6324 0.0324736 0.999153 -0.0252828 -1.92603 -0.996694 0.0342578 0.0736664 89.2951
0.0729443 0.024036 0.997046 25.4538 0.0297202 0.999213 -0.0262626 -1.96104 -0.996893 0.0315481 0.0721725 89.3706
0.0702483 0.0236646 0.997249 26.2221 0.0273969 0.999296 -0.0256431 -1.98453 -0.997153 0.0291229 0.0695505 89.4265
0.0663383 0.0224094 0.997546 27.0323 0.0248845 0.9994 -0.0241059 -2.01611 -0.997487 0.0264226 0.0657409 89.4914
0.0616988 0.0200618 0.997893 27.8467 0.0230318 0.999503 -0.0215182 -2.04559 -0.997829 0.0243109 0.0612061 89.5442
0.0557497 0.0180439 0.998282 28.6424 0.0209513 0.999595 -0.0192376 -2.07462 -0.998225 0.0219878 0.0553491 89.5844
0.0486937 0.0183779 0.998645 29.4576 0.021427 0.999581 -0.0194399 -2.09827 -0.998584 0.0223446 0.0482796 89.6214
0.0405598 0.0188555 0.998999 30.2004 0.0207121 0.999591 -0.0197076 -2.13755 -0.998962 0.0214907 0.0401527 89.6311
0.0298719 0.0198879 0.999356 31.0301 0.021507 0.999558 -0.0205347 -2.15085 -0.999322 0.0221066 0.029431 89.6805
0.0198362 0.0185532 0.999631 31.8433 0.021998 0.999578 -0.0189887 -2.1904 -0.999561 0.0223666 0.0194197 89.6902
0.00949236 0.0170419 0.99981 32.6634 0.0200365 0.999651 -0.0172295 -2.24228 -0.999754 0.0201963 0.00914758 89.6816
-0.00165168 0.0162294 0.999867 33.4515 0.0213481 0.999641 -0.0161904 -2.2676 -0.999771 0.0213185 -0.00199755 89.6868
-0.0130687 0.0166546 0.999776 34.2409 0.021325 0.999639 -0.0163736 -2.29238 -0.999687 0.0211063 -0.0134192 89.6899
-0.0239864 0.0170632 0.999567 35.0154 0.0215576 0.999631 -0.016547 -2.32583 -0.99948 0.0211513 -0.0243454 89.6688
-0.0341707 0.0182426 0.99925 35.7949 0.0212492 0.999621 -0.0175227 -2.34525 -0.99919 0.0206345 -0.0345454 89.6339
-0.0443418 0.0195292 0.998826 36.5647 0.0220975 0.999583 -0.018563 -2.36244 -0.998772 0.0212485 -0.0447549 89.5974
-0.053924 0.0203134 0.998338 37.3171 0.0228625 0.999556 -0.0191033 -2.38562 -0.998283 0.0217944 -0.0543644 89.5604
-0.0640283 0.0209108 0.997729 38.0725 0.0233014 0.999539 -0.0194534 -2.40943 -0.997676 0.0220029 -0.0644861 89.5239
-0.0732906 0.0211687 0.997086 38.8124 0.0237672 0.999528 -0.0194736 -2.43765 -0.997027 0.0222707 -0.0737592 89.4637
-0.0815659 0.0204573 0.996458 39.5616 0.0256595 0.999501 -0.0184194 -2.47183 -0.996338 0.0240662 -0.0820501 89.3918
-0.0884086 0.0190743 0.995902 40.2979 0.027448 0.999484 -0.0167063 -2.50478 -0.995706 0.0258586 -0.0888865 89.304
-0.0936676 0.0175569 0.995449 41.0544 0.0304246 0.999428 -0.0147642 -2.52459 -0.995139 0.0289032 -0.0941482 89.2372
-0.0976722 0.0153583 0.9951 41.742 0.0324612 0.999398 -0.0122384 -2.56231 -0.994689 0.0311068 -0.0981119 89.1572
-0.100521 0.0141625 0.994834 42.4422 0.0339341 0.999366 -0.0107983 -2.58473 -0.994356 0.0326734 -0.100938 89.0862
-0.101922 0.0134618 0.994701 43.1341 0.0341002 0.999368 -0.0100309 -2.60078 -0.994208 0.0328971 -0.102316 89.0087
-0.102486 0.0136519 0.994641 43.804 0.0352991 0.999326 -0.0100791 -2.6247 -0.994108 0.0340769 -0.102899 88.9338
-0.101554 0.014935 0.994718 44.4592 0.0366904 0.999263 -0.0112574 -2.63401 -0.994153 0.0353534 -0.102027 88.8689
-0.0986198 0.0166943 0.994985 45.093 0.0376397 0.999206 -0.0130344 -2.64926 -0.994413 0.0361655 -0.0991699 88.8074
-0.0929884 0.0171096 0.99552 45.7202 0.0377825 0.999193 -0.0136435 -2.6685 -0.99495 0.0363445 -0.0935598 88.7449
-0.0850074 0.0177103 0.996223 46.3038 0.0370801 0.999206 -0.0145993 -2.68774 -0.99569 0.035699 -0.0855966 88.7065
-0.0739489 0.0178864 0.997102 46.8272 0.0366438 0.999213 -0.0152066 -2.69711 -0.996589 0.0354131 -0.0745461 88.6586
-0.0600193 0.0179792 0.998035 47.3932 0.0353881 0.999248 -0.0158729 -2.72396 -0.99757 0.0343659 -0.0606104 88.6318
-0.0429929 0.019036 0.998894 47.939 0.0337814 0.999274 -0.0175893 -2.75123 -0.998504 0.0329878 -0.0436047 88.6256
-0.0213837 0.0215225 0.99954 48.4668 0.0323397 0.99926 -0.0208246 -2.77204 -0.999248 0.0318795 -0.0220639 88.6186
0.00390352 0.0248475 0.999684 48.9833 0.0306411 0.999219 -0.0249556 -2.78133 -0.999523 0.0307288 0.00313912 88.6257
0.0321985 0.0264828 0.999131 49.5114 0.0283714 0.999222 -0.0273996 -2.80919 -0.999079 0.029229 0.0314221 88.658
0.0660967 0.0251748 0.997496 50.0544 0.0254796 0.999313 -0.026909 -2.84998 -0.997488 0.0271943 0.0654099 88.6954
0.104186 0.0228339 0.994296 50.5923 0.0243571 0.999378 -0.0255028 -2.87096 -0.994259 0.0268752 0.103565 88.7752
0.144914 0.019351 0.989255 51.0751 0.0220662 0.999497 -0.0227838 -2.89176 -0.989198 0.0251307 0.144414 88.886
0.190842 0.0163566 0.981484 51.585 0.0214807 0.999552 -0.0208344 -2.87962 -0.981386 0.025059 0.190405 88.9944
0.240271 0.0131026 0.970617 52.0776 0.0167545 0.999704 -0.0176427 -2.89997 -0.970561 0.0205012 0.23998 89.1167
0.291825 0.0114757 0.956403 52.5463 0.0128538 0.999791 -0.0159183 -2.91855 -0.956385 0.0169388 0.291616 89.2905
0.346992 0.0113066 0.9378 53.0128 0.0123112 0.999786 -0.0166092 -2.92773 -0.937787 0.0173087 0.346779 89.4862
0.407026 0.0134851 0.913317 53.466 0.0145558 0.999668 -0.021247 -2.92142 -0.9133 0.0219422 0.406695 89.6833
0.464625 0.0179462 0.885326 53.8578 0.014045 0.999519 -0.0276319 -2.93061 -0.885396 0.0252728 0.46415 89.9329
0.524357 0.0213484 0.851231 54.2606 0.0147968 0.999306 -0.0341769 -2.94337 -0.85137 0.0305164 0.523678 90.189
0.582939 0.0258562 0.812104 54.6317 0.0103044 0.999178 -0.039209 -2.95537 -0.81245 0.0312247 0.582194 90.4845
0.638437 0.0288986 0.769131 54.9719 0.0062492 0.999067 -0.0427253 -2.96656 -0.769649 0.0320839 0.637661 90.8091
0.691068 0.0291198 0.722203 55.3093 0.00467583 0.998987 -0.0447542 -2.98574 -0.722775 0.034305 0.690231 91.1453
0.738717 0.0277898 0.673443 55.5837 0.00320465 0.998994 -0.044739 -3.00617 -0.674008 0.0352076 0.737885 91.5022
0.782961 0.0250313 0.621567 55.847 -8.50644e-05 0.999194 -0.0401316 -3.02759 -0.622071 0.0313686 0.782332 91.8807
0.823298 0.0206141 0.567235 56.0873 -0.00187483 0.999434 -0.0335997 -3.04629 -0.567606 0.0265991 0.82287 92.2923
0.85867 0.0184965 0.512195 56.3008 -0.00496745 0.999602 -0.0277701 -3.05829 -0.512505 0.0213011 0.85842 92.7304
0.888623 0.0151999 0.458386 56.4941 -0.00627557 0.99976 -0.0209859 -3.07092 -0.458595 0.0157719 0.888505 93.1805
0.913128 0.0158143 0.407365 56.6365 -0.010336 0.999824 -0.0156453 -3.08759 -0.407541 0.0100756 0.913131 93.6171
0.932284 0.0188562 0.361236 56.766 -0.0154376 0.999805 -0.0123472 -3.10266 -0.361398 0.0059345 0.932393 94.0718
0.94665 0.0248576 0.321304 56.8692 -0.0229475 0.999689 -0.00973101 -3.11167 -0.321446 0.00183871 0.946926 94.5357
0.957828 0.028911 0.285885 56.9816 -0.0269177 0.999578 -0.0109004 -3.11301 -0.28608 0.00274531 0.958202 95.0077
0.966538 0.0299579 0.254768 57.0787 -0.0281306 0.999546 -0.0108136 -3.11688 -0.254977 0.003285 0.966942 95.459
0.972167 0.0246991 0.232984 57.1703 -0.0228483 0.999682 -0.0106399 -3.12762 -0.233173 0.00502044 0.972422 95.9286
0.975843 0.0216063 0.217401 57.2608 -0.0199309 0.999752 -0.00989654 -3.14423 -0.217561 0.00532447 0.976032 96.3808
0.978501 0.025619 0.204645 57.349 -0.024023 0.999659 -0.0102796 -3.15083 -0.204838 0.00514243 0.978782 96.8684
0.980393 0.0306093 0.194662 57.4374 -0.0292545 0.999524 -0.00983155 -3.15486 -0.19487 0.00394405 0.980821 97.3557
0.98132 0.0380825 0.188578 57.5208 -0.0366264 0.999266 -0.0112012 -3.16167 -0.188866 0.00408506 0.981994 97.8719
0.981591 0.0440571 0.185845 57.5988 -0.0420239 0.999006 -0.0148672 -3.17306 -0.186315 0.00678356 0.982467 98.3947
0.981658 0.0449332 0.185278 57.6856 -0.0424147 0.998946 -0.0175362 -3.18686 -0.185871 0.00935605 0.98253 98.9413
0.981249 0.0424641 0.188006 57.7783 -0.0391436 0.999006 -0.0213412 -3.19406 -0.188726 0.0135818 0.981936 99.4971
0.980626 0.0409162 0.191569 57.886 -0.0363319 0.998965 -0.0273834 -3.21338 -0.192491 0.0198929 0.981097 99.9635
0.979796 0.0412959 0.19569 58 -0.0356478 0.998842 -0.0322989 -3.22572 -0.196797 0.0246704 0.980134 100.523
0.978669 0.0451408 0.200421 58.0736 -0.039512 0.998707 -0.0319986 -3.23829 -0.201607 0.023397 0.979187 101.088
0.977337 0.0482205 0.206122 58.1849 -0.0433912 0.998669 -0.0278889 -3.26206 -0.207192 0.018313 0.978129 101.664
0.976553 0.0447228 0.210578 58.3213 -0.0408208 0.998905 -0.0228427 -3.29705 -0.211369 0.0137111 0.97731 102.274
0.976031 0.0405342 0.213822 58.4705 -0.0376977 0.999139 -0.0173284 -3.31623 -0.21434 0.00885248 0.976719 102.889
0.975234 0.0380835 0.21787 58.5958 -0.0361976 0.999265 -0.0126422 -3.33427 -0.218191 0.00444269 0.975896 103.505
0.974689 0.0330684 0.221106 58.7299 -0.0312479 0.999443 -0.0117272 -3.35245 -0.221371 0.00452128 0.975179 104.139
0.974718 0.0298707 0.221433 58.8828 -0.0272436 0.999518 -0.0149095 -3.36552 -0.221771 0.00849995 0.975062 104.778
0.974844 0.0292742 0.220957 59.0313 -0.0250423 0.999446 -0.0219298 -3.37889 -0.221477 0.0158449 0.975037 105.428
0.975073 0.0313545 0.219657 59.1942 -0.025654 0.999257 -0.0287569 -3.39682 -0.220395 0.022405 0.975153 106.115
0.975558 0.0343883 0.217035 59.3337 -0.0279767 0.999079 -0.0325466 -3.41516 -0.217954 0.0256792 0.975621 106.785
0.975974 0.0326257 0.215431 59.4489 -0.0271364 0.999229 -0.0283902 -3.44024 -0.216191 0.0218621 0.976106 107.469
0.97638 0.0288948 0.214118 59.6095 -0.0250875 0.999475 -0.0204783 -3.46801 -0.214598 0.0146229 0.976593 108.181
0.977016 0.0290283 0.211182 59.7873 -0.0264954 0.999539 -0.0148146 -3.48968 -0.211514 0.00887878 0.977335 108.932
0.977337 0.0321835 0.209227 59.93 -0.0295822 0.999441 -0.015551 -3.50539 -0.20961 0.00900922 0.977744 109.65
0.977611 0.0373108 0.207084 60.0681 -0.0339026 0.999225 -0.0199838 -3.53068 -0.207669 0.0125158 0.978119 110.386
0.978367 0.0382662 0.203307 60.2106 -0.0338567 0.999111 -0.0251239 -3.54823 -0.204087 0.0176971 0.978793 111.124
0.979276 0.037151 0.199094 60.3759 -0.0321841 0.999086 -0.0281268 -3.56674 -0.199957 0.0211362 0.979577 111.905
0.98009 0.0350903 0.195429 60.5234 -0.0304998 0.999185 -0.0264501 -3.59977 -0.196197 0.019963 0.980361 112.677
0.980853 0.031505 0.192184 60.6699 -0.0273352 0.999331 -0.0243103 -3.63013 -0.192822 0.0185915 0.981058 113.466
0.981215 0.0306998 0.19046 60.8152 -0.0270893 0.999401 -0.0215321 -3.65858 -0.191007 0.0159682 0.981459 114.248
0.981588 0.0270051 0.189092 60.9663 -0.0237676 0.99953 -0.0193687 -3.67823 -0.189526 0.0145178 0.981768 115.048
0.981827 0.02169 0.188533 61.1264 -0.0185922 0.999662 -0.0181843 -3.70043 -0.188863 0.0143486 0.981899 115.865
0.981988 0.0226414 0.187584 61.288 -0.0199611 0.99967 -0.0161656 -3.73533 -0.187888 0.0121301 0.982116 116.66
0.981872 0.0281963 0.187434 61.4464 -0.0253109 0.999522 -0.0177701 -3.76534 -0.187846 0.0127039 0.982116 117.472
0.981566 0.0334213 0.188178 61.5725 -0.0299295 0.999324 -0.0213676 -3.77854 -0.188765 0.0153417 0.981902 118.307
0.980997 0.0423337 0.189349 61.7087 -0.0386408 0.998985 -0.0231542 -3.79701 -0.190137 0.0153976 0.981637 119.151
0.980072 0.0490721 0.192486 61.8621 -0.0456055 0.998708 -0.0224021 -3.83447 -0.193336 0.0131773 0.981044 119.999
0.979376 0.0498851 0.195793 62.0018 -0.0466763 0.99869 -0.0209716 -3.84606 -0.196582 0.0114002 0.980421 120.884
0.978842 0.050534 0.198279 62.1617 -0.0470942 0.998648 -0.0220289 -3.87043 -0.199124 0.012225 0.979898 121.729
0.978566 0.0488749 0.200051 62.3292 -0.0448299 0.998689 -0.0247031 -3.89771 -0.200996 0.0152054 0.979474 122.56
0.978681 0.0422836 0.200985 62.5111 -0.0384214 0.998995 -0.0230803 -3.93614 -0.201759 0.0148662 0.979322 123.4
0.978897 0.0355303 0.201243 62.6864 -0.0312497 0.999214 -0.0244087 -3.96659 -0.201952 0.0176048 0.979237 124.232
0.978658 0.0349467 0.202503 62.8696 -0.0306964 0.999238 -0.0240925 -4.00722 -0.203191 0.0173622 0.978985 125.092
0.978198 0.0380356 0.204163 63.0391 -0.0345271 0.999189 -0.0207208 -4.04108 -0.204785 0.0132199 0.978718 125.919
0.977852 0.040058 0.205427 63.1994 -0.0377538 0.999173 -0.0151259 -4.0667 -0.205863 0.00703525 0.978556 126.759
0.977468 0.0435112 0.206549 63.3598 -0.0421615 0.999051 -0.0109336 -4.09248 -0.206828 0.00197888 0.978375 127.614
0.977283 0.0426922 0.207594 63.5273 -0.0399437 0.99905 -0.0174153 -4.11252 -0.208141 0.00872759 0.97806 128.441
0.97767 0.0373277 0.206803 63.7169 -0.0314117 0.999 -0.0318179 -4.13691 -0.207784 0.0246113 0.977865 129.26
0.977999 0.0346177 0.205716 63.901 -0.0267394 0.998803 -0.0409549 -4.16484 -0.206888 0.0345531 0.977754 130.089
0.97815 0.0323586 0.205365 64.0612 -0.0263922 0.999148 -0.031726 -4.21463 -0.206217 0.0256127 0.978171 130.913
0.978565 0.0260573 0.204284 64.2364 -0.0243896 0.999646 -0.0106775 -4.25508 -0.20449 0.00546621 0.978853 131.762
0.978812 0.0229237 0.203472 64.3882 -0.0243965 0.999691 0.00473313 -4.27849 -0.203301 -0.00959686 0.979069 132.579
0.978897 0.0274852 0.202499 64.5515 -0.0279597 0.999609 -0.000517633 -4.29634 -0.202434 -0.0051551 0.979282 133.389
0.979195 0.0351743 0.199849 64.7158 -0.0324872 0.999332 -0.0167101 -4.30211 -0.200304 0.00986988 0.979684 134.177
0.979355 0.0353704 0.199031 64.8627 -0.0311146 0.999216 -0.0244709 -4.32387 -0.199741 0.0177729 0.979688 134.996
0.979889 0.0311668 0.197095 65.0301 -0.0267817 0.999332 -0.0248754 -4.37115 -0.197739 0.0190966 0.980069 135.832
0.980398 0.031355 0.194516 65.187 -0.0273792 0.999358 -0.023095 -4.41721 -0.195115 0.0173165 0.980627 136.64
0.981056 0.0306513 0.191282 65.3167 -0.0264238 0.999348 -0.0246131 -4.43354 -0.191912 0.0190925 0.981226 137.47
0.982078 0.0307527 0.185948 65.4858 -0.0263175 0.999308 -0.0262739 -4.47218 -0.186627 0.0209094 0.982208 138.314
0.982439 0.0359125 0.183098 65.6228 -0.0316053 0.999152 -0.0263892 -4.50569 -0.18389 0.0201389 0.98274 139.13
0.982507 0.0422328 0.181376 65.7466 -0.0379818 0.998918 -0.026849 -4.53271 -0.182313 0.0194904 0.983047 139.943
0.982771 0.0437242 0.179579 65.882 -0.0398748 0.998892 -0.0249914 -4.56453 -0.180472 0.0174002 0.983426 140.756
0.983123 0.0413523 0.178212 66.0287 -0.0383932 0.999062 -0.0200224 -4.59934 -0.178873 0.0128424 0.983788 141.576
0.983431 0.0397494 0.176872 66.1618 -0.0367509 0.99912 -0.0201977 -4.61578 -0.177519 0.0133629 0.984027 142.368
0.984008 0.0383164 0.173952 66.3192 -0.0347672 0.999121 -0.0234062 -4.64034 -0.174696 0.0169841 0.984476 143.19
0.984892 0.0333008 0.169939 66.4377 -0.0290909 0.999207 -0.0272042 -4.67111 -0.17071 0.0218495 0.985079 144.021
0.986134 0.0302248 0.163173 66.5799 -0.0259258 0.99926 -0.0284121 -4.69676 -0.163911 0.0237878 0.986188 144.829
0.98721 0.0284966 0.156856 66.701 -0.0252089 0.99942 -0.0229101 -4.73421 -0.157418 0.0186629 0.987356 145.646
0.988194 0.0258911 0.151005 66.808 -0.0239684 0.999607 -0.0145396 -4.76508 -0.151322 0.0107486 0.988426 146.46
0.988883 0.0230552 0.146896 66.9285 -0.0225234 0.999732 -0.00528265 -4.78774 -0.146978 0.00191534 0.989138 147.266
0.989282 0.0299208 0.142921 67.0264 -0.029835 0.999551 -0.00274365 -4.79877 -0.142939 -0.0015498 0.98973 148.058
0.989901 0.0328135 0.137908 67.1282 -0.0321006 0.999457 -0.00739094 -4.81111 -0.138076 0.00288936 0.990417 148.85
0.990866 0.0330827 0.130726 67.2294 -0.0310511 0.999364 -0.0175487 -4.82598 -0.131224 0.0133292 0.991263 149.64
0.991806 0.029916 0.124203 67.3292 -0.0272538 0.999362 -0.0230783 -4.84414 -0.124814 0.0195042 0.991988 150.434
0.992616 0.0289902 0.117784 67.4146 -0.0266118 0.99941 -0.0217158 -4.87728 -0.118344 0.018421 0.992802 151.231
0.993167 0.036392 0.110883 67.4827 -0.034614 0.99924 -0.0179183 -4.92017 -0.111451 0.0139577 0.993672 152.072
0.993779 0.0418275 0.103214 67.532 -0.0400579 0.999014 -0.0191599 -4.94139 -0.103913 0.0149062 0.994475 152.888
0.994592 0.0446508 0.093771 67.5786 -0.0425068 0.99879 -0.0247396 -4.9612 -0.0947621 0.02062 0.995286 153.673
0.995325 0.0439705 0.0859974 67.623 -0.0417942 0.998763 -0.0269467 -4.996 -0.0870758 0.0232266 0.995931 154.511
0.995957 0.0448585 0.0778326 67.6888 -0.0431087 0.998782 -0.0240191 -5.01852 -0.0788152 0.0205667 0.996677 155.359
0.996396 0.0476601 0.0701741 67.7286 -0.0466001 0.998775 -0.0166669 -5.05259 -0.0708825 0.0133367 0.997396 156.179
0.996786 0.0506801 0.0620487 67.7666 -0.0501154 0.998687 -0.0106241 -5.07861 -0.0625056 0.00748036 0.998017 157.002
0.997274 0.0492649 0.0549323 67.7893 -0.048939 0.998775 -0.00726322 -5.09296 -0.0552228 0.00455508 0.998464 157.822
0.997406 0.0529606 0.0487571 67.8463 -0.0528439 0.998596 -0.00368099 -5.14813 -0.0488836 0.00109492 0.998804 158.57
0.997656 0.0521627 0.044294 67.8812 -0.0519661 0.998633 -0.00557978 -5.16186 -0.0445245 0.00326491 0.999003 159.391
0.997584 0.0569767 0.0397571 67.8946 -0.056585 0.998338 -0.0109097 -5.1776 -0.0403126 0.00863369 0.99915 160.19
0.997402 0.062605 0.0356427 67.9091 -0.0620081 0.99792 -0.0176152 -5.1938 -0.0366714 0.0153593 0.999209 161.021
0.997473 0.0633467 0.0321634 67.933 -0.0627252 0.997831 -0.019978 -5.21254 -0.0333592 0.0179101 0.999283 161.846
0.997462 0.0650755 0.0289027 67.9545 -0.0646907 0.997806 -0.0140539 -5.23512 -0.0297539 0.0121484 0.999483 162.678
0.997375 0.0670181 0.0274117 67.9512 -0.0669216 0.997748 -0.00442451 -5.23881 -0.0276465 0.00257846 0.999614 163.53
0.997439 0.0674536 0.0237751 67.9604 -0.067526 0.997715 0.00225494 -5.24375 -0.0235687 -0.0038546 0.999715 164.367
0.997814 0.0634506 0.018483 67.9774 -0.0634458 0.997985 -0.000843158 -5.24845 -0.0184992 -0.000331354 0.999829 165.188
0.998556 0.0523002 0.0122758 68.0103 -0.0521809 0.998589 -0.00984129 -5.28258 -0.0127732 0.00918652 0.999876 165.981
0.998768 0.0493559 0.00507615 68.0127 -0.0492786 0.998682 -0.014371 -5.29407 -0.00577875 0.0141031 0.999884 166.779
0.998548 0.0538666 -0.00088805 67.975 -0.0538736 0.998462 -0.013082 -5.31132 0.000182002 0.0131108 0.999914 167.622
0.998623 0.0518701 -0.00785726 67.9393 -0.0519234 0.998628 -0.00673386 -5.33294 0.0074972 0.00713257 0.999946 168.469
0.998806 0.0461184 -0.0160956 67.9526 -0.0461761 0.998928 -0.00322882 -5.33978 0.0159295 0.0039682 0.999865 169.315
0.999056 0.0375181 -0.02189 67.941 -0.0375121 0.999296 0.000682167 -5.34741 0.0219002 0.000139618 0.99976 170.156
0.999049 0.0333574 -0.0280737 67.9115 -0.0333478 0.999443 0.000812691 -5.35759 0.0280852 0.000124278 0.999606 170.986
0.998955 0.0302579 -0.0342482 67.8705 -0.0304828 0.999517 -0.00606372 -5.36977 0.0340481 0.00710136 0.999395 171.816
0.99891 0.0206541 -0.0418572 67.8347 -0.0213509 0.99964 -0.0162702 -5.37908 0.0415061 0.0171461 0.998991 172.645
0.998764 0.0104189 -0.0486082 67.8093 -0.0114063 0.999733 -0.0200795 -5.40586 0.048386 0.0206091 0.998616 173.475
0.998412 0.0134243 -0.0547063 67.755 -0.0141091 0.999827 -0.0121509 -5.43266 0.0545337 0.0129035 0.998429 174.287
0.997914 0.0244798 -0.0597343 67.685 -0.0244517 0.9997 0.00120209 -5.45766 0.0597458 0.00026102 0.998214 175.136
0.997514 0.0301833 -0.0636847 67.5948 -0.0296712 0.999519 0.00897232 -5.47179 0.0639249 -0.00706041 0.99793 175.996
0.997314 0.0289423 -0.067279 67.5342 -0.0285827 0.999572 0.00630172 -5.46899 0.0674326 -0.00436178 0.997714 176.776
0.997126 0.0297499 -0.0696706 67.4707 -0.030136 0.999536 -0.00449719 -5.46689 0.0695044 0.00658385 0.99756 177.598
0.996562 0.0399202 -0.0726018 67.3889 -0.0410041 0.999068 -0.0134998 -5.48012 0.0719952 0.0164303 0.99727 178.408
0.996459 0.0376942 -0.0751516 67.3238 -0.0390936 0.999087 -0.0172369 -5.49309 0.0744333 0.0201138 0.997023 179.249
0.996484 0.0323804 -0.0772706 67.2538 -0.0334343 0.999364 -0.0123835 -5.51847 0.0768205 0.0149235 0.996933 180.113
0.996477 0.032934 -0.0771259 67.1818 -0.0333062 0.999439 -0.00354461 -5.53941 0.0769659 0.00610089 0.997015 180.971
0.996449 0.0344492 -0.0768306 67.112 -0.0343972 0.999406 0.00199985 -5.5474 0.0768539 0.000650006 0.997042 181.829
0.99631 0.0340748 -0.078773 67.0412 -0.0340894 0.999418 0.00115924 -5.55542 0.0787667 0.00153036 0.996892 182.707
0.996289 0.0303193 -0.0805555 66.9471 -0.0310812 0.999483 -0.00822081 -5.5567 0.0802646 0.0106941 0.996716 183.567
0.996367 0.0193165 -0.0829394 66.888 -0.0210263 0.999583 -0.0197909 -5.57579 0.0825226 0.0214629 0.996358 184.418
0.996276 0.00814848 -0.0858411 66.846 -0.0102236 0.999665 -0.0237627 -5.60278 0.0856187 0.0245518 0.996025 185.254
0.996096 0.0108875 -0.0875971 66.7941 -0.0126178 0.999736 -0.0192236 -5.63336 0.0873646 0.0202539 0.99597 186.114
0.995895 0.0167248 -0.0889612 66.7089 -0.0175527 0.99981 -0.00853274 -5.66481 0.0888016 0.0100592 0.995999 186.952
0.995718 0.017498 -0.0907745 66.6327 -0.0179982 0.999827 -0.00469437 -5.67941 0.0906766 0.00630804 0.99586 187.823
0.995732 0.0155837 -0.090969 66.5185 -0.01644 0.999827 -0.00867134 -5.6919 0.0908181 0.0101299 0.995816 188.706
0.995719 0.0155252 -0.0911146 66.4361 -0.0169655 0.999743 -0.0150541 -5.70351 0.0908575 0.0165355 0.995727 189.549
0.995573 0.0221685 -0.0913363 66.3392 -0.0236946 0.999597 -0.0156584 -5.72602 0.0909523 0.0177533 0.995697 190.395
0.995488 0.0242642 -0.0917356 66.2401 -0.0255214 0.999595 -0.0125569 -5.75347 0.0913938 0.0148415 0.995704 191.247
0.99535 0.0276593 -0.092263 66.1465 -0.0286449 0.999546 -0.00937526 -5.77399 0.0919617 0.0119745 0.995691 192.058
0.995243 0.0313857 -0.0922333 66.0579 -0.0321189 0.999463 -0.00647493 -5.79344 0.0919806 0.00940655 0.995716 192.898
0.995112 0.0341996 -0.0926436 65.9677 -0.0349908 0.999364 -0.00692951 -5.80836 0.0923476 0.0101373 0.995675 193.725
0.995136 0.0317046 -0.0932728 65.8896 -0.0328368 0.999404 -0.0106282 -5.82817 0.0928803 0.0136393 0.995584 194.541
0.99497 0.0336111 -0.0943659 65.8054 -0.0352783 0.999249 -0.0160539 -5.84263 0.0937554 0.0193022 0.995408 195.354
0.994843 0.0349454 -0.0952122 65.7088 -0.0366028 0.999206 -0.0157169 -5.86484 0.0945874 0.0191209 0.995333 196.16
0.994621 0.0351544 -0.0974367 65.6351 -0.0358982 0.999338 -0.00589049 -5.89008 0.0971652 0.0093566 0.995224 196.976
