1 -0 0 -0 -0 1 -0 0 0 -0 1 0
1 0.000226364 5.36622e-05 -0.000190311 -0.000226357 1 -0.000127957 0.000323451 -5.36912e-05 0.000127945 1 0.00038996
1 0.0005132 -3.10898e-05 -0.000169057 -0.000513215 1 -0.000494494 0.000787723 3.0836e-05 0.00049451 1 0.000532851
1 -8.0227e-05 9.49916e-05 -5.66099e-05 8.02348e-05 1 -8.21645e-05 0.000235457 -9.4985e-05 8.21722e-05 1 0.000201314
1 -1.3592e-05 1.07329e-05 -0.000328059 1.35932e-05 1 -0.000105086 0.000158718 -1.07314e-05 0.000105086 1 0.000304908
1 -7.9933e-05 0.000193017 -0.000596103 7.9944e-05 1 -5.69008e-05 0.000146929 -0.000193012 5.69163e-05 1 0.000813533
1 -0.000156237 6.39233e-05 -0.000169767 0.000156229 1 0.000119662 -6.39471e-06 -6.3942e-05 -0.000119652 1 -0.0001048
1 -8.81431e-05 5.9672e-05 -0.000236138 8.81393e-05 1 6.25786e-05 8.60599e-05 -5.96775e-05 -6.25733e-05 1 -0.000151642
1 0.000105075 -5.10405e-05 -0.000128321 -0.000105072 1 5.29379e-05 7.64567e-05 5.1046e-05 -5.29326e-05 1 -0.000131143
1 7.37326e-05 -3.13455e-05 0.000148141 -7.37302e-05 1 7.58754e-05 8.52009e-05 3.13511e-05 -7.58731e-05 1 -0.000464443
1 -3.74698e-05 -0.000166174 0.000247383 3.74807e-05 1 6.57454e-05 6.54003e-05 0.000166171 -6.57516e-05 1 -0.000531019
1 3.62044e-06 -0.00010257 0.000263335 -3.62402e-06 1 -3.49125e-05 -0.000197545 0.00010257 3.49128e-05 1 -0.000236336
1 -9.30773e-05 -0.000186326 0.000246741 9.30957e-05 1 9.85522e-05 -0.00031117 0.000186317 -9.85696e-05 1 -0.000132143
1 -0.000186281 -0.000137776 0.000314178 0.000186279 1 -1.52645e-05 -0.000170177 0.000137779 1.52388e-05 1 7.94981e-05
1 -2.82572e-05 -0.000202671 0.000314842 2.82774e-05 1 9.95199e-05 -0.00021378 0.000202669 -9.95256e-05 1 -0.000272139
1 -6.75791e-06 -0.000182192 0.000312955 6.76854e-06 1 5.836e-05 -0.000202562 0.000182192 -5.83613e-05 1 -0.000276333
1 5.96556e-05 -0.000185743 0.000219668 -5.9629e-05 1 0.000143284 -0.000184498 0.000185751 -0.000143273 1 -8.80356e-05
1 0.000162208 -0.000316732 0.000344589 -0.000162218 1 -3.31232e-05 -0.000209771 0.000316726 3.31746e-05 1 5.12363e-05
1 0.0006036 -0.000258458 0.00105636 -0.000603621 1 -8.3027e-05 -0.000337704 0.000258408 8.3183e-05 1 -0.000889118
1 0.000736451 -0.000117276 0.000741034 -0.000736471 1 -0.00017149 -0.000148052 0.000117149 0.000171576 1 -0.000617377
1 0.000791592 -0.000146382 0.000899799 -0.000791594 1 -1.59348e-05 -0.000539174 0.000146369 1.60507e-05 1 -0.000912018
1 0.000769138 -0.000243048 0.000845392 -0.000769133 1 2.24064e-05 -0.000398096 0.000243065 -2.22195e-05 1 -0.000820834
1 0.00078672 -0.000435378 0.00120415 -0.000786733 1 -2.92171e-05 -0.000464934 0.000435355 2.95596e-05 1 -0.000860194
0.999999 0.00102574 -0.000358925 0.000583762 -0.00102583 0.999999 -0.000245511 -0.000330059 0.000358673 0.000245879 1 -0.000132393
0.999999 0.00113506 -0.000394731 0.00051581 -0.0011352 0.999999 -0.000360052 -0.000323272 0.000394322 0.0003605 1 -0.000114095
0.999999 0.00128086 -0.000419341 0.000418285 -0.001281 0.999999 -0.000318788 -0.000446729 0.000418933 0.000319325 1 -0.000193535
0.999999 0.000971481 -0.000302147 0.000700309 -0.000971546 1 -0.000215094 -0.000723777 0.000301938 0.000215387 1 -0.000342035
0.999999 0.00120024 -0.000360743 0.000666989 -0.00120027 0.999999 -0.000105751 -0.000718253 0.000360616 0.000106184 1 -0.000472112
0.999999 0.00109877 -0.000342625 0.000731631 -0.0010988 0.999999 -9.41009e-05 -0.000724004 0.000342522 9.44773e-05 1 -0.000346777
0.999999 0.0010292 -0.000365266 0.00079581 -0.00102931 0.999999 -0.000300414 -0.000689742 0.000364957 0.00030079 1 -0.000202616
0.999999 0.000964466 -0.000327258 0.000689256 -0.000964521 1 -0.000167793 -0.000802917 0.000327096 0.000168108 1 -0.000342183
1 0.000803763 -0.000366347 0.000731584 -0.000803829 1 -0.000182574 -0.000643897 0.0003662 0.000182868 1 -0.000352135
1 0.000912918 -0.000315267 0.000743755 -0.000913008 1 -0.000287057 -0.000636971 0.000315005 0.000287345 1 -0.000218104
0.999999 0.00108854 -0.000348336 0.000623266 -0.00108859 0.999999 -0.000156325 -0.000645976 0.000348165 0.000156704 1 -0.00025787
1 0.000787772 -0.000386784 0.000693178 -0.00078786 1 -0.000226387 -0.000651033 0.000386606 0.000226691 1 -9.06315e-05
1 0.000852767 -0.00042151 0.000690975 -0.000852888 1 -0.000286798 -0.000710001 0.000421265 0.000287158 1 -0.000291218
1 0.000742428 -0.000448366 0.000797724 -0.000742512 1 -0.000186984 -0.000711619 0.000448227 0.000187317 1 -0.000196086
1 0.000912456 -0.000407689 0.000664773 -0.000912552 1 -0.000235295 -0.000751195 0.000407475 0.000235667 1 -0.000369627
1 0.000947597 -0.000259498 0.000668055 -0.000947643 1 -0.000179726 -0.000710355 0.000259328 0.000179972 1 -0.000277751
1 0.000848647 -0.000273002 0.000698989 -0.000848705 1 -0.000214653 -0.000658071 0.00027282 0.000214885 1 -0.000274615
0.999999 0.000990743 -0.000358532 0.000721699 -0.000990827 0.999999 -0.000236615 -0.000712085 0.000358297 0.00023697 1 -0.000297146
0.999999 0.00100905 -0.000256198 0.000792425 -0.00100909 0.999999 -0.000134691 -0.000692574 0.000256062 0.00013495 1 -0.000306423
1 0.000906962 -0.000293501 0.000737525 -0.000907022 1 -0.000202811 -0.000713772 0.000293317 0.000203077 1 -0.000346602
0.999999 0.000946703 -0.000325657 0.000674118 -0.000946804 1 -0.000312383 -0.000682456 0.000325361 0.000312691 1 -0.000188051
1 0.000905038 -0.000374069 0.000604024 -0.000905122 1 -0.000224745 -0.000592511 0.000373866 0.000225083 1 -0.00028016
1 0.000881513 -0.000391948 0.000773278 -0.00088159 1 -0.000197138 -0.000751275 0.000391774 0.000197484 1 -0.000297154
1 0.000814403 -0.000293057 0.000696492 -0.000814461 1 -0.000198941 -0.000709384 0.000292895 0.00019918 1 -0.000332461
1 0.000826427 -0.000318321 0.00083 -0.000826493 1 -0.000208034 -0.000666572 0.000318149 0.000208297 1 -0.000220274
0.999999 0.000944556 -0.000332759 0.000649697 -0.000944653 1 -0.000291374 -0.000650147 0.000332484 0.000291689 1 -0.000115544
1 0.000881566 -0.000373609 0.000811959 -0.000881636 1 -0.000186141 -0.000633155 0.000373445 0.00018647 1 -0.000235745
1 0.000808699 -0.000295328 0.000740503 -0.000808758 1 -0.000201175 -0.000726312 0.000295165 0.000201413 1 -0.000348264
0.999999 0.000958175 -0.000412999 0.000677551 -0.000958303 0.999999 -0.000309061 -0.000688253 0.000412703 0.000309457 1 -0.000113562
1 0.000813595 -0.000275412 0.00086046 -0.00081364 1 -0.000165476 -0.000728839 0.000275277 0.0001657 1 -0.000246653
1 0.000669937 -0.000319256 0.000827607 -0.000669995 1 -0.000181708 -0.000642882 0.000319134 0.000181922 1 -0.000132352
1 0.000903366 -0.000227424 0.000753387 -0.000903403 1 -0.000163276 -0.000661961 0.000227277 0.000163481 1 -0.000204822
1 0.000776626 -0.000328315 0.00077721 -0.000776666 1 -0.000121536 -0.000733061 0.000328221 0.000121791 1 -0.000334405
1 0.00070216 -0.000285904 0.000819257 -0.000702194 1 -0.000118353 -0.000628816 0.000285821 0.000118553 1 -0.000227304
1 0.000776168 -0.000330683 0.000749622 -0.000776249 1 -0.000246219 -0.000747325 0.000330492 0.000246476 1 -0.000157542
1 0.000888556 -0.000428466 0.00084055 -0.00088862 1 -0.000148661 -0.000630576 0.000428334 0.000149042 1 -0.000152833
1 0.000765985 -0.000285781 0.000784448 -0.000766037 1 -0.000183638 -0.000709656 0.000285641 0.000183857 1 -0.000369921
1 0.000892803 -0.000311764 0.000700896 -0.000892864 1 -0.000196923 -0.000689134 0.000311588 0.000197201 1 -0.00022962
1 0.000785842 -0.000348092 0.000687197 -0.000785905 1 -0.000181356 -0.000580111 0.00034795 0.000181629 1 -0.000294621
0.999999 0.000975062 -0.000423194 0.000877549 -0.000975165 0.999999 -0.000242436 -0.000734923 0.000422957 0.000242848 1 -0.000212655
1 0.000716343 -0.000361347 0.000756487 -0.000716419 1 -0.000208136 -0.000645561 0.000361198 0.000208395 1 -0.000228921
1 0.000758971 -0.000424943 0.000775757 -0.000759048 1 -0.000181474 -0.000707205 0.000424805 0.000181796 1 -0.000350529
1 0.000822332 -0.000344795 0.000734078 -0.000822415 1 -0.000241493 -0.000751696 0.000344596 0.000241776 1 -0.000223725
1 0.000821832 -0.000412425 0.000740725 -0.000821923 1 -0.000221553 -0.00075589 0.000412243 0.000221892 1 -0.000161851
1 0.000806768 -0.000337534 0.000799912 -0.000806826 1 -0.000171151 -0.00076628 0.000337396 0.000171423 1 -0.000255375
1 0.000815317 -0.000354936 0.000669134 -0.000815396 1 -0.000223012 -0.000688371 0.000354754 0.000223302 1 -0.00013134
0.999999 0.000992066 -0.000362532 0.000631677 -0.000992142 0.999999 -0.000209387 -0.00060197 0.000362324 0.000209747 1 -0.000148022
1 0.000850369 -0.000333462 0.00101863 -0.000850437 1 -0.000203035 -0.000802274 0.000333289 0.000203319 1 -0.000259066
1 0.000700509 -0.00030372 0.000783937 -0.000700535 1 -8.57914e-05 -0.000581041 0.00030366 8.60041e-05 1 -0.000264379
1 0.000831087 -0.000364581 0.000743244 -0.000831177 1 -0.000248058 -0.000678412 0.000364374 0.000248361 1 -0.000150489
1 0.000848741 -0.000276101 0.000798296 -0.000848781 1 -0.000144384 -0.000667824 0.000275978 0.000144618 1 -0.000297534
0.999999 0.00101747 -0.000322739 0.000650892 -0.00101754 0.999999 -0.000216362 -0.00067648 0.000322519 0.00021669 1 -0.000184898
1 0.000874051 -0.000240066 0.000791368 -0.000874086 1 -0.000147273 -0.000642994 0.000239937 0.000147483 1 -0.000190835
1 0.000709233 -0.000416635 0.000796897 -0.000709308 1 -0.000181267 -0.000663895 0.000416506 0.000181563 1 -0.000111172
1 0.000756983 -0.000320081 0.000797239 -0.000757052 1 -0.000214962 -0.000670466 0.000319919 0.000215204 1 -0.000237097
1 0.000760636 -0.000341462 0.000883987 -0.000760675 1 -0.00011545 -0.000712663 0.000341374 0.000115709 1 -0.000192029
1 7.67343e-06 -0.000446763 0.000268487 -7.41122e-06 1 0.000586908 -0.000324299 0.000446767 -0.000586904 1 0.00102177
0.999999 -0.00131938 -0.000898382 2.66309e-06 0.00132046 0.999998 0.00120757 0.000191647 0.000896787 -0.00120875 0.999999 0.0035857
0.999998 -0.00193932 -0.000970139 -0.000439037 0.00194148 0.999996 0.00222252 -2.08209e-05 0.000965824 -0.00222439 0.999997 0.00528875
0.999995 -0.00277908 -0.00129909 -0.000808498 0.00278342 0.999991 0.00334854 0.000567182 0.00128977 -0.00335214 0.999994 0.007435
0.999993 -0.00321027 -0.00214999 -0.000805209 0.0032184 0.999988 0.00378908 0.000497791 0.00213779 -0.00379597 0.999991 0.00923064
0.999994 -0.00268654 -0.002288 -0.00112267 0.00269534 0.999989 0.00385076 0.000785442 0.00227763 -0.00385691 0.99999 0.0116042
0.999991 -0.00327884 -0.00278783 -0.000998719 0.0032902 0.999986 0.00408193 0.000600326 0.00277441 -0.00409106 0.999988 0.0133384
0.999991 -0.00335346 -0.00261397 -0.000577682 0.00336379 0.999987 0.00395972 0.000764685 0.00260066 -0.00396847 0.999989 0.014838
0.999993 -0.00283857 -0.00258656 -0.000995753 0.0028474 0.99999 0.00341983 0.000553253 0.00257682 -0.00342717 0.999991 0.0173346
0.99999 -0.0035786 -0.00269524 -0.00091845 0.00358756 0.999988 0.00332621 0.000508014 0.00268331 -0.00333585 0.999991 0.0202199
0.999992 -0.00314523 -0.00256697 -0.00129404 0.00315296 0.99999 0.00301068 0.000431387 0.00255748 -0.00301875 0.999992 0.0222594
0.999991 -0.00350457 -0.00258903 -0.00138492 0.00351253 0.999989 0.00307735 0.000640267 0.00257822 -0.00308641 0.999992 0.0238599
0.999988 -0.00409897 -0.00284532 -0.00126843 0.0041081 0.999986 0.0032087 0.0009753 0.00283213 -0.00322035 0.999991 0.0264749
0.999988 -0.00408865 -0.00267109 -0.00146881 0.0040976 0.999986 0.00335289 0.000794605 0.00265735 -0.0033638 0.999991 0.0286277
0.999989 -0.00399235 -0.00263237 -0.00153235 0.00400141 0.999986 0.00344361 0.000698744 0.00261858 -0.0034541 0.999991 0.0307958
0.999988 -0.00418438 -0.0024874 3.29556e-05 0.00419391 0.999984 0.00383835 0.00223589 0.0024713 -0.00384873 0.99999 0.0309584
0.999991 -0.00369147 -0.00218079 0.000318194 0.00369946 0.999986 0.00367063 0.00200911 0.00216721 -0.00367866 0.999991 0.0328405
0.999982 -0.00522331 -0.00283813 -0.000108171 0.00523492 0.999978 0.00410062 0.00149795 0.00281664 -0.0041154 0.999988 0.035325
0.999984 -0.00486165 -0.00288126 0.000402298 0.0048743 0.999978 0.0043993 0.00172142 0.00285981 -0.00441328 0.999986 0.0371761
0.999985 -0.00464882 -0.00274502 -0.000483878 0.00466078 0.99998 0.00436771 0.0017725 0.00272466 -0.00438044 0.999987 0.0400129
0.999983 -0.00509122 -0.00288442 -0.000400804 0.0051044 0.999976 0.004581 0.00192016 0.00286103 -0.00459565 0.999985 0.042149
0.999984 -0.00480296 -0.00297915 -0.000371255 0.00481641 0.999978 0.00452201 0.00176358 0.00295736 -0.00453628 0.999985 0.0434688
0.999981 -0.00545854 -0.00284424 -0.000178308 0.00547132 0.999975 0.00450299 0.00213209 0.00281959 -0.00451847 0.999986 0.0460029
0.999985 -0.0049881 -0.00242585 4.639e-05 0.00499893 0.999977 0.00447732 0.00232513 0.00240347 -0.00448938 0.999987 0.0477379
0.999984 -0.00507766 -0.00229545 -0.000631073 0.00508715 0.999978 0.00414405 0.00204678 0.00227436 -0.00415567 0.999989 0.0505955
0.999982 -0.00551996 -0.00252887 -0.000293344 0.0055302 0.999976 0.00405796 0.00216653 0.00250641 -0.00407187 0.999989 0.0525175
0.999983 -0.00536778 -0.0024755 -0.000443934 0.00537672 0.999979 0.00361966 0.00200037 0.00245602 -0.00363291 0.99999 0.0548336
0.99998 -0.00573937 -0.00247639 -0.000555516 0.00574846 0.999977 0.00368185 0.00187739 0.0024552 -0.00369601 0.99999 0.0571677
0.999981 -0.00561104 -0.00238385 -0.000997488 0.00561965 0.999978 0.00362096 0.00158275 0.00236348 -0.00363429 0.999991 0.0585117
0.99998 -0.00582511 -0.00245176 -0.000682004 0.00583411 0.999976 0.00368043 0.00162097 0.00243026 -0.00369466 0.99999 0.0614229
0.999979 -0.00594258 -0.00261413 -0.000533868 0.00595273 0.999975 0.00389052 0.00162028 0.00259094 -0.003906 0.999989 0.0631726
0.999982 -0.00555527 -0.00236075 -0.000498653 0.0055645 0.999977 0.00391901 0.0019662 0.00233892 -0.00393207 0.99999 0.0651271
0.999981 -0.00556068 -0.00256115 -0.000874518 0.00557105 0.999976 0.00406005 0.00171883 0.00253851 -0.00407424 0.999988 0.0666867
0.999978 -0.00607713 -0.00254489 -0.000964027 0.00608807 0.999972 0.00431336 0.00182348 0.00251861 -0.00432876 0.999987 0.0694873
0.999978 -0.00614541 -0.00254415 -0.000585453 0.00615558 0.999973 0.0040076 0.00202752 0.00251945 -0.00402317 0.999989 0.0719271
0.999977 -0.00612141 -0.00278049 -0.00125752 0.00613269 0.999973 0.00406609 0.00201919 0.00275553 -0.00408305 0.999988 0.0737684
0.999979 -0.00593243 -0.00270907 -0.00106744 0.00594379 0.999974 0.00420278 0.00197041 0.00268406 -0.00421879 0.999987 0.0762741
0.999978 -0.006223 -0.00227666 -0.000906169 0.00623253 0.999972 0.004204 0.00183214 0.00225044 -0.0042181 0.999989 0.0778421
0.999972 -0.00695936 -0.00267413 -0.00073646 0.00697082 0.999966 0.00430024 0.00215157 0.00264411 -0.00431876 0.999987 0.0803987
0.999979 -0.0058783 -0.00261012 -0.00148586 0.00588755 0.999976 0.003553 0.00196323 0.00258918 -0.00356829 0.99999 0.0823607
0.999978 -0.0063028 -0.00227119 -0.00077756 0.00631086 0.999974 0.00355939 0.00209495 0.0022487 -0.00357365 0.999991 0.0842156
0.999978 -0.00616826 -0.00247102 -0.00103099 0.00617575 0.999976 0.00303236 0.00198849 0.00245225 -0.00304755 0.999992 0.0866446
0.999974 -0.00673484 -0.00274962 -0.00124857 0.00674233 0.999974 0.00272346 0.00160561 0.00273121 -0.00274193 0.999993 0.0895924
0.999976 -0.00636961 -0.00275841 -0.00160139 0.00637674 0.999976 0.00258558 0.00153447 0.00274187 -0.00260311 0.999993 0.0907206
0.999979 -0.00596047 -0.00267654 -0.00161067 0.00596717 0.999979 0.00250141 0.00169126 0.00266157 -0.00251732 0.999993 0.093057
0.999974 -0.00660578 -0.00283327 -0.00153193 0.00661306 0.999975 0.00257 0.00179277 0.00281622 -0.00258867 0.999993 0.0952384
0.999973 -0.00684253 -0.00279775 -0.0018146 0.00684935 0.999974 0.00243235 0.00185459 0.00278103 -0.00245145 0.999993 0.0975184
0.99999 -0.00332205 -0.0028849 -0.00286872 0.00332756 0.999993 0.00190543 0.00245538 0.00287855 -0.00191501 0.999994 0.0998015
0.999988 -0.00359888 -0.00317905 -0.0035645 0.00360566 0.999991 0.00212852 0.00263618 0.00317136 -0.00213996 0.999993 0.102384
0.99999 -0.00334169 -0.00297979 -0.00363851 0.00334738 0.999993 0.00190361 0.00261208 0.00297341 -0.00191357 0.999994 0.104552
0.999992 -0.00272822 -0.00289728 -0.00318098 0.00273359 0.999995 0.00185209 0.00274276 0.00289221 -0.00186 0.999994 0.106177
0.999992 -0.00284249 -0.00297191 -0.00342465 0.00284792 0.999994 0.00182224 0.00249684 0.00296671 -0.00183069 0.999994 0.108615
0.999986 -0.00424975 -0.00325368 -0.00263715 0.00425496 0.99999 0.00159471 0.00219908 0.00324687 -0.00160854 0.999993 0.111625
0.999985 -0.00438915 -0.00328262 -0.00312067 0.00439372 0.999989 0.00138615 0.0019448 0.0032765 -0.00140055 0.999994 0.113975
0.999984 -0.00472415 -0.00316211 -0.00279147 0.00472752 0.999988 0.00105946 0.0019132 0.00315707 -0.00107439 0.999994 0.11552
0.999986 -0.004363 -0.00302138 -0.00287981 0.00436515 0.99999 0.000706664 0.00223386 0.00301827 -0.000719843 0.999995 0.117778
0.999986 -0.00433673 -0.00289285 -0.00293852 0.00433777 0.999991 0.000352417 0.00184809 0.0028913 -0.000364961 0.999996 0.119743
0.999986 -0.00449827 -0.00288796 -0.00277472 0.00449775 0.99999 -0.00018773 0.00184849 0.00288878 0.000174738 0.999996 0.122361
0.999984 -0.00470326 -0.00313661 -0.00355092 0.00470133 0.999989 -0.000623792 0.00176496 0.00313951 0.000609036 0.999995 0.124775
0.999986 -0.00415616 -0.00322008 -0.0030439 0.00415216 0.999991 -0.00124775 0.00149375 0.00322524 0.00123436 0.999994 0.126776
0.999984 -0.00440017 -0.00361526 -0.0025271 0.0043947 0.999989 -0.00152167 0.00149764 0.00362192 0.00150576 0.999992 0.128821
0.999985 -0.00414821 -0.00346696 -0.00272573 0.00414319 0.99999 -0.00145494 0.00139523 0.00347296 0.00144055 0.999993 0.13148
0.999984 -0.00467846 -0.00332439 -0.00266777 0.00467347 0.999988 -0.00150704 0.00137906 0.0033314 0.00149148 0.999993 0.133022
0.999985 -0.00425535 -0.00340717 -0.00315724 0.00424991 0.99999 -0.00160187 0.00153765 0.00341395 0.00158736 0.999993 0.135421
0.999987 -0.00398462 -0.00323588 -0.00318269 0.00397784 0.99999 -0.00209648 0.00123574 0.0032442 0.00208358 0.999993 0.137239
0.999987 -0.00384127 -0.00325401 -0.0031489 0.00383554 0.999991 -0.00176442 0.00101298 0.00326076 0.00175192 0.999993 0.139525
0.999987 -0.00391499 -0.00314614 -0.00281809 0.00390887 0.99999 -0.00195107 0.00104953 0.00315375 0.00193874 0.999993 0.141938
0.999988 -0.00384931 -0.0030224 -0.00305709 0.00384318 0.999991 -0.00203119 0.00148162 0.00303019 0.00201955 0.999993 0.143556
0.999988 -0.00389043 -0.00303207 -0.0027653 0.00388446 0.999991 -0.00197389 0.00142802 0.00303972 0.00196209 0.999993 0.145291
0.99999 -0.00331635 -0.00285798 -0.00356062 0.00330939 0.999992 -0.00243787 0.00149797 0.00286604 0.00242839 0.999993 0.148518
0.999992 -0.00294292 -0.00285461 -0.00306354 0.00293483 0.999992 -0.00283316 0.00142575 0.00286292 0.00282476 0.999992 0.150036
0.99999 -0.00312993 -0.00321999 -0.00351162 0.00311992 0.99999 -0.00311011 0.00111607 0.0032297 0.00310004 0.99999 0.152455
0.999988 -0.00407747 -0.00287775 -0.0030609 0.00406892 0.999987 -0.00297014 0.0018014 0.00288983 0.00295839 0.999991 0.15439
0.999989 -0.00396973 -0.00264877 -0.00304137 0.00396015 0.999986 -0.00361107 0.00123186 0.00266306 0.00360054 0.99999 0.156607
0.999987 -0.00436053 -0.00257864 -0.00317253 0.00435028 0.999983 -0.00396529 0.001238 0.00259588 0.00395403 0.999989 0.15918
0.999989 -0.00395308 -0.00242113 -0.00288069 0.00394375 0.999985 -0.00384574 0.00162669 0.0024363 0.00383615 0.99999 0.161804
0.999989 -0.00391735 -0.00249607 -0.00260767 0.00390754 0.999985 -0.00392148 0.00131236 0.00251139 0.00391169 0.999989 0.163895
0.999988 -0.00411769 -0.00265602 -0.00327377 0.00410747 0.999984 -0.00384393 0.0013554 0.00267181 0.00383298 0.999989 0.166943
0.999988 -0.00405297 -0.00264524 -0.00319813 0.00404245 0.999984 -0.00397097 0.00140228 0.00266129 0.00396023 0.999989 0.168582
0.999989 -0.00382442 -0.00261676 -0.00275099 0.0038138 0.999985 -0.00405245 0.0017567 0.00263222 0.00404243 0.999988 0.172148
0.999985 -0.00472051 -0.00293307 -0.00309885 0.00470807 0.99998 -0.00423246 0.00140152 0.00295299 0.00421859 0.999987 0.174032
0.999987 -0.00430588 -0.00274435 -0.00361058 0.00429348 0.999981 -0.00450837 0.00152093 0.00276371 0.00449653 0.999986 0.176608
0.999987 -0.00440849 -0.00246861 -0.00272551 0.00439815 0.999982 -0.00417775 0.00152292 0.00248699 0.00416684 0.999988 0.179835
0.999988 -0.00419433 -0.00256601 -0.00331891 0.00418266 0.999981 -0.00453654 0.00164326 0.00258499 0.00452576 0.999986 0.183085
0.999986 -0.00440818 -0.00293528 -0.00383018 0.00439437 0.999979 -0.00469472 0.00162548 0.00295591 0.00468175 0.999985 0.184882
0.999987 -0.00431207 -0.00283856 -0.00317282 0.0042979 0.999978 -0.00498024 0.00128711 0.00285997 0.00496797 0.999984 0.188459
0.999988 -0.00372467 -0.00318474 -0.00304319 0.00370808 0.99998 -0.00520179 0.00153457 0.00320405 0.00518992 0.999981 0.189152
0.999992 -0.00361191 -0.00153419 -0.00414196 0.00360376 0.99998 -0.00528037 0.00153382 0.00155323 0.0052748 0.999985 0.189995
0.999992 -0.00354007 -0.00184227 -0.00673306 0.00353018 0.999979 -0.00534593 0.00128473 0.00186116 0.00533939 0.999984 0.189384
0.999993 -0.00342854 -0.00140422 -0.0094102 0.00342054 0.999978 -0.0056596 0.0015497 0.00142359 0.00565476 0.999983 0.190462
0.999992 -0.00366464 -0.00138954 -0.01063 0.00365664 0.999977 -0.00571575 0.00130315 0.00141045 0.00571062 0.999983 0.188818
0.999992 -0.00390034 -0.000797631 -0.0142366 0.00389581 0.999977 -0.00561002 0.000920343 0.000819493 0.00560687 0.999984 0.189384
0.999992 -0.00386394 -0.000797533 -0.0162661 0.00385938 0.999977 -0.00563429 0.00123194 0.000819285 0.00563117 0.999984 0.189367
0.999992 -0.00407261 -0.000526272 -0.0188386 0.00406965 0.999977 -0.00550832 0.0012793 0.000548693 0.00550613 0.999985 0.190394
0.999991 -0.00419003 -0.000298306 -0.0220608 0.00418831 0.999976 -0.00555999 0.000673043 0.000321596 0.0055587 0.999984 0.189804
0.999991 -0.00434182 -0.000159624 -0.0245178 0.00434092 0.999977 -0.00526133 0.00102864 0.000182464 0.00526059 0.999986 0.189762
0.999992 -0.00390544 0.000109452 -0.0268547 0.00390599 0.999977 -0.00551351 0.000928437 -8.79165e-05 0.0055139 0.999985 0.189546
0.999992 -0.00399175 0.000158683 -0.0291894 0.00399252 0.999979 -0.0051954 0.00129702 -0.000137941 0.00519599 0.999986 0.189562
0.999994 -0.00343201 0.000234982 -0.0309939 0.00343318 0.999981 -0.00518547 0.00109258 -0.000217181 0.00518625 0.999987 0.189661
0.999995 -0.00327541 -0.000166686 -0.0316626 0.00327452 0.999982 -0.0050845 0.00136592 0.000183337 0.00508393 0.999987 0.188783
0.999993 -0.00378263 -0.000606257 -0.0297966 0.00377936 0.999979 -0.00531221 0.00104412 0.000626339 0.00530988 0.999986 0.188483
0.999993 -0.00365118 -0.000786793 -0.0282346 0.0036468 0.999978 -0.00550653 0.00125711 0.000806881 0.00550362 0.999985 0.188475
0.999992 -0.00378535 -0.00105095 -0.0253529 0.00377948 0.999978 -0.00553929 0.000995768 0.0010719 0.00553528 0.999984 0.189242
0.999992 -0.00376974 -0.00128191 -0.0224179 0.00376243 0.999977 -0.00566122 0.00100766 0.00130322 0.00565635 0.999983 0.188004
0.999993 -0.00360149 -0.00115873 -0.0198673 0.00359495 0.999978 -0.00559441 0.001022 0.00117885 0.0055902 0.999984 0.187938
0.999994 -0.00314436 -0.00114753 -0.0176519 0.00313769 0.999978 -0.00576608 0.00124883 0.00116564 0.00576245 0.999983 0.188406
0.999994 -0.00309154 -0.0014192 -0.0148315 0.00308358 0.99998 -0.00558091 0.00105777 0.00143642 0.0055765 0.999983 0.188318
0.999992 -0.00356551 -0.00174247 -0.011781 0.00355557 0.999978 -0.00567854 0.00107664 0.00176267 0.0056723 0.999982 0.188018
0.999989 -0.00386961 -0.00248945 -0.00951954 0.003856 0.999978 -0.00545046 0.000936953 0.00251048 0.0054408 0.999982 0.187912
0.999991 -0.0031611 -0.00296431 -0.00767989 0.00314523 0.999981 -0.00534382 0.00159614 0.00298115 0.00533445 0.999981 0.188374
0.999987 -0.00365097 -0.003426 -0.00519089 0.00363525 0.999983 -0.0045819 0.00154346 0.00344267 0.00456939 0.999984 0.18723
0.999986 -0.00411099 -0.00330464 -0.00375332 0.00409732 0.999983 -0.00413158 0.00160368 0.00332157 0.00411798 0.999986 0.187972
0.999984 -0.00457723 -0.00324086 -0.00117506 0.0045627 0.99998 -0.00447406 0.0015727 0.00326127 0.0044592 0.999985 0.188043
0.999982 -0.00504359 -0.00325706 0.00179127 0.00502865 0.999977 -0.00457927 0.00179796 0.00328008 0.00456281 0.999984 0.188174
0.999985 -0.00457698 -0.00315655 0.00354487 0.00456183 0.999978 -0.00479121 0.00103092 0.00317841 0.00477674 0.999984 0.18853
0.999982 -0.00499885 -0.00333766 0.0064942 0.00498253 0.999976 -0.00487851 0.0011809 0.00336197 0.0048618 0.999983 0.187419
0.999983 -0.00471781 -0.0035123 0.00908396 0.00470092 0.999977 -0.00480095 0.00141926 0.00353487 0.00478435 0.999982 0.188271
0.999982 -0.00477737 -0.00368693 0.011711 0.00475913 0.999976 -0.00494047 0.00127312 0.00371045 0.00492283 0.999981 0.187602
0.999982 -0.00478938 -0.00373652 0.0140435 0.00477178 0.999978 -0.00470483 0.00148745 0.00375896 0.00468692 0.999982 0.187831
0.999982 -0.0045677 -0.00379361 0.0170603 0.00454928 0.999978 -0.00484781 0.00140942 0.00381567 0.00483046 0.999981 0.188024
0.999978 -0.00506715 -0.00433422 0.0194398 0.00504553 0.999975 -0.00498533 0.00143947 0.00435937 0.00496335 0.999978 0.188654
0.999978 -0.00511394 -0.00427428 0.022162 0.00509281 0.999975 -0.00493902 0.00156889 0.00429943 0.00491714 0.999979 0.187853
0.999983 -0.00429778 -0.00404537 0.0249941 0.00427842 0.999979 -0.00478228 0.00152427 0.00406584 0.00476488 0.99998 0.187619
0.999981 -0.00440486 -0.00434652 0.0267615 0.00438449 0.999979 -0.00468533 0.00181963 0.00436707 0.00466618 0.99998 0.187531
0.999979 -0.00442008 -0.0047658 0.0296903 0.00439798 0.99998 -0.00463807 0.00148047 0.0047862 0.00461701 0.999978 0.187836
0.999978 -0.00431452 -0.0050772 0.0315077 0.00429138 0.99998 -0.00455902 0.00169117 0.00509677 0.00453713 0.999977 0.187972
0.999975 -0.00480053 -0.00515213 0.0337616 0.00477669 0.999978 -0.00463029 0.00156671 0.00517424 0.00460557 0.999976 0.187776
0.999975 -0.00452079 -0.00544459 0.035538 0.00449621 0.99998 -0.00451715 0.00141247 0.0054649 0.00449256 0.999975 0.188622
0.999977 -0.00430177 -0.00530448 0.0388154 0.00427696 0.99998 -0.00467984 0.00167187 0.0053245 0.00465704 0.999975 0.188866
0.999975 -0.0045289 -0.00552005 0.0411567 0.00450445 0.99998 -0.00443245 0.00188844 0.00554001 0.00440747 0.999975 0.187682
0.999975 -0.00434938 -0.00553042 0.0435003 0.00432492 0.999981 -0.00442679 0.0017382 0.00554957 0.00440276 0.999975 0.188678
0.999979 -0.00358365 -0.00549113 0.0466408 0.00356057 0.999985 -0.00420671 0.00172843 0.00550612 0.00418706 0.999976 0.188054
0.999979 -0.00342603 -0.0055326 0.0489223 0.00340198 0.999985 -0.00435171 0.00198237 0.00554743 0.0043328 0.999975 0.188537
0.999976 -0.00386983 -0.00566089 0.051888 0.00384715 0.999985 -0.00401125 0.00235636 0.00567632 0.00398937 0.999976 0.187728
0.999982 -0.00301835 -0.00512042 0.0534558 0.00299829 0.999988 -0.00392246 0.00112466 0.0051322 0.00390704 0.999979 0.190196
0.999981 -0.00376612 -0.00484854 0.053178 0.00374539 0.999984 -0.00427639 0.00216343 0.00486457 0.00425815 0.999979 0.192964
0.99998 -0.00388077 -0.00489495 0.053225 0.00385928 0.999983 -0.00439199 0.00217803 0.00491191 0.00437302 0.999978 0.195904
0.99998 -0.00383803 -0.00497603 0.0533186 0.00381765 0.999984 -0.00409782 0.00189116 0.00499168 0.00407874 0.999979 0.199233
0.999982 -0.0036039 -0.00487739 0.0531436 0.00358304 0.999984 -0.00427849 0.00193005 0.00489273 0.00426093 0.999979 0.201621
0.999982 -0.0033992 -0.00484532 0.052563 0.0033747 0.999982 -0.00505631 0.00215222 0.00486242 0.00503987 0.999975 0.204653
0.999981 -0.00365527 -0.00488751 0.052937 0.00363002 0.99998 -0.00516419 0.00196024 0.00490629 0.00514635 0.999975 0.206636
0.999981 -0.00354835 -0.00500718 0.0534937 0.00352326 0.999981 -0.00501183 0.00197417 0.00502487 0.00499409 0.999975 0.209206
0.999981 -0.00312699 -0.00525752 0.0534582 0.00310103 0.999983 -0.00493857 0.00214488 0.00527287 0.00492217 0.999974 0.210737
0.999984 -0.00245673 -0.00508487 0.0529758 0.0024321 0.999985 -0.00484375 0.00187262 0.0050967 0.0048313 0.999975 0.214519
0.999985 -0.00230262 -0.00506289 0.0529202 0.00227867 0.999986 -0.00473042 0.00211539 0.00507371 0.00471881 0.999976 0.216407
0.999984 -0.00294515 -0.00481803 0.0535285 0.00292261 0.999985 -0.00467943 0.00201984 0.00483174 0.00466527 0.999977 0.218877
0.999986 -0.00249904 -0.00475369 0.053893 0.00247551 0.999985 -0.00494968 0.00177135 0.00476599 0.00493784 0.999976 0.221151
0.999985 -0.00252287 -0.00480046 0.0539603 0.00249953 0.999985 -0.00486056 0.00137604 0.00481265 0.00484849 0.999977 0.223694
0.999985 -0.00212201 -0.00507576 0.0538661 0.00209937 0.999988 -0.00446294 0.00171401 0.00508516 0.00445222 0.999977 0.226303
0.999988 -0.00145604 -0.00468933 0.0536265 0.00143287 0.999987 -0.00493994 0.00208232 0.00469646 0.00493316 0.999977 0.228252
0.999986 -0.00196161 -0.00494356 0.0539393 0.00193848 0.999987 -0.00467945 0.00200954 0.00495268 0.0046698 0.999977 0.230861
0.999987 -0.00106658 -0.0049797 0.0534726 0.00104243 0.999988 -0.00484908 0.002388 0.00498481 0.00484382 0.999976 0.234962
0.999987 -0.00141719 -0.00487751 0.0541357 0.00139245 0.999986 -0.00507192 0.00191215 0.00488463 0.00506506 0.999975 0.236855
0.999988 -0.000787425 -0.00479931 0.0538096 0.000763817 0.999988 -0.00491896 0.00230919 0.00480312 0.00491523 0.999976 0.23995
0.999988 -0.00145708 -0.00477394 0.0540951 0.00143344 0.999987 -0.00495077 0.00198872 0.00478109 0.00494386 0.999976 0.241054
0.999989 -0.000937945 -0.00450913 0.0537376 0.000913971 0.999985 -0.00531585 0.00234135 0.00451405 0.00531167 0.999976 0.243945
0.99999 -0.000629269 -0.00452924 0.0536529 0.000606042 0.999987 -0.00512786 0.00249929 0.00453241 0.00512506 0.999977 0.247055
0.999989 -4.00578e-05 -0.00472446 0.0539628 1.3138e-05 0.999984 -0.00569786 0.00225314 0.00472461 0.00569774 0.999973 0.248969
0.999988 0.000263102 -0.00485837 0.0543525 -0.00029199 0.999982 -0.0059462 0.00252803 0.00485672 0.00594755 0.999971 0.251971
0.99999 0.000443622 -0.0045573 0.0541084 -0.000471754 0.999981 -0.00617376 0.0021781 0.00455448 0.00617584 0.999971 0.254371
0.999989 0.000452435 -0.00461007 0.0544471 -0.000479024 0.999983 -0.00576828 0.00269585 0.00460738 0.00577043 0.999973 0.257151
0.999989 0.0007472 -0.00454331 0.0542319 -0.000773977 0.999982 -0.0058948 0.0023354 0.00453883 0.00589825 0.999972 0.2592
0.99999 3.35502e-05 -0.00449904 0.0543669 -5.89903e-05 0.999984 -0.00565456 0.00200204 0.00449877 0.00565477 0.999974 0.261282
0.99999 0.000782184 -0.00446769 0.0540446 -0.000806683 0.999985 -0.00548452 0.0024552 0.00446333 0.00548807 0.999975 0.264805
0.999991 0.000967642 -0.0041644 0.0542212 -0.000990577 0.999984 -0.00550883 0.00343562 0.004159 0.0055129 0.999976 0.266527
0.999991 0.00116511 -0.00403047 0.0532722 -0.00118869 0.999982 -0.00585382 0.0031191 0.00402357 0.00585856 0.999975 0.271068
0.999992 0.00096447 -0.00392626 0.0536069 -0.00098811 0.999981 -0.00602354 0.00297469 0.00392038 0.00602737 0.999974 0.274024
0.999992 0.00082795 -0.00389991 0.0531668 -0.000851757 0.999981 -0.00610679 0.00293066 0.00389478 0.00611007 0.999974 0.27647
0.999992 0.000843718 -0.00400628 0.0528315 -0.000868227 0.999981 -0.0061199 0.00285638 0.00400104 0.00612333 0.999973 0.279388
0.999993 -0.000789519 -0.00374175 0.0538778 0.000765618 0.999979 -0.00638475 0.00289792 0.00374672 0.00638184 0.999973 0.280509
0.999993 0.000474914 -0.00368584 0.0533729 -0.000498451 0.999979 -0.00638746 0.0033122 0.00368273 0.00638925 0.999973 0.283602
0.999994 -0.000101434 -0.00351561 0.0532799 7.89079e-05 0.999979 -0.00640689 0.0031001 0.00351619 0.00640658 0.999973 0.286559
0.999994 0.000166683 -0.00354032 0.0531256 -0.00018857 0.999981 -0.00618265 0.00326325 0.00353922 0.00618328 0.999975 0.288848
0.999993 0.000250005 -0.00364683 0.0532753 -0.000273037 0.99998 -0.00631641 0.00299767 0.00364517 0.00631737 0.999973 0.291766
0.999993 0.000295454 -0.00373441 0.0532919 -0.000318415 0.999981 -0.00614949 0.00296316 0.00373253 0.00615064 0.999974 0.293709
0.999993 0.000739826 -0.00362977 0.0526197 -0.000761923 0.999981 -0.00609014 0.00285761 0.0036252 0.00609286 0.999975 0.297195
0.999994 0.00048298 -0.00328811 0.0528731 -0.000503372 0.999981 -0.00620367 0.00283818 0.00328505 0.00620529 0.999975 0.298978
0.999995 0.000565057 -0.00314051 0.0534639 -0.000584031 0.999982 -0.0060441 0.00296248 0.00313703 0.0060459 0.999977 0.301263
0.999995 0.000773815 -0.00317466 0.0535643 -0.000792561 0.999982 -0.00590783 0.00270264 0.00317003 0.00591031 0.999978 0.304331
0.999995 0.000272498 -0.00319658 0.0535689 -0.000291925 0.999981 -0.00607852 0.00260873 0.00319486 0.00607942 0.999976 0.307544
0.999995 0.00015174 -0.00307513 0.0534696 -0.00017148 0.999979 -0.00642017 0.0025886 0.00307409 0.00642067 0.999975 0.309484
0.999996 0.000281672 -0.00271259 0.0537462 -0.000299285 0.999979 -0.00649458 0.00207289 0.00271071 0.00649537 0.999975 0.312224
0.999997 -0.00030164 -0.00258009 0.0532066 0.000285052 0.999979 -0.00642705 0.00197194 0.00258198 0.00642629 0.999976 0.314863
0.999998 -0.00029784 -0.00221085 0.0534615 0.000283642 0.999979 -0.00641945 0.00187851 0.00221271 0.00641881 0.999977 0.317083
0.999997 9.09683e-05 -0.00228281 0.0533074 -0.000106064 0.999978 -0.00661335 0.0017071 0.00228216 0.00661357 0.999976 0.319577
0.999998 1.71815e-06 -0.00222211 0.0536296 -1.61116e-05 0.999979 -0.00647739 0.00204407 0.00222205 0.00647741 0.999977 0.321108
0.999997 0.0003968 -0.00260598 0.053359 -0.000414381 0.999977 -0.00674944 0.00222959 0.00260324 0.0067505 0.999974 0.323988
0.999996 2.27003e-06 -0.00264885 0.0535416 -1.98923e-05 0.999978 -0.00665279 0.00223004 0.00264878 0.00665282 0.999974 0.326451
0.999997 -0.000181561 -0.00249696 0.0534009 0.000164119 0.999976 -0.00698386 0.00244371 0.00249817 0.00698342 0.999972 0.329301
0.999997 -1.44258e-05 -0.00232776 0.0534794 -1.29002e-06 0.999977 -0.00675132 0.002125 0.0023278 0.0067513 0.999975 0.332078
0.999997 -0.000150729 -0.00224742 0.0526832 0.000135929 0.999978 -0.00658392 0.0020737 0.00224836 0.0065836 0.999976 0.335487
0.999997 -0.000297451 -0.00239179 0.0533887 0.000281104 0.999977 -0.00683199 0.00189549 0.00239377 0.00683129 0.999974 0.337436
0.999997 -0.000671074 -0.00230162 0.0534871 0.000654556 0.999974 -0.00717 0.00170973 0.00230637 0.00716848 0.999972 0.340188
0.999998 -0.00102451 -0.00190535 0.0530129 0.00101094 0.999974 -0.00710813 0.00196019 0.00191258 0.00710618 0.999973 0.343161
0.999998 -0.00075509 -0.00188455 0.052789 0.000740713 0.999971 -0.00761819 0.00193059 0.00189025 0.00761678 0.999969 0.345393
0.999999 -0.000578122 -0.00152269 0.0527266 0.000566224 0.999969 -0.00780217 0.00173475 0.00152715 0.0078013 0.999968 0.347879
0.999998 -0.000905594 -0.00161967 0.052567 0.000892455 0.999967 -0.00809448 0.00177586 0.00162695 0.00809302 0.999966 0.35043
0.999998 -0.00112767 -0.00134022 0.0527345 0.00111667 0.999966 -0.00817437 0.00212782 0.0013494 0.00817286 0.999966 0.353017
0.999999 -0.00107227 -0.00128263 0.0535019 0.00106183 0.999967 -0.00811367 0.00194643 0.00129129 0.0081123 0.999966 0.355292
0.999999 -0.000946443 -0.00122824 0.0531365 0.000936436 0.999967 -0.00812206 0.001962 0.00123589 0.0081209 0.999966 0.358342
0.999999 -7.0347e-05 -0.00114314 0.052338 6.15077e-05 0.99997 -0.00773071 0.00329146 0.00114365 0.00773063 0.999969 0.360832
0.999999 -0.000255546 -0.00102864 0.052385 0.000247134 0.999967 -0.00816928 0.00371158 0.00103069 0.00816902 0.999966 0.363508
0.999999 -0.000400289 -0.000994695 0.05268 0.000392113 0.999966 -0.00820598 0.00381224 0.000997946 0.00820559 0.999966 0.36586
1 -0.000354842 -0.000911158 0.0518107 0.000347456 0.999967 -0.00809352 0.00373008 0.000914 0.0080932 0.999967 0.369192
1 -0.000281931 -0.000831265 0.0519735 0.000275066 0.999966 -0.00824615 0.00365409 0.000833561 0.00824592 0.999966 0.371189
0.999999 -0.00142196 -0.000765701 0.0516253 0.00141559 0.999965 -0.00825643 0.00348888 0.000777415 0.00825534 0.999966 0.37395
0.999998 -0.00159936 -0.001005 0.0515331 0.00159066 0.999962 -0.00859404 0.00316461 0.0010187 0.00859242 0.999963 0.376078
0.999998 -0.00200899 -0.000865746 0.051805 0.00200129 0.999959 -0.00879669 0.00237646 0.000883383 0.00879493 0.999961 0.379479
0.999998 -0.00183593 -0.000868415 0.0515171 0.0018282 0.999959 -0.00882064 0.0022976 0.000884574 0.00881903 0.999961 0.381624
0.999998 -0.00195709 -0.00104195 0.0514875 0.00194767 0.999958 -0.00896718 0.0023785 0.00105946 0.00896513 0.999959 0.38447
0.999998 -0.00195737 -0.00103679 0.0515081 0.00194794 0.999957 -0.00901511 0.00243807 0.00105439 0.00901306 0.999959 0.386819
0.999997 -0.00216506 -0.00106451 0.0517138 0.00215508 0.999955 -0.00928678 0.00255313 0.00108457 0.00928446 0.999956 0.389028
0.999997 -0.00222693 -0.00118895 0.0515784 0.00221531 0.999951 -0.00968075 0.00272623 0.00121045 0.00967809 0.999952 0.391862
0.999997 -0.00214243 -0.00137548 0.0512555 0.00212911 0.999952 -0.00961085 0.00261941 0.001396 0.00960789 0.999953 0.393907
0.999996 -0.00254428 -0.0012427 0.0515626 0.00253182 0.999948 -0.00992118 0.00267565 0.00126788 0.009918 0.99995 0.39647
0.999997 -0.00222465 -0.00122756 0.0515795 0.00221261 0.99995 -0.00971872 0.00292185 0.00124912 0.00971597 0.999952 0.39954
0.999996 -0.00237948 -0.00152872 0.0508249 0.00236442 0.999949 -0.00978271 0.00277588 0.00155192 0.00977905 0.999951 0.402163
0.999996 -0.00251113 -0.00139769 0.0506043 0.00249718 0.999948 -0.00989632 0.00294379 0.00142246 0.00989279 0.99995 0.404401
0.999997 -0.00192984 -0.00135383 0.0519017 0.00191671 0.999952 -0.00963554 0.00319302 0.00137236 0.00963292 0.999953 0.407026
0.999997 -0.00227495 -0.00122357 0.0517557 0.00226222 0.999944 -0.0103074 0.00284713 0.00124695 0.0103046 0.999946 0.409786
0.999997 -0.00234723 -0.00120429 0.0516246 0.00233435 0.999941 -0.0105897 0.00312021 0.00122907 0.0105868 0.999943 0.412639
0.999996 -0.00257998 -0.00134145 0.0510996 0.00256564 0.999941 -0.0105801 0.00253153 0.00136867 0.0105766 0.999943 0.415625
0.999996 -0.00244927 -0.00129675 0.0510148 0.00243507 0.999938 -0.0108405 0.00271933 0.00132322 0.0108373 0.99994 0.417623
0.999993 -0.00344412 -0.00120098 0.0510504 0.00343097 0.999936 -0.0107856 0.00237787 0.00123805 0.0107814 0.999941 0.420143
0.999995 -0.00300159 -0.000980978 0.0513516 0.00299064 0.999935 -0.0109761 0.00274449 0.00101386 0.0109732 0.999939 0.424528
0.999994 -0.00330559 -0.00121875 0.0512096 0.00329232 0.999937 -0.0107343 0.00272583 0.00125416 0.0107302 0.999942 0.427564
0.999994 -0.00320325 -0.00106894 0.0509888 0.00319141 0.999936 -0.0109 0.0026035 0.00110379 0.0108965 0.99994 0.430554
0.999994 -0.00331181 -0.00141703 0.0505413 0.00329592 0.999933 -0.0110711 0.00275292 0.0014536 0.0110663 0.999938 0.434195
0.999994 -0.00301291 -0.00141732 0.0507679 0.00299696 0.999934 -0.0111224 0.00259079 0.00145073 0.0111181 0.999937 0.437951
0.999994 -0.00314858 -0.00173616 0.0508746 0.00312925 0.999934 -0.0110269 0.00232214 0.00177077 0.0110214 0.999938 0.440958
0.999994 -0.00316183 -0.00167833 0.0504893 0.00314238 0.999929 -0.0114681 0.00296919 0.00171447 0.0114627 0.999933 0.443987
0.999993 -0.003394 -0.00167978 0.0503436 0.00337458 0.999929 -0.0114296 0.00253199 0.00171846 0.0114238 0.999933 0.447456
0.999993 -0.00342476 -0.00159431 0.0502237 0.00340599 0.999927 -0.0116283 0.00186737 0.00163402 0.0116228 0.999931 0.449815
0.999992 -0.00369886 -0.00173031 0.0508065 0.00367818 0.999924 -0.0118061 0.00211387 0.00177385 0.0117997 0.999929 0.454027
0.999991 -0.00356526 -0.00216191 0.0508611 0.00353922 0.999923 -0.0119299 0.00219411 0.00220428 0.0119221 0.999926 0.457446
0.99999 -0.00357364 -0.00255387 0.0501283 0.0035421 0.999919 -0.0122496 0.00195058 0.00259744 0.0122404 0.999922 0.461284
0.999989 -0.00373277 -0.00284222 0.0494073 0.00369798 0.999919 -0.012147 0.00177384 0.00288733 0.0121363 0.999922 0.464142
0.999992 -0.00292257 -0.00265624 0.0497979 0.0028894 0.999919 -0.0124033 0.00231235 0.00269227 0.0123956 0.99992 0.466518
0.999991 -0.00325782 -0.00278478 0.0500551 0.00322324 0.999919 -0.0123336 0.00236607 0.00282473 0.0123245 0.99992 0.469767
0.999989 -0.00337402 -0.00310237 0.0497215 0.00333427 0.999913 -0.0127285 0.00140158 0.00314505 0.012718 0.999914 0.47294
0.999991 -0.00286961 -0.00307795 0.0492022 0.00282911 0.99991 -0.0130853 0.00127827 0.00311523 0.0130765 0.99991 0.476718
0.999989 -0.00316993 -0.00334393 0.0490026 0.00312585 0.999909 -0.013108 0.00183419 0.00338518 0.0130974 0.999908 0.481369
