1 -0 0 -0 -0 1 -0 0 0 -0 1 0
1 -8.84039e-05 -0.000220005 9.46044e-05 8.83753e-05 1 -0.000130338 -4.05243e-05 0.000220017 0.000130319 1 -0.000132652
1 0.000390844 -1.91854e-05 -4.00236e-05 -0.000390854 1 -0.000517805 0.000297894 1.89831e-05 0.000517812 1 0.000707268
1 -5.62642e-05 -0.000206508 2.88236e-06 5.62708e-05 1 3.18562e-05 -0.000170598 0.000206506 -3.18678e-05 1 0.000123803
1 0.00026776 -2.85906e-05 -0.000195582 -0.000267778 1 -0.000629538 0.000529585 2.84221e-05 0.000629546 1 0.000458086
1 0.000211537 -0.000108149 0.000439828 -0.000211581 1 -0.00041167 0.000367047 0.000108062 0.000411693 1 0.000696783
1 -0.000260076 7.12095e-05 0.000147616 0.000260082 1 -8.26008e-05 0.000267061 -7.1188e-05 8.26193e-05 1 0.000388407
1 0.000298417 -0.000186361 0.000107139 -0.000298435 1 -9.33202e-05 -0.000106278 0.000186334 9.33758e-05 1 0.000179796
1 0.000352575 0.000129618 -4.32995e-05 -0.000352542 1 -0.000255729 -0.000110131 -0.000129708 0.000255683 1 -1.9067e-05
1 0.000104363 -0.000170344 -6.62417e-06 -0.000104456 1 -0.000549411 0.000545369 0.000170287 0.000549429 1 0.000352124
1 0.000144157 -3.57199e-05 9.37093e-05 -0.000144166 1 -0.000254232 -7.1794e-05 3.56833e-05 0.000254237 1 2.11257e-05
1 -0.00020445 -9.60737e-05 -0.000116637 0.000204449 1 -1.39888e-05 9.14503e-05 9.60765e-05 1.39692e-05 1 0.000668
1 -0.000385604 -5.20272e-05 -0.000144531 0.000385592 1 -0.00023172 0.000291046 5.21166e-05 0.0002317 1 0.01454
1 -9.71947e-05 9.98021e-05 -0.000202227 9.71744e-05 1 0.000203706 0.00022808 -9.98219e-05 -0.000203696 1 0.0412659
1 -0.00018001 0.000109709 2.52962e-05 0.000179986 1 0.000217328 0.000446264 -0.000109748 -0.000217308 1 0.0768161
1 0.000116866 2.58624e-05 -0.000450325 -0.000116857 1 -0.000369029 -0.000313366 -2.59055e-05 0.000369026 1 0.117926
1 0.000462717 0.000134423 -0.000648774 -0.000462661 1 -0.000413225 -9.01872e-05 -0.000134614 0.000413163 1 0.153023
1 -0.000273722 8.41649e-05 -0.000782462 0.000273769 1 -0.000561508 -0.000127516 -8.40112e-05 0.000561531 1 0.19045
1 -0.000131991 0.000161411 -0.000920891 0.000132022 1 -0.000190576 0.0002809 -0.000161386 0.000190597 1 0.234726
1 0.000254698 -7.51402e-05 -0.000221094 -0.000254711 1 -0.000169213 -0.000185165 7.50971e-05 0.000169232 1 0.282092
1 -0.000191978 8.50186e-05 -0.00130721 0.000192006 1 -0.000333326 0.000174249 -8.49547e-05 0.000333342 1 0.335627
1 -0.000948974 0.000238694 -0.000140234 0.000949138 0.999999 -0.000688848 0.000209721 -0.00023804 0.000689074 1 0.389995
1 -0.000224901 0.000394943 -0.000325024 0.000225089 1 -0.000476513 0.0009019 -0.000394836 0.000476602 1 0.444576
0.999999 -0.000841903 0.000856733 -3.38353e-05 0.000841918 1 -1.67955e-05 0.00156605 -0.000856718 1.75168e-05 1 0.501381
0.999999 -0.000982254 0.000823737 7.14894e-05 0.000982175 1 9.65802e-05 0.00202555 -0.000823832 -9.57711e-05 1 0.559069
1 -0.000374091 0.000643642 -9.95968e-05 0.000374324 1 -0.000362216 0.00157597 -0.000643506 0.000362457 1 0.617159
0.999999 -0.000658707 0.000881285 -0.000151968 0.000658533 1 0.000197722 0.00262656 -0.000881415 -0.000197142 1 0.676235
1 -4.51792e-05 0.000730473 0.000161379 4.53886e-05 1 -0.000286694 0.00164232 -0.00073046 0.000286727 1 0.735015
0.999999 -0.000896071 0.00120142 -0.000448522 0.000896356 1 -0.000236647 0.00277158 -0.00120121 0.000237724 0.999999 0.795194
0.999999 -0.000730694 0.00116639 -0.000197124 0.000731149 1 -0.000390262 0.00319888 -0.0011661 0.000391114 0.999999 0.855154
0.999999 -0.000601529 0.000920326 -0.00101251 0.000602136 1 -0.000659174 0.00278479 -0.00091993 0.000659728 0.999999 0.914438
0.999999 -0.000818192 0.000853739 -0.00125189 0.000819129 0.999999 -0.00109725 0.00266527 -0.00085284 0.00109795 0.999999 0.974734
0.999998 -0.000892156 0.00152804 -0.00137151 0.000893865 0.999999 -0.00111763 0.00296994 -0.00152704 0.00111899 0.999998 1.03359
0.999999 -0.000940791 0.0012106 -0.00156436 0.000941816 0.999999 -0.000846841 0.00243706 -0.0012098 0.00084798 0.999999 1.0935
0.999998 -0.00130875 0.00153724 -0.00197711 0.00131005 0.999999 -0.000841582 0.00260366 -0.00153614 0.000843594 0.999998 1.15247
0.999999 -0.00100584 0.00102398 -0.00214464 0.00100657 0.999999 -0.000715818 0.00237171 -0.00102325 0.000716848 0.999999 1.21367
0.999999 -0.000832511 0.000630194 -0.00237599 0.000833286 0.999999 -0.00123083 0.00246382 -0.000629168 0.00123136 0.999999 1.2709
0.999999 -0.00109628 0.000545732 -0.00200408 0.00109691 0.999999 -0.00116738 0.0021383 -0.000544451 0.00116798 0.999999 1.32963
0.999999 -0.00113165 0.00112904 -0.0030073 0.00113298 0.999999 -0.00117834 0.00288154 -0.0011277 0.00117962 0.999999 1.39193
0.999998 -0.00130185 0.00125239 -0.00347325 0.00130338 0.999998 -0.00122892 0.00295276 -0.00125078 0.00123055 0.999998 1.45238
0.999999 -0.000877113 0.000898231 -0.00329625 0.000878003 0.999999 -0.000990863 0.00379111 -0.000897361 0.000991651 0.999999 1.51193
0.999999 -0.000738525 0.00107735 -0.00364821 0.000740088 0.999999 -0.00145131 0.00366146 -0.00107628 0.00145211 0.999998 1.57121
0.999999 -0.000799292 0.000883777 -0.00335807 0.000800616 0.999999 -0.00149885 0.0034369 -0.000882578 0.00149956 0.999998 1.63078
0.999999 -0.000832951 0.000895189 -0.0035141 0.000834347 0.999998 -0.00156038 0.00396147 -0.000893888 0.00156112 0.999998 1.6899
0.999999 -0.00110997 0.000667607 -0.0033843 0.00111085 0.999999 -0.00131616 0.00401824 -0.000666145 0.0013169 0.999999 1.75061
0.999998 -0.00154328 0.000786504 -0.00340573 0.00154473 0.999997 -0.00184524 0.00424862 -0.000783654 0.00184645 0.999998 1.81016
0.999999 -0.00122036 0.000839377 -0.00372697 0.00122201 0.999997 -0.00196114 0.00420717 -0.000836982 0.00196216 0.999998 1.87055
0.999998 -0.00171577 0.00113704 -0.00356769 0.00171767 0.999997 -0.00167283 0.00472805 -0.00113417 0.00167478 0.999998 1.93108
0.999998 -0.00177233 0.00101519 -0.00372034 0.0017746 0.999996 -0.00223662 0.00478348 -0.00101123 0.00223842 0.999997 1.99002
0.999998 -0.00188549 0.00112216 -0.00343516 0.00188742 0.999997 -0.00172474 0.00487019 -0.00111891 0.00172685 0.999998 2.04971
0.999998 -0.00175705 0.000775644 -0.00367277 0.00175857 0.999997 -0.00196019 0.00480217 -0.000772197 0.00196155 0.999998 2.1101
0.999997 -0.0021341 0.000862818 -0.00333153 0.0021357 0.999996 -0.00185456 0.004891 -0.000858856 0.0018564 0.999998 2.1696
0.999998 -0.00157295 0.00119191 -0.00317837 0.00157554 0.999996 -0.00217904 0.00526632 -0.00118848 0.00218092 0.999997 2.22895
0.999998 -0.00176142 0.00104528 -0.00321723 0.00176362 0.999996 -0.00210802 0.00505486 -0.00104156 0.00210986 0.999997 2.28944
0.999998 -0.00190486 0.00104645 -0.00326931 0.00190769 0.999995 -0.00270452 0.00482235 -0.0010413 0.00270651 0.999996 2.34888
0.999998 -0.00164832 0.00118735 -0.00304649 0.00165162 0.999995 -0.00278771 0.0045751 -0.00118275 0.00278966 0.999995 2.40902
0.999999 -0.000982741 0.00112154 -0.00346152 0.000986496 0.999994 -0.00335214 0.0045302 -0.00111824 0.00335324 0.999994 2.46894
0.999998 -0.00113698 0.00142218 -0.0033651 0.00114119 0.999995 -0.00296346 0.00431898 -0.0014188 0.00296508 0.999995 2.5285
0.999998 -0.00137711 0.00129204 -0.00393304 0.00138132 0.999994 -0.00325852 0.00428369 -0.00128754 0.0032603 0.999994 2.58847
0.999998 -0.00128415 0.00142411 -0.00409308 0.00128899 0.999993 -0.0034058 0.00413284 -0.00141973 0.00340763 0.999993 2.64809
0.999998 -0.00141116 0.00155701 -0.00323343 0.00141731 0.999991 -0.00395411 0.00364879 -0.00155142 0.00395631 0.999991 2.71047
0.999998 -0.00142423 0.00157854 -0.00379692 0.00143053 0.999991 -0.00399616 0.00369673 -0.00157283 0.00399841 0.999991 2.76919
0.999997 -0.00211872 0.00126518 -0.00314661 0.00212341 0.999991 -0.00371965 0.00419589 -0.00125729 0.00372232 0.999992 2.82907
0.999997 -0.00131006 0.00189629 -0.00366919 0.00131684 0.999993 -0.00357812 0.00353013 -0.00189159 0.00358061 0.999992 2.88877
0.999998 -0.000633553 0.0019705 -0.00353848 0.000639653 0.999995 -0.00309644 0.00376984 -0.00196852 0.0030977 0.999993 2.94907
0.999998 -0.000397511 0.00206326 -0.00427882 0.000405028 0.999993 -0.00364422 0.00431949 -0.0020618 0.00364505 0.999991 3.00882
0.999998 -0.00139209 0.00139653 -0.00461312 0.00139684 0.999993 -0.00340533 0.00409061 -0.00139178 0.00340727 0.999993 3.06814
0.999996 -0.00171767 0.00212886 -0.00273693 0.00172585 0.999991 -0.00384305 0.00150532 -0.00212224 0.00384671 0.99999 3.12801
0.999996 -0.00199387 0.00204828 -0.00326174 0.0020013 0.999991 -0.00363238 0.00172338 -0.00204102 0.00363647 0.999991 3.18881
0.999996 -0.00200036 0.001837 -0.00289526 0.00200795 0.999989 -0.00413656 0.0019871 -0.00182871 0.00414023 0.99999 3.24753
0.999995 -0.00147531 0.00278683 -0.0034395 0.00148633 0.999991 -0.00395647 0.00188506 -0.00278097 0.00396059 0.999988 3.306
0.999996 -0.00156215 0.00243599 -0.00323066 0.00157163 0.999991 -0.00389367 0.00220563 -0.00242989 0.00389748 0.999989 3.36656
0.999995 -0.000872191 0.00311201 -0.00219414 0.000885055 0.999991 -0.00413481 0.00180538 -0.00310838 0.00413754 0.999987 3.42548
0.999996 -0.00108925 0.00245389 -0.00340852 0.00109914 0.999991 -0.00403037 0.0030623 -0.00244948 0.00403305 0.999989 3.48581
0.999993 -0.00184647 0.00320233 -0.00126267 0.00185628 0.999994 -0.00306446 0.00134945 -0.00319665 0.00307038 0.99999 3.52833
0.999993 -0.00201305 0.00320005 -0.00157822 0.00202428 0.999992 -0.00351245 0.00189811 -0.00319296 0.00351891 0.999989 3.56225
0.999998 -0.00156366 0.00155328 -0.00217316 0.00156939 0.999992 -0.00369282 0.00183522 -0.00154749 0.00369525 0.999992 3.58586
0.999845 -0.000488714 -0.0176049 -0.00517246 0.000430017 0.999994 -0.00333776 0.00220692 0.0176065 0.00332967 0.999839 3.60425
0.998633 -0.00182684 -0.0522412 -0.0100559 0.00163886 0.999992 -0.00364103 0.00127537 0.0522474 0.00355044 0.998628 3.61606
0.995562 -0.00123713 -0.0940998 -0.0178565 0.000926491 0.999994 -0.00334483 0.00240437 0.0941034 0.0032428 0.995557 3.6269
0.99022 -0.00207795 -0.1395 -0.0242202 0.00147293 0.999989 -0.00444014 0.00181363 0.139507 0.00419124 0.990212 3.63436
0.982435 -0.0020365 -0.186596 -0.0311731 0.00120393 0.999989 -0.00457511 0.000870878 0.186603 0.0042701 0.982426 3.63967
0.9721 -0.00149061 -0.234562 -0.0418531 0.000456685 0.99999 -0.00446216 0.00146005 0.234566 0.00423055 0.972091 3.63918
0.959491 -0.00190363 -0.281734 -0.0489655 0.000497352 0.999987 -0.00506295 0.00155327 0.28174 0.00471773 0.959479 3.64206
0.943945 -0.00171441 -0.330098 -0.0581546 0.00010483 0.999988 -0.00489379 0.00127765 0.330102 0.00458487 0.943934 3.64328
0.926305 -0.00132556 -0.376773 -0.0660926 -0.000356799 0.99999 -0.00439536 0.00282591 0.376775 0.00420587 0.926295 3.64456
0.906191 -0.00225451 -0.422863 -0.0735268 -3.21999e-05 0.999985 -0.00540046 0.00245223 0.422869 0.00490746 0.906178 3.64392
0.884436 -0.00194715 -0.466657 -0.0803045 -0.000511823 0.999987 -0.00514254 0.00335669 0.466661 0.00478709 0.884423 3.64314
0.859836 -0.00293161 -0.510562 -0.0880699 0.000163347 0.999985 -0.00546675 0.00374567 0.510571 0.0046171 0.859823 3.64047
0.832833 -0.00199978 -0.55352 -0.0977492 -0.00145998 0.999982 -0.00580947 0.000735381 0.553522 0.00564645 0.832815 3.64084
0.773349 -0.00259286 -0.633975 -0.112561 -0.00120911 0.999984 -0.0055647 0.00133044 0.633979 0.00507 0.773334 3.63696
0.740792 -0.00256879 -0.67173 -0.120906 -0.00325659 0.999967 -0.00741542 -0.0012447 0.671727 0.00768083 0.740759 3.63501
0.706156 -0.00162897 -0.708054 -0.126057 -0.00469784 0.999965 -0.0069858 0.000183197 0.70804 0.0082594 0.706124 3.62902
0.66996 -0.00250662 -0.742393 -0.13135 -0.0035895 0.999972 -0.0066156 0.00178392 0.742389 0.00709701 0.669932 3.62469
0.631113 -0.00213739 -0.775688 -0.137978 -0.00395937 0.999974 -0.00597682 0.00138559 0.775681 0.00684328 0.631088 3.61781
0.591689 -0.0032596 -0.80616 -0.141095 -0.00318648 0.999975 -0.00638201 0.00371542 0.80616 0.00634498 0.591664 3.61313
0.550332 -0.00189475 -0.834944 -0.149543 -0.00411266 0.999979 -0.00498002 0.00273682 0.834936 0.00617451 0.550312 3.60675
0.508527 -0.00240874 -0.861042 -0.153947 -0.00359258 0.999981 -0.00491918 0.00281015 0.861038 0.0055949 0.508509 3.60171
0.464625 -0.00308331 -0.885502 -0.158265 -0.00388062 0.999977 -0.00551808 0.00460823 0.885499 0.00600013 0.464603 3.59483
0.418823 -0.00266229 -0.908064 -0.16821 -0.00589387 0.999967 -0.00565014 0.0012479 0.908049 0.00771842 0.418793 3.59123
0.373662 -0.00219338 -0.927562 -0.172581 -0.00671597 0.999965 -0.00507007 0.00220461 0.927541 0.00812398 0.373634 3.5848
0.326027 -0.00375524 -0.945353 -0.179473 -0.00559129 0.999967 -0.00590047 0.000327592 0.945344 0.00720946 0.325995 3.57965
0.27948 -0.00413106 -0.960143 -0.181743 -0.00568995 0.999966 -0.00595864 0.00158818 0.960135 0.00712849 0.279447 3.5725
0.231939 -0.00344003 -0.972724 -0.184561 -0.0072571 0.99996 -0.00526676 0.00312224 0.972703 0.00828073 0.231905 3.56561
0.201603 -0.00348813 -0.979461 -0.188842 -0.00608651 0.99997 -0.00481396 0.00263491 0.979448 0.00693201 0.201576 3.56067
0.185554 -0.00304224 -0.982629 -0.187113 -0.00638929 0.99997 -0.00430245 0.00473199 0.982613 0.00707664 0.185529 3.55662
0.178045 -0.00344167 -0.984016 -0.18907 -0.00590254 0.999972 -0.00456546 0.00331076 0.984005 0.00662105 0.178019 3.55792
0.174227 -0.0032725 -0.9847 -0.189919 -0.00605388 0.999972 -0.00439439 0.00358317 0.984687 0.00672688 0.174203 3.55729
0.171811 -0.00338378 -0.985124 -0.202607 -0.00676666 0.999966 -0.00461491 0.0033518 0.985107 0.00745889 0.171782 3.55922
0.171098 -0.00409235 -0.985246 -0.231339 -0.00618321 0.999967 -0.00522728 0.00158399 0.985235 0.00698636 0.171067 3.56382
0.170406 -0.00417528 -0.985365 -0.265734 -0.00629132 0.999966 -0.00532515 0.00144846 0.985354 0.00710668 0.170374 3.56993
0.169848 -0.00362923 -0.985464 -0.307327 -0.00657541 0.999967 -0.00481593 0.00179018 0.985448 0.00729781 0.169818 3.57644
0.169765 -0.003576 -0.985478 -0.342413 -0.00617691 0.99997 -0.00469266 0.000634709 0.985465 0.00688386 0.169738 3.58113
0.169536 -0.00379254 -0.985517 -0.379075 -0.00581231 0.999971 -0.00484805 0.000386965 0.985507 0.00655005 0.169509 3.5877
0.168031 -0.00355336 -0.985775 -0.42264 -0.00644848 0.999968 -0.0047037 0.00160731 0.985761 0.00714712 0.168003 3.59362
0.149063 -0.00372604 -0.988821 -0.47171 -0.00628253 0.999969 -0.00471513 0.00156114 0.988808 0.00691515 0.149035 3.60061
0.114351 -0.00347553 -0.993434 -0.523266 -0.00649842 0.99997 -0.0042464 0.000212504 0.993419 0.00694133 0.114325 3.60333
0.0721711 -0.00329456 -0.997387 -0.5655 -0.00700873 0.999968 -0.00381024 0.000744178 0.997368 0.00726541 0.0721457 3.60303
0.0277559 -0.00318862 -0.99961 -0.609106 -0.00671125 0.999972 -0.00337613 0.0012667 0.999592 0.00680234 0.0277337 3.60118
0.000887302 -0.00347168 -0.999994 -0.65667 -0.00599874 0.999976 -0.00347694 0.00247777 0.999982 0.00600178 0.000866455 3.60086
-0.0141527 -0.00326395 -0.999895 -0.707036 -0.00636955 0.999975 -0.00317406 0.00268761 0.99988 0.00632396 -0.0141731 3.60119
-0.0213308 -0.00363768 -0.999766 -0.759743 -0.00677637 0.999971 -0.00349385 0.00228877 0.99975 0.00670026 -0.0213549 3.60284
-0.0267042 -0.00341074 -0.999638 -0.801612 -0.00617371 0.999976 -0.00324697 0.000229995 0.999624 0.00608477 -0.0267246 3.60293
-0.0485797 -0.00360458 -0.998813 -0.832315 -0.00615193 0.999976 -0.00330957 -0.00020906 0.9988 0.00598385 -0.0486007 3.60091
-0.0834988 -0.00345611 -0.996502 -0.852369 -0.0061885 0.999977 -0.00294961 0.000902117 0.996489 0.00592056 -0.0835183 3.59554
-0.125028 -0.00361197 -0.992147 -0.867704 -0.00638806 0.999976 -0.00283546 0.0023372 0.992133 0.00598338 -0.125048 3.58881
-0.171593 -0.00370604 -0.985161 -0.883364 -0.00671855 0.999974 -0.00259154 0.000773617 0.985145 0.00617416 -0.171613 3.58206
-0.21683 -0.00367099 -0.976203 -0.890683 -0.00627173 0.999978 -0.00236735 0.00208499 0.976189 0.00560916 -0.216848 3.5756
-0.26463 -0.00326713 -0.964344 -0.898095 -0.0067827 0.999976 -0.00152658 0.00278742 0.964326 0.00613688 -0.264646 3.5684
-0.311069 -0.00380236 -0.95038 -0.901031 -0.00589041 0.999981 -0.00207282 0.0019247 0.950369 0.00495333 -0.311085 3.56012
-0.358639 -0.0050748 -0.933462 -0.90767 -0.00701472 0.999972 -0.0027413 -0.000815105 0.93345 0.00556484 -0.358665 3.55192
-0.404005 -0.00533809 -0.914741 -0.906161 -0.00708061 0.999971 -0.00270824 0.000457906 0.914729 0.00538279 -0.404031 3.54546
-0.449355 -0.00417274 -0.893343 -0.908637 -0.00608722 0.99998 -0.00160893 0.00168504 0.893332 0.00471499 -0.449372 3.53771
-0.493058 -0.00506374 -0.869981 -0.908591 -0.00692441 0.999974 -0.00189599 0.000809798 0.869969 0.00508927 -0.493081 3.52985
-0.537375 -0.00462107 -0.843331 -0.910028 -0.00713053 0.999974 -0.000935792 -0.000615518 0.843314 0.00551052 -0.537394 3.52047
-0.578635 -0.00410919 -0.815577 -0.906148 -0.00633905 0.99998 -0.000540857 0.000283346 0.815562 0.00485702 -0.578649 3.5148
-0.617939 -0.00463482 -0.786212 -0.905534 -0.00718439 0.999974 -0.000248252 0.000698054 0.786193 0.00549505 -0.617957 3.50679
-0.656035 -0.00430886 -0.754718 -0.901775 -0.006593 0.999978 2.18385e-05 0.00156562 0.754701 0.00499018 -0.65605 3.50004
-0.693537 -0.00376081 -0.720411 -0.898462 -0.0064594 0.999979 0.000998183 0.00243795 0.720392 0.0053457 -0.693546 3.49223
-0.728433 -0.00272418 -0.685112 -0.895258 -0.00581805 0.999981 0.00220976 0.0034461 0.685093 0.00559568 -0.728434 3.4858
-0.761831 -0.00284764 -0.64777 -0.88921 -0.00551744 0.999983 0.00209297 0.00450021 0.647753 0.00516852 -0.761833 3.48137
-0.793815 -0.00275337 -0.608153 -0.883044 -0.00565287 0.99998 0.00285129 0.00697056 0.608133 0.00570121 -0.793815 3.47597
-0.822341 -0.00251985 -0.56899 -0.880669 -0.00589883 0.999974 0.00409685 0.00719361 0.568965 0.00672538 -0.822335 3.47
-0.848968 -0.00221464 -0.52844 -0.876595 -0.00549096 0.999974 0.00463075 0.00845587 0.528416 0.006833 -0.848958 3.4655
-0.87467 -0.00210242 -0.484714 -0.869964 -0.00537823 0.999971 0.00536774 0.00920474 0.484689 0.0073019 -0.874656 3.46082
-0.897651 -0.00220364 -0.440702 -0.863458 -0.00536342 0.999968 0.00592443 0.0112566 0.440675 0.00768173 -0.897634 3.45647
-0.918729 -0.00134529 -0.394886 -0.85592 -0.00417045 0.999971 0.00629617 0.0124012 0.394866 0.00743133 -0.918709 3.45431
-0.937547 -0.000541379 -0.347859 -0.853338 -0.00325517 0.999969 0.00721704 0.0121701 0.347845 0.00789866 -0.937519 3.44539
-0.953267 0.000313699 -0.302128 -0.846547 -0.00198904 0.999971 0.00731403 0.0139464 0.302122 0.00757317 -0.953239 3.44287
-0.967296 0.00138158 -0.253646 -0.837894 -0.000736437 0.999966 0.00825516 0.0158573 0.253649 0.00817198 -0.967262 3.43964
-0.979064 -2.13971e-05 -0.203554 -0.829877 -0.00210114 0.999948 0.0100011 0.0176688 0.203543 0.0102194 -0.979013 3.4351
-0.987853 6.26332e-05 -0.15539 -0.823212 -0.00153298 0.999947 0.0101485 0.0197194 0.155383 0.0102635 -0.987801 3.43496
-0.994359 0.00128313 -0.106057 -0.815371 0.000148244 0.999943 0.0107079 0.0204015 0.106065 0.0106318 -0.994302 3.43442
-0.99844 0.000549198 -0.0558271 -0.807614 -7.6087e-05 0.999937 0.0111977 0.0206419 0.0558297 0.0111844 -0.998378 3.42515
-0.999664 0.00129631 -0.0259016 -0.804482 0.0010015 0.999935 0.0113916 0.0217512 0.0259147 0.0113618 -0.9996 3.4124
-0.999942 0.000430276 -0.0107384 -0.803719 0.000313395 0.999941 0.0108837 0.0204241 0.0107425 0.0108798 -0.999883 3.38325
-0.999997 -7.87367e-05 -0.00230523 -0.803101 -0.000104297 0.999938 0.0110901 0.0208606 0.00230421 0.0110904 -0.999936 3.34845
-0.999998 0.000741722 0.0017274 -0.802511 0.000761293 0.999935 0.011357 0.02171 -0.00171887 0.0113583 -0.999934 3.30732
-0.999992 0.000537982 0.00394525 -0.802893 0.000581048 0.99994 0.0109231 0.0228952 -0.00393914 0.0109253 -0.999933 3.25992
-0.999988 0.000857618 0.00479319 -0.80306 0.000911345 0.999937 0.0112181 0.0231419 -0.00478327 0.0112223 -0.999926 3.21102
-0.999986 0.000334124 0.00525869 -0.802583 0.000391477 0.99994 0.010909 0.0243698 -0.00525473 0.0109109 -0.999927 3.15531
-0.999983 0.00113853 0.00574837 -0.801728 0.00120257 0.999937 0.0111485 0.0252986 -0.00573532 0.0111552 -0.999921 3.10027
-0.999982 0.000938293 0.00589488 -0.802037 0.00100433 0.999937 0.0112093 0.0260769 -0.00588399 0.011215 -0.99992 3.04435
-0.99998 0.00128242 0.00622923 -0.800283 0.00135223 0.999936 0.011216 0.0265464 -0.00621445 0.0112242 -0.999918 2.9876
-0.999979 0.00122793 0.00632732 -0.799979 0.00129868 0.999937 0.0111903 0.027573 -0.00631318 0.0111983 -0.999917 2.92799
-0.999978 0.000912551 0.00649796 -0.800806 0.000984263 0.999939 0.0110414 0.027626 -0.00648749 0.0110476 -0.999918 2.86977
-0.99998 0.00129615 0.00624777 -0.801183 0.00136406 0.99994 0.0108774 0.0280481 -0.0062333 0.0108857 -0.999921 2.81178
-0.999983 0.00138902 0.00557674 -0.801569 0.0014485 0.999942 0.0106752 0.02925 -0.00556159 0.0106831 -0.999927 2.75453
-0.999983 0.00188073 0.00548421 -0.801861 0.00193798 0.999943 0.0104537 0.0298792 -0.00546424 0.0104642 -0.99993 2.69348
-0.999984 0.00161827 0.00544061 -0.801573 0.00167543 0.999943 0.0105175 0.0299799 -0.00542328 0.0105264 -0.99993 2.63514
-0.999982 0.00117917 0.00586212 -0.801087 0.0012387 0.999948 0.0101622 0.0311816 -0.00584983 0.0101693 -0.999931 2.57563
-0.999985 0.00112385 0.00538193 -0.801354 0.00117956 0.999946 0.0103595 0.0324085 -0.00537 0.0103657 -0.999932 2.51595
-0.999982 0.000922121 0.00590309 -0.800774 0.000983441 0.999946 0.0103934 0.0334566 -0.00589318 0.010399 -0.999929 2.45629
-0.999985 0.000892593 0.00544226 -0.800154 0.000948658 0.999946 0.010308 0.0339123 -0.00543277 0.010313 -0.999932 2.39635
-0.999986 0.000823711 0.00525909 -0.79991 0.00087798 0.999946 0.010325 0.0343865 -0.0052503 0.0103295 -0.999933 2.33641
-0.999986 0.00034961 0.00522843 -0.799401 0.000403164 0.999947 0.0102452 0.0351625 -0.00522457 0.0102472 -0.999934 2.27655
-0.999984 0.00054543 0.00561591 -0.798882 0.000598825 0.999955 0.00951043 0.0356816 -0.00561047 0.00951364 -0.999939 2.21616
-0.999986 0.00053394 0.00526812 -0.799587 0.000586672 0.99995 0.0100133 0.0373398 -0.00526251 0.0100162 -0.999936 2.15669
-0.999986 0.000389859 0.00522808 -0.799366 0.000441583 0.999951 0.00989587 0.0377401 -0.00522397 0.00989804 -0.999937 2.09714
-0.999986 6.09284e-05 0.00527639 -0.799265 0.000113148 0.999951 0.00989711 0.0388561 -0.00527553 0.00989757 -0.999937 2.03744
-0.999987 0.000122138 0.00515336 -0.798487 0.000173316 0.999951 0.00993172 0.0389993 -0.00515189 0.00993248 -0.999937 1.97772
-0.999986 0.000365583 0.00536156 -0.79805 0.000415764 0.999956 0.00936122 0.0397808 -0.0053579 0.00936332 -0.999942 1.91747
-0.999987 0.000666485 0.00514819 -0.797932 0.000714212 0.999957 0.00927441 0.0403849 -0.00514178 0.00927796 -0.999944 1.85793
-0.999985 0.000855692 0.00538721 -0.797111 0.000905855 0.999956 0.00931598 0.0412416 -0.005379 0.00932072 -0.999942 1.79828
-0.999987 0.000901682 0.00497657 -0.796778 0.000947883 0.999956 0.00928909 0.0419706 -0.00496797 0.00929369 -0.999944 1.73828
-0.999986 0.00064435 0.00519862 -0.795798 0.000691007 0.999959 0.0089781 0.0422987 -0.00519262 0.00898157 -0.999946 1.67847
-0.999986 0.000499473 0.00523264 -0.795297 0.000544892 0.999962 0.00868217 0.0425076 -0.00522811 0.0086849 -0.999949 1.61807
-0.999987 0.000575057 0.00504078 -0.794732 0.000618466 0.999963 0.0086142 0.0430688 -0.00503563 0.00861721 -0.99995 1.55748
-0.999988 5.36185e-05 0.00497481 -0.794231 9.40299e-05 0.999967 0.00812333 0.0435312 -0.00497421 0.00812369 -0.999955 1.49831
-0.999987 0.000433827 0.00512313 -0.793869 0.000475742 0.999966 0.00818314 0.0441759 -0.0051194 0.00818547 -0.999953 1.43721
-0.999987 0.000542639 0.00513782 -0.793516 0.000585939 0.999964 0.00842984 0.0451299 -0.00513306 0.00843273 -0.999951 1.37689
-0.999986 -0.000199594 0.00523678 -0.792775 -0.000158706 0.99997 0.00780717 0.0454449 -0.00523818 0.00780623 -0.999956 1.31758
-0.999988 -0.000585394 0.00493656 -0.791333 -0.0005475 0.99997 0.0076742 0.0458302 -0.00494091 0.0076714 -0.999958 1.25681
-0.999986 0.000200835 0.00523324 -0.792032 0.000241493 0.99997 0.00776978 0.0468308 -0.00523152 0.00777094 -0.999956 1.19712
-0.999987 -0.000403302 0.00516052 -0.791162 -0.000363866 0.999971 0.00764055 0.0474185 -0.00516345 0.00763857 -0.999957 1.13683
-0.999987 -0.000157031 0.00507524 -0.790542 -0.000118435 0.999971 0.00760432 0.0487827 -0.00507629 0.00760362 -0.999958 1.07651
-0.999989 0.000926075 0.00469114 -0.790625 0.000961744 0.999971 0.00760705 0.0491398 -0.00468396 0.00761148 -0.99996 1.01708
-0.999988 -0.000993883 0.00475992 -0.789805 -0.000957807 0.999971 0.0075754 0.0495263 -0.00476731 0.00757076 -0.99996 0.957073
-0.999985 -0.00092547 0.00535751 -0.789302 -0.000887024 0.999974 0.00717401 0.0504811 -0.00536401 0.00716915 -0.99996 0.897489
-0.999988 -0.000231476 0.00492704 -0.789714 -0.000197407 0.999976 0.00691402 0.0505199 -0.00492852 0.00691296 -0.999964 0.837705
-0.999989 -0.000111398 0.00470736 -0.789697 -8.03726e-05 0.999978 0.0065906 0.0515311 -0.00470799 0.00659015 -0.999967 0.777979
-0.999988 -8.80272e-05 0.00488324 -0.789017 -5.35718e-05 0.999975 0.00705553 0.0522455 -0.00488374 0.00705518 -0.999963 0.718056
-0.999989 -0.000101166 0.00463041 -0.788477 -7.14887e-05 0.999979 0.00640882 0.0535463 -0.00463097 0.00640842 -0.999969 0.657409
-0.999989 -0.000387375 0.00470183 -0.787512 -0.000357311 0.999979 0.00639328 0.0539421 -0.00470421 0.00639153 -0.999969 0.597384
-0.999989 -0.000439976 0.0045908 -0.787107 -0.000411851 0.999981 0.00612568 0.0544474 -0.00459341 0.00612373 -0.999971 0.535728
-0.999989 0.000327066 0.00462749 -0.786602 0.000352537 0.999985 0.00550474 0.0568105 -0.00462562 0.00550632 -0.999974 0.477335
-0.999991 -0.000582457 0.00426705 -0.786338 -0.000556748 0.999982 0.00602371 0.0558078 -0.00427048 0.00602128 -0.999973 0.43204
-0.999999 -0.000194037 0.00170939 -0.788242 -0.000184529 0.999985 0.00556057 0.0572107 -0.00171044 0.00556025 -0.999983 0.397333
-0.99928 -0.000411552 -0.0379308 -0.794427 -0.000616293 0.999985 0.00538622 0.0572985 0.037928 0.00540572 -0.999266 0.374449
-0.994244 -0.000365421 -0.107136 -0.80544 -0.00102443 0.999981 0.00609624 0.0554494 0.107131 0.00617091 -0.994226 0.356334
-0.981825 -0.00150294 -0.189782 -0.815088 -0.00262894 0.99998 0.00568153 0.0571734 0.18977 0.00607719 -0.98181 0.349513
-0.960334 -0.000736723 -0.278852 -0.827186 -0.00250482 0.999979 0.00598436 0.0561828 0.278842 0.00644546 -0.960315 0.345487
-0.927992 0.00045021 -0.3726 -0.838886 -0.00205898 0.999978 0.00633634 0.0554431 0.372594 0.00664725 -0.927971 0.345361
-0.889216 0.00109536 -0.457486 -0.850171 -0.00198141 0.999979 0.00624552 0.0552818 0.457483 0.00646009 -0.889195 0.350349
-0.839728 0.00238513 -0.543002 -0.863921 -0.00160244 0.999975 0.00687049 0.052621 0.543005 0.00663947 -0.839703 0.352107
-0.780428 0.00291903 -0.625239 -0.877054 -0.00212428 0.999971 0.00732007 0.050634 0.625242 0.00704097 -0.780399 0.355573
-0.716174 0.00445039 -0.697907 -0.88569 -0.00207314 0.999962 0.00850392 0.0505638 0.697918 0.00753715 -0.716138 0.365887
-0.642976 0.00454928 -0.765873 -0.893293 -0.00349727 0.999954 0.00887581 0.0504314 0.765878 0.0083854 -0.642931 0.378225
-0.563719 0.0053184 -0.825949 -0.896833 -0.00444468 0.999945 0.00947232 0.0519135 0.825955 0.00901081 -0.563665 0.392386
-0.479072 0.00573671 -0.877757 -0.900686 -0.00564661 0.999938 0.00961711 0.0525358 0.877758 0.00956364 -0.47901 0.405856
-0.391277 0.00634166 -0.920251 -0.917069 -0.00662914 0.999931 0.00970937 0.0514349 0.920249 0.00989953 -0.391208 0.412412
-0.33499 0.00644328 -0.9422 -0.940251 -0.00758044 0.999926 0.0095332 0.0524907 0.942191 0.0103358 -0.334917 0.409598
-0.305484 0.00646064 -0.952175 -0.980874 -0.00749434 0.99993 0.00918905 0.0518418 0.952168 0.00994304 -0.305414 0.39768
-0.290327 0.00632552 -0.956907 -1.01992 -0.00722211 0.999935 0.00880115 0.0524042 0.9569 0.0094661 -0.290262 0.384795
-0.282336 0.00663605 -0.959293 -1.05255 -0.00735869 0.999932 0.00908296 0.0532528 0.959287 0.00962359 -0.282268 0.373817
-0.278076 0.00739647 -0.960531 -1.07513 -0.0071983 0.999926 0.00978375 0.053257 0.960532 0.00963481 -0.278002 0.366327
-0.274074 0.00650609 -0.961687 -1.09277 -0.00749483 0.999932 0.00890081 0.0534175 0.961679 0.00964716 -0.274007 0.360106
-0.233436 0.00572582 -0.972355 -1.10757 -0.00779579 0.99994 0.00775981 0.0536801 0.972341 0.0093917 -0.233377 0.358554
-0.164765 0.00626452 -0.986313 -1.11646 -0.00814105 0.999937 0.00771102 0.0535489 0.986299 0.00930013 -0.164704 0.3665
-0.0826555 0.00723194 -0.996552 -1.12043 -0.0088954 0.999928 0.00799424 0.0546041 0.996538 0.0095255 -0.0825853 0.376214
0.00701252 0.00813772 -0.999942 -1.12248 -0.0100054 0.999917 0.00806735 0.0552208 0.999925 0.00994828 0.00709337 0.387468
0.0629498 0.0078363 -0.997986 -1.14034 -0.00933976 0.99993 0.00726245 0.057273 0.997973 0.00886378 0.0630185 0.395677
0.091472 0.00802339 -0.995775 -1.16784 -0.0103066 0.999922 0.00711004 0.0569355 0.995754 0.00961267 0.0915475 0.398169
0.107013 0.00753594 -0.994229 -1.20558 -0.00953356 0.999933 0.00655304 0.0564871 0.994212 0.00877728 0.107078 0.401405
0.114322 0.00699107 -0.993419 -1.2564 -0.0110425 0.999922 0.00576608 0.0554739 0.993382 0.0103106 0.11439 0.406181
0.118041 0.00608894 -0.99299 -1.30173 -0.0100314 0.999937 0.00493906 0.0562888 0.992958 0.0093781 0.118095 0.409725
0.120286 0.00688785 -0.992715 -1.3416 -0.01056 0.999928 0.00565836 0.0558697 0.992683 0.00980243 0.120351 0.412959
0.121032 0.00646407 -0.992628 -1.38209 -0.0104689 0.999931 0.00523515 0.056626 0.992593 0.00975809 0.121091 0.41705
0.121981 0.00602937 -0.992514 -1.43058 -0.0106167 0.999932 0.00476963 0.0568647 0.992476 0.00995538 0.122037 0.421951
0.12338 0.00654855 -0.992338 -1.47842 -0.0112065 0.999924 0.00520527 0.0564497 0.992296 0.0104784 0.123444 0.427997
0.126304 0.0066571 -0.991969 -1.53067 -0.0111447 0.999924 0.00529146 0.0568785 0.991929 0.0103869 0.126369 0.434029
0.165345 0.00600169 -0.986218 -1.56999 -0.010501 0.999936 0.00432463 0.0571529 0.98618 0.00964117 0.165397 0.443825
0.233057 0.00704423 -0.972438 -1.59861 -0.0117055 0.999922 0.00443796 0.0563875 0.972393 0.0103485 0.233121 0.460756
0.314131 0.00696141 -0.949354 -1.61814 -0.011048 0.999932 0.00367661 0.0575442 0.949315 0.00933355 0.314187 0.472539
0.400645 0.00591441 -0.916214 -1.63404 -0.0125267 0.999921 0.000977057 0.0584574 0.916148 0.0110857 0.400687 0.48889
0.482616 0.00616855 -0.87581 -1.63425 -0.0122085 0.999925 0.000315207 0.0594835 0.875747 0.0105402 0.482655 0.500813
0.533268 0.0067653 -0.845919 -1.63588 -0.0118174 0.99993 0.000547325 0.0593805 0.845864 0.00970468 0.533311 0.508311
0.558415 0.00669501 -0.829534 -1.63831 -0.011809 0.99993 0.000120828 0.0588718 0.829477 0.00972848 0.558456 0.511853
0.572734 0.00678438 -0.819713 -1.63897 -0.0114765 0.999934 0.000257335 0.0605042 0.819661 0.00926006 0.572774 0.512904
0.610448 0.00795965 -0.792016 -1.63739 -0.0137425 0.999905 -0.000543145 0.0596325 0.791937 0.0112158 0.6105 0.51623
0.666767 0.00799385 -0.745223 -1.6283 -0.0129221 0.999916 -0.000835816 0.0598751 0.745154 0.0101872 0.666815 0.523932
0.728891 0.0082657 -0.68458 -1.61649 -0.0125659 0.99992 -0.00130605 0.0615199 0.684515 0.00955431 0.728936 0.530471
0.787963 0.00884645 -0.615659 -1.60284 -0.0127551 0.999917 -0.00195703 0.0629171 0.61559 0.00939487 0.78801 0.530486
0.844351 0.00946238 -0.535708 -1.59009 -0.0129124 0.999913 -0.00268994 0.0625203 0.535636 0.00918852 0.844399 0.535959
0.892114 0.00921169 -0.451716 -1.57554 -0.0121483 0.99992 -0.00360114 0.0613767 0.451646 0.00870019 0.892155 0.540502
0.932864 0.00967234 -0.3601 -1.5551 -0.0124366 0.999908 -0.00536028 0.0636846 0.360015 0.00947884 0.932898 0.539765
0.963575 0.00983431 -0.267257 -1.54288 -0.0121222 0.999903 -0.0069121 0.063889 0.267163 0.00990007 0.963601 0.544888
0.98511 0.010421 -0.171609 -1.52995 -0.0121149 0.999888 -0.00882626 0.0628231 0.171498 0.0107739 0.985126 0.561047
0.993683 0.00952837 -0.11182 -1.5327 -0.0105825 0.999905 -0.00883718 0.0644509 0.111726 0.00996469 0.993689 0.591999
0.996693 0.00949632 -0.0807019 -1.53333 -0.0102725 0.999905 -0.00920774 0.0639442 0.0806067 0.0100063 0.996696 0.627975
0.997843 0.0101348 -0.0648657 -1.53706 -0.0107636 0.999898 -0.00935143 0.062741 0.0647643 0.0100294 0.99785 0.66935
0.998365 0.00958797 -0.0563577 -1.54023 -0.0101425 0.999903 -0.00956152 0.0627847 0.0562606 0.0101175 0.998365 0.705601
0.998564 0.0101655 -0.0526063 -1.54413 -0.0106893 0.999896 -0.00968648 0.0627633 0.0525024 0.0102349 0.998568 0.742287
0.998674 0.00977622 -0.0505511 -1.54768 -0.0102901 0.999898 -0.00991546 0.0623699 0.050449 0.0104225 0.998672 0.787072
0.998733 0.0106573 -0.0491766 -1.551 -0.0111434 0.999892 -0.00962037 0.0620138 0.0490688 0.0101562 0.998744 0.834294
0.998778 0.0102201 -0.0483495 -1.55463 -0.0107013 0.999896 -0.00970373 0.061949 0.0482453 0.0102093 0.998783 0.884152
0.998752 0.00999592 -0.048929 -1.55851 -0.0104855 0.999897 -0.0097602 0.0615246 0.0488265 0.0102611 0.998755 0.940646
0.998735 0.010093 -0.0492553 -1.56227 -0.0105835 0.999897 -0.00970694 0.0614576 0.0491522 0.010216 0.998739 0.996428
0.998754 0.00992873 -0.0489067 -1.56508 -0.0104134 0.999899 -0.00966432 0.0611619 0.0488058 0.0101616 0.998757 1.05362
0.998743 0.010318 -0.0490413 -1.57058 -0.0108135 0.999893 -0.00984925 0.0595343 0.0489345 0.0103672 0.998748 1.11525
0.998766 0.00945172 -0.0487627 -1.57341 -0.00993207 0.999904 -0.00961794 0.059504 0.0486672 0.0100904 0.998764 1.17109
0.998747 0.00968428 -0.049099 -1.57821 -0.0101951 0.999896 -0.0101634 0.0591918 0.0489954 0.0106512 0.998742 1.23168
0.998721 0.0101677 -0.0495361 -1.58127 -0.010666 0.999895 -0.00980642 0.0575858 0.0494312 0.0103222 0.998724 1.29317
0.998728 0.0101128 -0.0494003 -1.5847 -0.0106087 0.999896 -0.00978698 0.057307 0.0492962 0.0102986 0.998731 1.35338
0.99873 0.0103633 -0.0493086 -1.58772 -0.0108411 0.999897 -0.00943349 0.0565725 0.0492058 0.00995607 0.998739 1.41179
0.998726 0.0107004 -0.0493206 -1.59032 -0.0111947 0.99989 -0.00975798 0.0551128 0.0492107 0.0102977 0.998735 1.47166
0.998732 0.00983846 -0.0493818 -1.59394 -0.0103383 0.999898 -0.00987701 0.055004 0.0492796 0.010375 0.998731 1.53141
0.998739 0.0100538 -0.0491808 -1.59614 -0.0105772 0.99989 -0.0103945 0.0548285 0.0490709 0.0109016 0.998736 1.59404
0.998754 0.0103153 -0.048822 -1.60056 -0.0108235 0.99989 -0.0101551 0.0545059 0.0487118 0.0106709 0.998756 1.65209
0.998871 0.010737 -0.0462679 -1.60241 -0.0112482 0.999878 -0.010802 0.0542512 0.0461463 0.0113103 0.998871 1.69794
0.999919 0.0106933 -0.00684036 -1.59758 -0.0107663 0.999885 -0.0107268 0.0535209 0.00672487 0.0107996 0.999919 1.7323
0.998041 0.0107193 0.0616412 -1.58895 -0.00999413 0.999877 -0.0120606 0.0520503 -0.0617629 0.0114209 0.998026 1.75812
0.989423 0.0103212 0.144693 -1.57684 -0.00863621 0.999887 -0.0122688 0.0524565 -0.144804 0.0108895 0.9894 1.77729
0.972673 0.0111273 0.231914 -1.56343 -0.00826458 0.999877 -0.0133117 0.0501896 -0.232034 0.0110313 0.972645 1.80156
0.958053 0.0117982 0.286347 -1.55109 -0.00806062 0.999866 -0.0142278 0.0489396 -0.286477 0.0113228 0.95802 1.83376
0.949467 0.0117976 0.313645 -1.53895 -0.0076673 0.999867 -0.014399 0.0487512 -0.313773 0.0112666 0.949431 1.87294
0.944963 0.0107447 0.326999 -1.52565 -0.00642285 0.999877 -0.0142935 0.0484157 -0.327113 0.0114066 0.944916 1.91813
0.948819 0.0109702 0.31563 -1.5143 -0.00676076 0.999873 -0.0144284 0.0482731 -0.315748 0.0115561 0.948773 1.96577
0.958166 0.0101268 0.286035 -1.50872 -0.00646716 0.999885 -0.0137361 0.0489332 -0.286141 0.0113116 0.958121 2.00602
0.968777 0.0110512 0.247686 -1.50557 -0.00803726 0.999881 -0.0131761 0.0476971 -0.247802 0.010774 0.968751 2.03683
0.97886 0.0107796 0.204249 -1.50669 -0.00833528 0.999883 -0.0128241 0.0489276 -0.204363 0.0108505 0.978835 2.05834
0.987409 0.0101375 0.157862 -1.51006 -0.00838134 0.999895 -0.0117865 0.0498436 -0.157965 0.010315 0.987391 2.07589
0.993937 0.0106073 0.109436 -1.51347 -0.00934885 0.999884 -0.0120058 0.0486776 -0.109551 0.0109099 0.993921 2.09042
0.998155 0.0100139 0.0598785 -1.52069 -0.00935686 0.999893 -0.0112431 0.0488764 -0.0599847 0.0106621 0.998142 2.09921
0.999893 0.00999359 0.0107251 -1.52624 -0.00988119 0.999896 -0.0104825 0.0505184 -0.0108288 0.0103754 0.999888 2.1064
0.999202 0.00960557 -0.0387734 -1.5328 -0.00998696 0.999904 -0.00965466 0.052396 0.038677 0.0100342 0.999201 2.12403
0.996087 0.00912827 -0.0879007 -1.54138 -0.0100276 0.999902 -0.00979474 0.0497925 0.0878026 0.0106378 0.996081 2.15706
0.993046 0.00839754 -0.117431 -1.54706 -0.00960245 0.999907 -0.00969858 0.0505202 0.117338 0.0107588 0.993034 2.19344
0.99105 0.0095361 -0.133153 -1.55185 -0.0109202 0.999894 -0.00966813 0.0483429 0.133047 0.0110356 0.991048 2.23942
0.989938 0.00991256 -0.141156 -1.55748 -0.0114532 0.999883 -0.0101059 0.0489782 0.141039 0.0116209 0.989936 2.28614
0.989365 0.00912718 -0.145167 -1.56419 -0.0106784 0.999894 -0.00991004 0.0470889 0.145061 0.0113548 0.989358 2.34043
0.989027 0.00966536 -0.147418 -1.57135 -0.0112062 0.999891 -0.00962552 0.0470258 0.147309 0.0111719 0.989027 2.39343
0.988888 0.00929438 -0.148372 -1.57825 -0.0108687 0.999893 -0.00980318 0.0472609 0.148265 0.0113069 0.988883 2.44868
0.988812 0.00948861 -0.148862 -1.58613 -0.0110274 0.999894 -0.00951505 0.04533 0.148756 0.0110502 0.988812 2.50686
0.98872 0.00973268 -0.14946 -1.59386 -0.01135 0.999886 -0.00997194 0.0444169 0.149346 0.0115558 0.988717 2.56389
0.988772 0.0095464 -0.149126 -1.60305 -0.0111753 0.999887 -0.0100886 0.0441923 0.149012 0.0116418 0.988767 2.62125
0.988805 0.0088481 -0.148954 -1.61128 -0.010494 0.999892 -0.0102671 0.0437295 0.148847 0.0117153 0.988791 2.67938
0.988877 0.00966052 -0.148419 -1.62043 -0.0113055 0.999884 -0.0102437 0.0434305 0.148303 0.0118077 0.988872 2.73796
0.988778 0.00890114 -0.149128 -1.62956 -0.0105042 0.999895 -0.00996558 0.0441239 0.149024 0.0114202 0.988768 2.79776
0.988758 0.00866723 -0.14927 -1.6384 -0.0102359 0.9999 -0.00974361 0.0438607 0.149171 0.011162 0.988748 2.85698
0.988756 0.00843381 -0.149299 -1.64886 -0.0101195 0.999893 -0.0105346 0.043211 0.149195 0.011927 0.988736 2.91684
0.988793 0.00957656 -0.148989 -1.6569 -0.0112337 0.999884 -0.0102848 0.0423423 0.148873 0.0118433 0.988785 2.97644
0.988789 0.00860025 -0.149072 -1.66579 -0.010256 0.999894 -0.0103418 0.0414985 0.148967 0.0117548 0.988772 3.0363
0.988761 0.00821458 -0.14928 -1.67406 -0.0098388 0.9999 -0.0101451 0.0412067 0.149181 0.0114998 0.988743 3.09569
0.988782 0.00911843 -0.149084 -1.68309 -0.0107599 0.99989 -0.0102078 0.0404204 0.148975 0.0116974 0.988772 3.15586
0.989291 0.0090732 -0.145677 -1.69191 -0.0106881 0.99989 -0.010307 0.0400166 0.145567 0.0117536 0.989279 3.21405
0.994215 0.00924789 -0.107014 -1.69473 -0.0104223 0.999891 -0.0104203 0.0392797 0.106906 0.0114754 0.994203 3.2733
0.999281 0.00871977 -0.0369071 -1.69216 -0.00914905 0.999892 -0.0114787 0.0382805 0.036803 0.0118081 0.999253 3.3367
0.998875 0.00875937 0.0466101 -1.68616 -0.00819886 0.999892 -0.012203 0.0371745 -0.046712 0.0118072 0.998839 3.37993
0.990831 0.00914449 0.134799 -1.67969 -0.00762377 0.999901 -0.0117933 0.0359476 -0.134893 0.0106575 0.990803 3.41689
0.981667 0.00940013 0.190372 -1.67507 -0.00725792 0.999902 -0.0119469 0.0350685 -0.190465 0.0103462 0.981639 3.43852
0.975967 0.00876332 0.217742 -1.67457 -0.00620116 0.999903 -0.0124475 0.0347897 -0.21783 0.0107981 0.975927 3.45555
0.971938 0.00826889 0.235092 -1.67401 -0.00549107 0.999907 -0.012468 0.0341885 -0.235173 0.0108273 0.971893 3.47193
0.959612 0.00890976 0.281187 -1.66982 -0.00546449 0.9999 -0.0130343 0.0333669 -0.281275 0.0109713 0.959564 3.47918
0.93661 0.00785147 0.350287 -1.6599 -0.00367416 0.999914 -0.0125884 0.0333492 -0.350356 0.0105034 0.936558 3.47947
0.903223 0.00725897 0.42911 -1.64699 -0.00193946 0.999916 -0.0128326 0.0366519 -0.429167 0.0107584 0.903161 3.48408
0.859925 0.00746303 0.510365 -1.63649 -0.00151681 0.999926 -0.0120661 0.0349662 -0.510417 0.00960185 0.859873 3.48079
0.806227 0.00771231 0.591556 -1.62649 -0.000344207 0.999921 -0.0125672 0.0384253 -0.591606 0.00992838 0.806166 3.47521
0.745219 0.0064158 0.666789 -1.6151 0.0017684 0.999931 -0.0115977 0.0361571 -0.666817 0.00982196 0.745157 3.46913
0.67858 0.00797274 0.734484 -1.59662 0.0032749 0.999898 -0.0138794 0.0396844 -0.73452 0.0118237 0.678484 3.46621
0.633481 0.00828427 0.773714 -1.58874 0.00446827 0.999887 -0.0143643 0.0401676 -0.773745 0.0125567 0.633372 3.4619
