1 -0 0 -0 -0 1 -0 0 0 -0 1 0
1 8.68537e-05 -1.73597e-05 -2.88024e-05 -8.68536e-05 1 3.78036e-06 3.10368e-05 1.736e-05 -3.77885e-06 1 -3.87096e-05
1 -5.27297e-05 -6.76479e-06 4.52214e-05 5.27296e-05 1 -1.0001e-05 4.48004e-05 6.76532e-06 1.00006e-05 1 1.66827e-06
1 3.21304e-05 3.80028e-05 9.77186e-06 -3.21309e-05 1 1.44812e-05 1.32795e-05 -3.80024e-05 -1.44825e-05 1 -2.19282e-05
1 3.86367e-05 -3.50697e-06 2.69932e-06 -3.86368e-05 1 -2.61689e-05 -2.08155e-05 3.50596e-06 2.6169e-05 1 -9.16057e-05
1 3.86367e-05 -3.50694e-06 2.69935e-06 -3.86368e-05 1 -2.6169e-05 -2.08155e-05 3.50592e-06 2.61691e-05 1 -9.16058e-05
1 3.86367e-05 -3.50695e-06 2.69934e-06 -3.86368e-05 1 -2.6169e-05 -2.08155e-05 3.50593e-06 2.61691e-05 1 -9.16058e-05
1 -4.26419e-05 6.20772e-05 7.21864e-05 4.26427e-05 1 -1.23849e-05 -1.96697e-05 -6.20766e-05 1.23876e-05 1 1.489e-05
1 -1.63951e-05 4.14194e-05 3.98093e-05 1.63953e-05 1 -6.33256e-06 5.34596e-06 -4.14193e-05 6.33324e-06 1 1.34643e-05
1 1.80756e-05 -2.23443e-05 -1.95309e-06 -1.80762e-05 1 -2.40545e-05 3.57372e-05 2.23439e-05 2.40549e-05 1 -3.44088e-05
1 -3.71447e-05 1.58306e-05 2.90404e-05 3.71449e-05 1 -1.46437e-05 -5.46171e-06 -1.583e-05 1.46443e-05 1 -5.78387e-05
1 3.72567e-06 2.57932e-05 3.80542e-05 -3.72579e-06 1 4.68738e-06 -2.07014e-05 -2.57932e-05 -4.68748e-06 1 -4.81753e-05
1 2.89821e-05 -2.98377e-06 2.1602e-05 -2.89821e-05 1 -6.64204e-06 -2.57922e-06 2.98358e-06 6.64213e-06 1 -1.87105e-05
1 -2.23269e-07 1.31773e-05 5.08884e-05 2.23343e-07 1 -5.65427e-06 -2.47677e-06 -1.31773e-05 5.65427e-06 1 -7.76823e-05
1 -4.58315e-05 2.01985e-05 2.70649e-05 4.58315e-05 1 -2.46338e-06 3.63143e-05 -2.01984e-05 2.46431e-06 1 -5.62762e-05
1 3.87121e-05 -3.49993e-06 2.68386e-06 -3.87122e-05 1 -2.63401e-05 -2.08894e-05 3.49891e-06 2.63402e-05 1 -9.17044e-05
1 3.9728e-05 9.84464e-06 2.86943e-05 -3.9728e-05 1 -2.89138e-06 -3.95608e-06 -9.84475e-06 2.89099e-06 1 -5.82241e-05
1 -2.41269e-05 9.52586e-06 9.39256e-05 2.41271e-05 1 -2.58502e-05 -2.15488e-05 -9.52523e-06 2.58504e-05 1 -3.73545e-05
1 -2.07526e-05 3.34053e-05 2.93426e-05 2.07519e-05 1 2.12687e-05 3.76568e-05 -3.34057e-05 -2.1268e-05 1 -2.88198e-05
1 -7.15962e-05 1.67472e-05 5.1158e-05 7.15962e-05 1 1.28903e-06 2.50238e-05 -1.67473e-05 -1.28783e-06 1 -2.73859e-05
1 -4.35956e-06 5.54614e-05 4.32806e-05 4.35993e-06 1 -6.73844e-06 -2.51351e-05 -5.54614e-05 6.73868e-06 1 -9.0944e-06
1 -2.81747e-06 1.80777e-05 8.54205e-05 2.81782e-06 1 -1.92784e-05 6.68645e-06 -1.80777e-05 1.92784e-05 1 -1.7756e-05
1 -3.28226e-05 2.09805e-05 9.38177e-05 3.28233e-05 1 -2.97388e-05 -2.42745e-06 -2.09795e-05 2.97394e-05 1 -2.50331e-05
1 -2.91824e-05 1.54711e-05 7.42629e-05 2.91826e-05 1 -1.32156e-05 3.50092e-05 -1.54707e-05 1.32161e-05 1 1.29701e-05
1 -1.67182e-05 3.5876e-05 4.76985e-05 1.67183e-05 1 -4.89237e-06 -2.71681e-05 -3.5876e-05 4.89297e-06 1 -2.14653e-05
1 -1.69412e-05 1.19031e-05 9.86472e-05 1.69412e-05 1 5.4464e-06 -6.30807e-06 -1.19032e-05 -5.4462e-06 1 -2.24958e-05
1 -2.96119e-05 2.53691e-07 2.81349e-05 2.96119e-05 1 -1.43867e-06 3.47812e-05 -2.53648e-07 1.43868e-06 1 -4.84798e-05
1 -5.25716e-05 -3.91742e-07 5.09745e-05 5.25716e-05 1 -1.6869e-06 6.14974e-05 3.91831e-07 1.68688e-06 1 -1.13797e-05
1 1.52943e-05 5.07935e-06 9.595e-06 -1.52942e-05 1 -2.07777e-05 7.30752e-06 -5.07967e-06 2.07776e-05 1 -1.59808e-05
1 -1.07259e-05 2.85363e-05 0.000103666 1.0726e-05 1 -2.3286e-06 -1.02346e-05 -2.85363e-05 2.3289e-06 1 -2.08105e-05
1 3.21151e-05 -2.71676e-05 2.37798e-05 -3.21157e-05 1 -2.04192e-05 1.01687e-05 2.71669e-05 2.04201e-05 1 -3.40614e-05
1 3.90129e-05 -3.68914e-06 2.61658e-06 -3.9013e-05 1 -2.65804e-05 -2.0885e-05 3.68811e-06 2.65805e-05 1 -9.18702e-05
1 1.50725e-05 8.79375e-06 1.44341e-05 -1.50724e-05 1 -1.3357e-05 2.41082e-06 -8.79395e-06 1.33569e-05 1 -2.71957e-05
1 -3.79694e-05 3.06435e-05 5.82097e-05 3.79697e-05 1 -1.25874e-05 -2.45809e-05 -3.0643e-05 1.25886e-05 1 -1.51831e-05
1 5.14008e-05 1.42755e-06 -9.04051e-06 -5.14007e-05 1 -3.25549e-05 -1.57662e-06 -1.42922e-06 3.25548e-05 1 -6.87239e-05
1 7.0804e-06 1.86838e-06 1.17782e-05 -7.08038e-06 1 -1.3578e-05 -7.62422e-06 -1.86848e-06 1.3578e-05 1 -4.56634e-05
1 -2.15245e-05 3.50162e-05 3.49405e-05 2.1525e-05 1 -1.40858e-05 3.51383e-05 -3.50159e-05 1.40865e-05 1 -2.33041e-07
1 -2.75501e-05 3.3611e-05 3.93379e-05 2.75505e-05 1 -1.00958e-05 2.45685e-05 -3.36108e-05 1.00967e-05 1 -9.62867e-06
1 1.10532e-05 -1.17663e-05 2.58607e-05 -1.10534e-05 1 -1.84408e-05 -2.38636e-06 1.17661e-05 1.8441e-05 1 -3.57734e-05
1 -3.47552e-05 5.45593e-06 2.18636e-05 3.47553e-05 1 -1.12708e-05 2.85435e-05 -5.45554e-06 1.1271e-05 1 -5.52642e-05
1 3.90211e-05 -3.69327e-06 2.61632e-06 -3.90212e-05 1 -2.65903e-05 -2.08837e-05 3.69223e-06 2.65904e-05 1 -9.18756e-05
1 3.90211e-05 -3.6933e-06 2.6163e-06 -3.90212e-05 1 -2.65902e-05 -2.08837e-05 3.69226e-06 2.65903e-05 1 -9.18755e-05
1 -2.60168e-05 1.21986e-05 3.6891e-05 2.60169e-05 1 -5.20291e-06 3.58224e-05 -1.21984e-05 5.20323e-06 1 -1.3068e-05
1 -1.76131e-05 -2.0117e-06 2.31794e-05 1.76131e-05 1 -4.53318e-06 4.68271e-06 2.01178e-06 4.53315e-06 1 -3.68073e-05
1 -6.51843e-05 5.73315e-05 5.69429e-05 6.51827e-05 1 2.8165e-05 1.74594e-05 -5.73334e-05 -2.81613e-05 1 -5.44691e-05
1 3.73122e-05 2.23173e-05 1.55355e-05 -3.73124e-05 1 1.17079e-05 -6.33171e-06 -2.23168e-05 -1.17087e-05 1 -4.58864e-05
1 -1.20633e-05 4.95879e-05 6.43435e-05 1.20633e-05 1 -1.73106e-06 -2.2664e-05 -4.95879e-05 1.73166e-06 1 -2.90253e-05
1 -3.29114e-05 2.15646e-05 9.58484e-05 3.29121e-05 1 -2.97462e-05 -2.40528e-06 -2.15637e-05 2.97469e-05 1 -2.48462e-05
1 -5.95003e-05 5.42871e-05 5.46657e-05 5.94986e-05 1 3.07033e-05 1.99913e-05 -5.4289e-05 -3.07001e-05 1 -5.66565e-05
1 1.11625e-05 2.14812e-05 1.86355e-05 -1.11626e-05 1 4.98549e-06 -1.32902e-05 -2.14811e-05 -4.98573e-06 1 -5.10129e-05
1 -1.23688e-05 2.95759e-05 5.13717e-05 1.2369e-05 1 -6.96606e-06 -2.78803e-05 -2.95758e-05 6.96643e-06 1 -2.24014e-05
1 -1.1784e-16 3.27032e-17 8.18495e-17 1.1784e-16 1 -3.63336e-17 -3.63221e-17 -3.27032e-17 3.63336e-17 1 -1.46426e-17
1 -1.08205e-05 5.83311e-05 4.05999e-05 1.08175e-05 1 5.27065e-05 2.74564e-05 -5.83317e-05 -5.27059e-05 1 -4.06904e-05
1 1.42558e-05 -1.13965e-06 3.13057e-05 -1.42558e-05 1 -1.54511e-05 -4.55486e-06 1.13943e-06 1.54512e-05 1 -3.12401e-05
1 -1.78907e-05 -1.9485e-06 2.04523e-06 1.78907e-05 1 -3.57473e-05 1.06254e-05 1.94914e-06 3.57473e-05 1 -5.91249e-05
1 3.05863e-05 -5.75999e-07 5.20152e-06 -3.05864e-05 1 -2.54315e-05 -2.20004e-05 5.75222e-07 2.54315e-05 1 -9.27383e-05
1 2.38511e-05 -2.71892e-05 2.87589e-05 -2.38515e-05 1 -1.50998e-05 -2.21501e-06 2.71888e-05 1.51004e-05 1 -4.41559e-05
1 4.29184e-05 4.40655e-06 -6.42907e-06 -4.29182e-05 1 -3.13637e-05 -2.56675e-06 -4.4079e-06 3.13635e-05 1 -6.94337e-05
1 4.51026e-06 1.35421e-05 2.08386e-05 -4.51012e-06 1 -9.9599e-06 1.04354e-05 -1.35421e-05 9.95984e-06 1 -3.64897e-05
1 -4.21697e-05 4.68068e-05 7.64546e-05 4.21702e-05 1 -1.08788e-05 -2.47787e-05 -4.68064e-05 1.08808e-05 1 1.62118e-06
1 -8.11826e-06 -9.15242e-06 1.45391e-05 8.1181e-06 1 -1.7905e-05 3.8409e-05 9.15257e-06 1.79049e-05 1 -3.39905e-05
1 2.96564e-05 2.21163e-05 5.43611e-05 -2.96562e-05 1 -8.42438e-06 -1.08902e-05 -2.21165e-05 8.42373e-06 1 1.42764e-05
1 5.85448e-05 1.36331e-05 1.72961e-05 -5.85449e-05 1 5.43418e-06 1.39464e-06 -1.36328e-05 -5.43498e-06 1 -2.6138e-05
1 3.05863e-05 -5.76012e-07 5.20151e-06 -3.05864e-05 1 -2.54315e-05 -2.20004e-05 5.75234e-07 2.54315e-05 1 -9.27383e-05
1 4.43892e-06 -3.03983e-06 3.16496e-05 -4.43897e-06 1 -1.86375e-05 2.9635e-07 3.03975e-06 1.86375e-05 1 -4.13148e-05
1 1.13236e-05 4.90427e-05 7.34724e-05 -1.13239e-05 1 5.0959e-06 -2.49973e-05 -4.90427e-05 -5.09646e-06 1 1.08439e-06
1 -1.66723e-05 5.84986e-06 2.55296e-05 1.66723e-05 1 -6.45968e-06 6.22286e-06 -5.84975e-06 6.45978e-06 1 -3.62767e-05
1 4.57555e-05 8.01492e-06 2.52494e-05 -4.57554e-05 1 -5.72897e-06 -1.19635e-05 -8.01518e-06 5.7286e-06 1 -4.87222e-05
1 -2.57133e-05 9.70142e-06 9.44941e-05 2.57135e-05 1 -2.33231e-05 -2.21209e-05 -9.70082e-06 2.33234e-05 1 -3.17582e-05
1 -2.18949e-05 2.9659e-06 3.01617e-05 2.18949e-05 1 1.24251e-06 3.4132e-05 -2.96593e-06 -1.24245e-06 1 -4.62557e-05
1 -6.68702e-05 8.39259e-06 3.50444e-05 6.68703e-05 1 -8.60275e-06 1.20992e-05 -8.39202e-06 8.60331e-06 1 -3.96955e-05
1 -1.20633e-05 4.95879e-05 6.43435e-05 1.20634e-05 1 -1.73105e-06 -2.2664e-05 -4.95879e-05 1.73165e-06 1 -2.90253e-05
1 -3.04883e-05 2.07729e-05 9.48782e-05 3.0489e-05 1 -3.10266e-05 -3.48839e-06 -2.0772e-05 3.10272e-05 1 -2.47158e-05
1 -2.37734e-05 1.81758e-05 3.72259e-05 2.37733e-05 1 2.65366e-06 4.55298e-05 -1.81759e-05 -2.65323e-06 1 -2.32511e-05
1 -4.37168e-05 1.08192e-05 7.15219e-05 4.37169e-05 1 -8.03365e-06 3.24553e-05 -1.08189e-05 8.03412e-06 1 -2.64297e-05
1 2.27706e-05 2.36995e-05 4.05371e-05 -2.27706e-05 1 -2.58006e-06 -2.05326e-05 -2.36995e-05 2.57952e-06 1 -2.22732e-05
1 -1.05465e-05 1.00573e-05 0.000100312 1.05465e-05 1 2.79513e-06 -6.58714e-06 -1.00573e-05 -2.79503e-06 1 -2.1006e-05
1 -2.22436e-05 1.10331e-05 1.47981e-05 2.22436e-05 1 -1.8421e-06 3.21443e-05 -1.1033e-05 1.84235e-06 1 -4.57299e-05
1 -5.45434e-05 -3.71587e-06 4.85671e-05 5.45434e-05 1 -1.86037e-05 4.00337e-05 3.71688e-06 1.86035e-05 1 -7.50912e-06
1 1.40099e-05 4.94671e-05 2.9382e-05 -1.40097e-05 1 -3.84731e-06 2.57735e-05 -4.94672e-05 3.84661e-06 1 -1.02628e-06
1 -4.59862e-05 4.09483e-05 0.000121456 4.59863e-05 1 -1.58847e-06 -1.36864e-05 -4.09483e-05 1.59036e-06 1 -2.10344e-05
1 3.21216e-05 -2.71747e-05 2.37807e-05 -3.21222e-05 1 -2.04303e-05 1.01697e-05 2.71741e-05 2.04311e-05 1 -3.40681e-05
1 -1.17849e-05 -1.42993e-06 2.51264e-05 1.17849e-05 1 1.16295e-05 3.1877e-05 1.42979e-06 -1.16295e-05 1 -5.21924e-05
1 4.51025e-06 1.35421e-05 2.08386e-05 -4.51012e-06 1 -9.9599e-06 1.04354e-05 -1.35421e-05 9.95984e-06 1 -3.64897e-05
1 -3.46891e-05 1.80814e-05 7.71801e-05 3.46895e-05 1 -1.87835e-05 2.84077e-05 -1.80808e-05 1.87841e-05 1 -5.57323e-05
1 3.76751e-05 2.48589e-06 -1.96311e-06 -3.76751e-05 1 -2.73289e-05 -1.44317e-05 -2.48691e-06 2.73288e-05 1 -8.02065e-05
1 5.00831e-06 1.71136e-05 2.7722e-05 -5.00812e-06 1 -1.05596e-05 -6.44971e-06 -1.71136e-05 1.05595e-05 1 -3.15986e-05
1 -3.44154e-05 3.11388e-05 2.39171e-05 3.44159e-05 1 -1.47868e-05 4.1724e-05 -3.11383e-05 1.47879e-05 1 -3.00822e-05
1 3.75556e-05 -2.97533e-06 3.81596e-06 -3.75557e-05 1 -2.74039e-05 -2.11714e-05 2.9743e-06 2.74041e-05 1 -9.33494e-05
1 -5.39303e-06 2.11193e-06 3.76734e-05 5.39306e-06 1 -1.46787e-05 8.78275e-06 -2.11185e-06 1.46787e-05 1 -4.9074e-05
1 9.44446e-06 2.72795e-05 4.35592e-05 -9.44437e-06 1 -3.40801e-06 -1.11024e-05 -2.72795e-05 3.40775e-06 1 -4.15579e-05
1 5.06015e-05 9.72186e-07 -9.11806e-06 -5.06015e-05 1 -3.3435e-05 -1.99875e-06 -9.73878e-07 3.3435e-05 1 -6.91931e-05
1 5.24998e-05 2.58382e-06 2.3318e-05 -5.24998e-05 1 -1.21479e-05 -1.31213e-05 -2.58446e-06 1.21478e-05 1 -5.42051e-05
1 -2.26602e-05 1.03865e-05 3.75309e-05 2.26603e-05 1 -6.98279e-06 3.65206e-05 -1.03863e-05 6.98303e-06 1 -1.49232e-05
1 -4.71635e-06 1.15002e-05 8.57985e-06 4.71628e-06 1 5.54316e-06 1.1708e-05 -1.15002e-05 -5.54311e-06 1 -1.26917e-05
1 -2.22469e-05 3.46221e-05 6.39651e-05 2.22457e-05 1 3.58742e-05 1.21639e-05 -3.46229e-05 -3.58734e-05 1 -5.18704e-05
1 -6.68702e-05 8.39261e-06 3.50445e-05 6.68703e-05 1 -8.60274e-06 1.20992e-05 -8.39204e-06 8.6033e-06 1 -3.96955e-05
1 -7.32712e-06 3.94689e-06 2.67562e-05 7.32714e-06 1 -5.1766e-06 2.53327e-05 -3.94685e-06 5.17663e-06 1 1.39753e-06
1 -1.38574e-05 9.29867e-07 1.95607e-05 1.38574e-05 1 -3.48015e-06 -7.43267e-06 -9.29819e-07 3.48016e-06 1 -2.81698e-05
1 -1.96061e-05 2.48152e-06 2.26162e-05 1.96061e-05 1 -2.17966e-06 2.33024e-05 -2.48148e-06 2.17971e-06 1 -4.02013e-05
1 -4.44905e-05 1.09252e-05 7.17424e-05 4.44906e-05 1 -9.03883e-06 3.14683e-05 -1.09248e-05 9.03931e-06 1 -2.67541e-05
1 -3.37537e-05 1.85923e-05 4.72478e-05 3.3754e-05 1 -1.52113e-05 5.27276e-05 -1.85918e-05 1.52119e-05 1 1.07356e-05
1 6.27298e-06 -2.62653e-05 0.000100122 -6.27368e-06 1 -2.65996e-05 2.42018e-05 2.62651e-05 2.65998e-05 1 3.92086e-05
0.999988 -0.00348033 -0.00335537 0.00416976 0.00348413 0.999993 0.00112985 -0.000493339 0.00335142 -0.00114153 0.999994 0.012686
0.99999 -0.00302305 -0.00338628 0.00387715 0.00302706 0.999995 0.00117933 -0.000210475 0.0033827 -0.00118957 0.999994 0.0371053
0.999989 -0.00299473 -0.00355469 0.00357961 0.00299893 0.999995 0.0011783 -0.000245629 0.00355114 -0.00118895 0.999993 0.071558
0.999989 -0.00336933 -0.00338803 0.00301456 0.0033734 0.999994 0.00119733 -0.000394012 0.00338397 -0.00120874 0.999994 0.112226
0.99999 -0.00285913 -0.00344548 0.00285176 0.00286436 0.999995 0.00151302 -6.85264e-05 0.00344113 -0.00152287 0.999993 0.14836
0.999958 -0.00205652 -0.00890419 0.00643321 0.00205436 0.999998 -0.00025175 0.000538907 0.00890469 0.000233447 0.99996 0.185702
0.999958 -0.00217503 -0.0088498 0.00601965 0.00217437 0.999998 -8.49964e-05 0.000266531 0.00884996 6.57501e-05 0.999961 0.229178
0.999959 -0.00187449 -0.00891209 0.00596474 0.00187263 0.999998 -0.000216919 0.000741079 0.00891248 0.00020022 0.99996 0.276957
0.999958 -0.0016256 -0.00898945 0.00416223 0.00162363 0.999999 -0.000226175 0.000128624 0.0089898 0.00021157 0.99996 0.3274
0.999958 -0.00267869 -0.00880136 0.00414494 0.00267315 0.999996 -0.000640593 -0.000722233 0.00880304 0.000617039 0.999961 0.381947
0.999493 -0.00988211 -0.0302824 0.0105014 0.00966822 0.999927 -0.0072015 0.00613555 0.0303513 0.00690507 0.999515 0.443372
0.999495 -0.0103066 -0.030061 0.00913358 0.0101024 0.999925 -0.00693715 0.00684235 0.0301302 0.00662996 0.999524 0.500257
0.999496 -0.0101596 -0.0300759 0.00710266 0.00995161 0.999926 -0.00705851 0.00604597 0.0301454 0.00675564 0.999523 0.55794
0.999487 -0.00956234 -0.0305561 0.0042513 0.00933486 0.999928 -0.00757879 0.00528791 0.0306264 0.00728966 0.999504 0.617679
0.999478 -0.010113 -0.0306802 0.000549148 0.00990942 0.999928 -0.00678197 0.00527409 0.0307465 0.0064744 0.999506 0.671674
0.999352 -0.0105783 -0.0343948 -0.00880494 0.0103715 0.999927 -0.00618402 0.0063659 0.0344577 0.00582328 0.999389 0.736443
0.999364 -0.0106682 -0.0340193 -0.0108346 0.0104709 0.999927 -0.0059716 0.00653423 0.0340805 0.00561159 0.999403 0.795147
0.99936 -0.0105625 -0.0341845 -0.0116475 0.0103587 0.999928 -0.00613233 0.0046742 0.0342468 0.00577429 0.999397 0.854028
0.999364 -0.0106301 -0.0340348 -0.0137935 0.0104174 0.999925 -0.00641862 0.00377595 0.0341005 0.00605998 0.9994 0.917005
0.999132 -0.0139925 -0.0392338 -0.0190463 0.01367 0.999871 -0.00847544 0.0062462 0.0393473 0.00793175 0.999194 0.983785
0.999137 -0.0139399 -0.0391244 -0.0216758 0.0136116 0.99987 -0.00864656 0.00603536 0.0392398 0.00810656 0.999197 1.04425
0.999153 -0.0132827 -0.0389459 -0.0236517 0.0129695 0.999882 -0.00828543 0.00581891 0.0390513 0.00777331 0.999207 1.10331
0.999132 -0.014453 -0.0390614 -0.026472 0.0141144 0.99986 -0.00893111 0.00490023 0.0391851 0.00837203 0.999197 1.16317
0.999139 -0.0141805 -0.0389918 -0.0285961 0.0138499 0.999866 -0.00873723 0.00415999 0.0391105 0.00818967 0.999201 1.22193
0.999076 -0.0152605 -0.0401715 -0.0356916 0.0148935 0.999845 -0.00942061 0.0043199 0.0403091 0.00881361 0.999148 1.28395
0.999083 -0.0151206 -0.0400474 -0.0383447 0.0147612 0.999848 -0.00925315 0.00344213 0.0401813 0.00865352 0.999155 1.34407
0.999095 -0.015115 -0.0397498 -0.0404554 0.0147514 0.999847 -0.00942491 0.00358316 0.0398862 0.00883002 0.999165 1.40441
0.99907 -0.0151819 -0.0403522 -0.042927 0.0148139 0.999846 -0.00940208 0.00262295 0.0404887 0.00879556 0.999141 1.46283
0.999101 -0.0145543 -0.0398111 -0.0460624 0.0141905 0.999855 -0.00940333 0.00213127 0.0399422 0.00882994 0.999163 1.51314
0.999007 -0.0183322 -0.0406135 -0.0466613 0.0179344 0.999788 -0.0101388 0.00238241 0.0407907 0.00940035 0.999123 1.55822
0.999003 -0.0185189 -0.0406285 -0.048351 0.0181183 0.999784 -0.0102052 0.0020562 0.0408087 0.00945888 0.999122 1.59378
0.999001 -0.0186155 -0.0406203 -0.0505375 0.0182228 0.999784 -0.0100145 0.00158946 0.040798 0.00926427 0.999124 1.63719
0.999004 -0.018527 -0.0405807 -0.0517285 0.0181242 0.999783 -0.0102728 0.00102505 0.0407622 0.00952708 0.999123 1.68384
0.998993 -0.0187318 -0.0407644 -0.0545261 0.0183109 0.999775 -0.010676 9.12924e-05 0.0409552 0.00991878 0.999112 1.7355
0.999008 -0.0169234 -0.0412002 -0.0567659 0.0164779 0.999802 -0.0111287 -0.00113962 0.0413804 0.0104388 0.999089 1.78939
0.999019 -0.0171062 -0.040858 -0.0589242 0.0166582 0.999798 -0.0112799 -0.00155124 0.0410427 0.0105882 0.999101 1.84392
0.998962 -0.0176994 -0.0419739 -0.061077 0.0172383 0.999787 -0.0113199 -0.00254387 0.0421653 0.0105846 0.999055 1.90069
0.998992 -0.017257 -0.0414427 -0.06382 0.0167711 0.999787 -0.0120433 -0.00363221 0.0416417 0.0113362 0.999068 1.95732
0.998893 -0.0226464 -0.041236 -0.0691277 0.0222409 0.9997 -0.0102651 -0.00466816 0.0414561 0.00933662 0.999097 2.01459
0.998906 -0.0218285 -0.0413631 -0.0718927 0.0214201 0.999718 -0.0102912 -0.00506454 0.0415761 0.00939396 0.999091 2.07284
0.998876 -0.0231252 -0.0413814 -0.0742677 0.0227146 0.999688 -0.0103665 -0.00591281 0.0416082 0.00941489 0.99909 2.13208
0.998873 -0.0225623 -0.0417673 -0.0771767 0.0221691 0.999706 -0.00985244 -0.00612711 0.0419773 0.00891539 0.999079 2.18998
0.998952 -0.0200343 -0.0411445 -0.0801859 0.0196251 0.999754 -0.0103237 -0.00825945 0.0413412 0.00950538 0.9991 2.24821
0.998952 -0.0199991 -0.0411651 -0.0827162 0.0195955 0.999756 -0.0101837 -0.0085641 0.0413587 0.00936634 0.9991 2.30684
0.998932 -0.0200201 -0.0416362 -0.0860904 0.0196348 0.999761 -0.00964334 -0.00945062 0.0418193 0.00881552 0.999086 2.36718
0.999009 -0.0185501 -0.040457 -0.0890753 0.0181487 0.999783 -0.0102667 -0.00957954 0.0406387 0.00952231 0.999129 2.42617
0.998948 -0.0199745 -0.0412815 -0.0921837 0.0195457 0.999751 -0.0107639 -0.0120717 0.0414862 0.00994566 0.99909 2.48877
0.998972 -0.0193155 -0.0410011 -0.0951653 0.0188961 0.999765 -0.0105912 -0.012364 0.041196 0.00980559 0.999103 2.54932
0.998953 -0.0193776 -0.0414493 -0.097692 0.0189328 0.999759 -0.0110956 -0.0131418 0.0416544 0.0102992 0.999079 2.60785
0.998955 -0.0203131 -0.0409533 -0.0995421 0.0198799 0.999742 -0.0109585 -0.0144559 0.0411654 0.0101329 0.999101 2.66886
0.998958 -0.0195647 -0.0412423 -0.104671 0.0191355 0.999759 -0.0107745 -0.0136555 0.0414432 0.00997405 0.999091 2.72813
0.998977 -0.0203846 -0.0403657 -0.107591 0.0199628 0.999742 -0.0108256 -0.0165104 0.0405759 0.0100088 0.999126 2.79481
0.998965 -0.0204335 -0.0406392 -0.110458 0.019998 0.999738 -0.0110946 -0.0169915 0.0408553 0.0102704 0.999112 2.85455
0.998977 -0.0198191 -0.0406402 -0.112948 0.0193688 0.999747 -0.0114428 -0.0178696 0.0408567 0.0106439 0.999108 2.9072
0.998954 -0.0209073 -0.0406551 -0.115586 0.0204608 0.999726 -0.0113691 -0.0183115 0.0408817 0.0105254 0.999109 2.97512
0.998995 -0.0196555 -0.0402921 -0.116781 0.019229 0.999755 -0.0109462 -0.0177894 0.0404974 0.0101604 0.999128 3.03261
0.998946 -0.0206287 -0.0409932 -0.118065 0.0201729 0.99973 -0.0115025 -0.0191688 0.0412195 0.0106634 0.999093 3.10062
0.998955 -0.0205035 -0.0408446 -0.120744 0.0200532 0.999734 -0.0114038 -0.0196061 0.0410676 0.0105728 0.9991 3.16047
0.998904 -0.0209873 -0.0418464 -0.122156 0.0205072 0.999719 -0.0118695 -0.0203425 0.0420838 0.0109983 0.999054 3.22158
0.998917 -0.0207616 -0.0416337 -0.12786 0.0202958 0.999727 -0.0115798 -0.0209208 0.0418627 0.0107222 0.999066 3.28002
0.998909 -0.021113 -0.0416555 -0.128774 0.0206544 0.999722 -0.0114087 -0.0218805 0.0418848 0.0105359 0.999067 3.33936
0.998984 -0.0195037 -0.0406279 -0.131662 0.0190641 0.999756 -0.0111806 -0.0230585 0.040836 0.0103947 0.999112 3.4014
0.998974 -0.0194146 -0.0409087 -0.134633 0.0189541 0.999753 -0.011615 -0.0236385 0.0411241 0.0108277 0.999095 3.46197
0.998973 -0.019981 -0.0406537 -0.136579 0.0195366 0.999745 -0.0113005 -0.0239162 0.0408691 0.0104947 0.999109 3.50924
0.998976 -0.0194407 -0.0408451 -0.137708 0.018988 0.999754 -0.011444 -0.0245813 0.0410576 0.0106568 0.9991 3.5452
0.998979 -0.0195873 -0.0407049 -0.138944 0.0191454 0.999754 -0.0112158 -0.0246274 0.0409146 0.0104251 0.999108 3.57052
0.998983 -0.0199912 -0.0404212 -0.13985 0.0195325 0.999741 -0.0117103 -0.0251299 0.0406448 0.0109088 0.999114 3.59254
0.998973 -0.0198754 -0.040725 -0.140588 0.0194239 0.999746 -0.0114525 -0.0250028 0.0409423 0.0106497 0.999105 3.60599
0.998932 -0.0199468 -0.0416696 -0.142634 0.0194622 0.999739 -0.0120034 -0.0253522 0.0418981 0.0111796 0.999059 3.61397
0.998967 -0.0201702 -0.040725 -0.141975 0.0197171 0.99974 -0.0114956 -0.0260324 0.0409463 0.0106807 0.999104 3.63374
0.998975 -0.0199791 -0.0406222 -0.142927 0.0195335 0.999745 -0.011339 -0.0258931 0.0408384 0.0105339 0.99911 3.66233
0.998981 -0.0197478 -0.0405953 -0.144275 0.0192642 0.999739 -0.0122702 -0.0263363 0.040827 0.0114756 0.9991 3.70226
0.99897 -0.020006 -0.0407259 -0.145909 0.0195057 0.99973 -0.0126438 -0.0272839 0.0409679 0.0118364 0.99909 3.74681
0.99899 -0.0195221 -0.0404613 -0.148212 0.0190447 0.999745 -0.0121517 -0.0279271 0.0406882 0.0113688 0.999107 3.79539
0.998971 -0.0199838 -0.0407024 -0.149098 0.0195076 0.999737 -0.012064 -0.028678 0.0409328 0.0112576 0.999098 3.83517
0.998999 -0.0187986 -0.0406006 -0.150606 0.0183275 0.999761 -0.011944 -0.0277773 0.0408154 0.0111879 0.999104 3.86535
0.99898 -0.0199584 -0.0404947 -0.152602 0.0194585 0.99973 -0.0127011 -0.0281439 0.0407373 0.0119002 0.999099 3.88733
0.99897 -0.0204871 -0.0404845 -0.153196 0.0199887 0.99972 -0.0126776 -0.028221 0.0407328 0.0118553 0.9991 3.90251
0.998971 -0.0203398 -0.0405364 -0.154175 0.0198223 0.999717 -0.0131265 -0.0284179 0.0407919 0.0123094 0.999092 3.91322
0.998956 -0.020221 -0.0409537 -0.153985 0.0197157 0.999725 -0.0127058 -0.0281159 0.0411993 0.0118851 0.99908 3.92128
0.998175 -0.0198376 -0.0570415 -0.156737 0.0191306 0.999734 -0.0129149 -0.0284216 0.0572825 0.0118001 0.998288 3.92662
0.995796 -0.0194089 -0.0895207 -0.161883 0.0182938 0.999745 -0.0132595 -0.0287679 0.0897552 0.011566 0.995897 3.92894
0.991287 -0.019126 -0.130326 -0.167995 0.0174744 0.999752 -0.0138051 -0.0286849 0.130558 0.0114075 0.991375 3.92895
0.984496 -0.0190276 -0.174369 -0.174827 0.0167228 0.999752 -0.014678 -0.0289007 0.174605 0.0115345 0.984571 3.92699
0.978423 -0.0189808 -0.20574 -0.179079 0.0162062 0.999754 -0.0151629 -0.0290814 0.205977 0.0115015 0.978489 3.92636
0.974793 -0.0194512 -0.222262 -0.181264 0.0164328 0.999746 -0.0154217 -0.0291585 0.222505 0.0113806 0.974865 3.92569
0.969122 -0.0194824 -0.24581 -0.184599 0.0160169 0.999742 -0.0160899 -0.029197 0.24606 0.011656 0.969185 3.92395
0.959354 -0.0195843 -0.281525 -0.189186 0.015568 0.999743 -0.016496 -0.0293697 0.281776 0.0114427 0.959412 3.9213
0.946433 -0.019726 -0.322296 -0.194481 0.0149316 0.999738 -0.0173414 -0.0294335 0.322554 0.0116001 0.94648 3.91675
0.93024 -0.0192759 -0.366446 -0.200051 0.0137635 0.999749 -0.0176498 -0.0293798 0.366694 0.011375 0.930272 3.91177
0.911584 -0.0196405 -0.410645 -0.205658 0.0131721 0.999741 -0.0185754 -0.0297552 0.410904 0.0115239 0.911606 3.90736
0.897458 -0.0190025 -0.440691 -0.209798 0.0118081 0.999749 -0.019062 -0.0298087 0.440942 0.0119036 0.897456 3.90272
0.882607 -0.0187952 -0.469736 -0.213198 0.0108684 0.999749 -0.0195813 -0.0297108 0.469986 0.0121773 0.88259 3.89882
0.862353 -0.0193942 -0.505936 -0.217347 0.0108646 0.999745 -0.0198051 -0.0298562 0.506191 0.0115822 0.862344 3.89385
0.838302 -0.0193428 -0.544862 -0.221833 0.00993423 0.999746 -0.0202069 -0.0300867 0.545115 0.0115267 0.838282 3.88803
0.811428 -0.0191004 -0.58414 -0.226304 0.00880327 0.999752 -0.0204615 -0.0301856 0.584386 0.0114607 0.811395 3.88161
0.782295 -0.0186982 -0.622627 -0.230409 0.00735049 0.999757 -0.0207884 -0.029977 0.622864 0.011686 0.782242 3.87532
0.750522 -0.0188497 -0.660577 -0.234013 0.00651413 0.999756 -0.0211271 -0.0298144 0.660814 0.0115533 0.750461 3.86799
0.716815 -0.0192702 -0.696997 -0.237119 0.00595429 0.999751 -0.0215169 -0.0300671 0.697238 0.0112735 0.716751 3.86049
0.680714 -0.0196143 -0.732286 -0.240106 0.00515146 0.999745 -0.0219895 -0.0298755 0.732531 0.0111963 0.680642 3.85265
0.643608 -0.0193851 -0.76511 -0.243048 0.00367939 0.999746 -0.0222348 -0.0301639 0.765347 0.0114954 0.643515 3.84512
0.604795 -0.0187566 -0.79616 -0.245634 0.00194242 0.999754 -0.0220775 -0.0303695 0.796379 0.0118059 0.604683 3.83761
0.564127 -0.0187903 -0.825474 -0.247474 0.00102937 0.999756 -0.022054 -0.0301849 0.825688 0.0115915 0.564008 3.82972
0.521898 -0.0187059 -0.852803 -0.248785 -0.00058 0.999752 -0.0222841 -0.030348 0.853008 0.0121247 0.521757 3.82152
0.478885 -0.018427 -0.877684 -0.250369 -0.00175403 0.999758 -0.021947 -0.0300569 0.877876 0.0120495 0.478736 3.81347
0.434532 -0.0182445 -0.900472 -0.251176 -0.0031601 0.999758 -0.0217811 -0.0300324 0.900651 0.0123102 0.434369 3.80559
0.389191 -0.0191869 -0.920957 -0.251254 -0.00321529 0.999749 -0.0221871 -0.0298558 0.921151 0.0115962 0.389032 3.79816
0.357659 -0.019258 -0.933654 -0.251193 -0.0036959 0.99975 -0.0220371 -0.0300296 0.933845 0.0113325 0.357498 3.79285
0.340888 -0.0190306 -0.939911 -0.251198 -0.00443356 0.999751 -0.0218502 -0.029908 0.940093 0.0116156 0.340719 3.78985
0.317402 -0.0190338 -0.9481 -0.250337 -0.00506155 0.99975 -0.0217653 -0.0296974 0.948278 0.0117072 0.317226 3.78599
0.282066 -0.0192863 -0.959201 -0.249963 -0.00596264 0.999743 -0.0218549 -0.0298292 0.959376 0.0118839 0.281879 3.77982
0.239476 -0.0192074 -0.970712 -0.249318 -0.00684865 0.999746 -0.0214714 -0.0296065 0.970878 0.01179 0.239284 3.77328
0.194558 -0.0191228 -0.980705 -0.248122 -0.00783714 0.999748 -0.0210489 -0.0295862 0.98086 0.0117811 0.194359 3.76575
0.147164 -0.0191472 -0.988927 -0.246259 -0.00861769 0.99975 -0.0206391 -0.0294445 0.989075 0.0115596 0.146962 3.75836
0.113995 -0.0191751 -0.993296 -0.245265 -0.00902439 0.999752 -0.0203354 -0.0293117 0.99344 0.011282 0.113794 3.75335
0.09738 -0.0191387 -0.995063 -0.244407 -0.00936617 0.999753 -0.0201455 -0.0292692 0.995203 0.0112817 0.0971767 3.75068
0.0885489 -0.0190516 -0.99589 -0.244976 -0.0096553 0.999754 -0.019984 -0.0289882 0.996025 0.0113852 0.0883431 3.74996
0.083938 -0.0189325 -0.996291 -0.244859 -0.00996438 0.999754 -0.0198378 -0.0289789 0.996421 0.0115926 0.0837286 3.74942
0.0812736 -0.0188213 -0.996514 -0.244694 -0.0105226 0.99975 -0.0197406 -0.0291515 0.996636 0.0120904 0.0810553 3.74852
0.0799979 -0.0187596 -0.996618 -0.255171 -0.0106434 0.99975 -0.0196728 -0.0292213 0.996738 0.0121812 0.0797782 3.74989
0.0794211 -0.0189073 -0.996662 -0.279768 -0.0102181 0.999752 -0.0197802 -0.0297493 0.996789 0.0117549 0.0792082 3.75146
0.0800996 -0.0191945 -0.996602 -0.313717 -0.00990073 0.99975 -0.0200509 -0.0301837 0.996738 0.0114732 0.0798896 3.75313
0.0800453 -0.0192215 -0.996606 -0.355194 -0.009262 0.999757 -0.0200262 -0.030907 0.996748 0.0108336 0.0798478 3.75675
0.0798259 -0.0193255 -0.996621 -0.401739 -0.00959404 0.999751 -0.0201546 -0.0317111 0.996763 0.0111705 0.0796206 3.76018
0.0793108 -0.0192225 -0.996665 -0.451954 -0.00930324 0.999756 -0.0200224 -0.0331064 0.996807 0.0108602 0.0791127 3.76363
0.0794139 -0.0193742 -0.996653 -0.504146 -0.00944847 0.999752 -0.0201873 -0.0332548 0.996797 0.01102 0.0792111 3.76731
0.0796084 -0.0192863 -0.99664 -0.560755 -0.00946436 0.999753 -0.0201025 -0.0349976 0.996781 0.0110329 0.0794063 3.77254
0.0797387 -0.0194056 -0.996627 -0.616403 -0.00988464 0.999746 -0.0202572 -0.035968 0.996767 0.0114666 0.0795266 3.77675
0.0794978 -0.0196689 -0.996641 -0.674107 -0.00966682 0.999743 -0.0205012 -0.037718 0.996788 0.0112642 0.0792872 3.78096
0.0791506 -0.0194162 -0.996674 -0.731715 -0.0109037 0.999734 -0.0203417 -0.03702 0.996803 0.0124774 0.0789178 3.78703
0.0796987 -0.0195165 -0.996628 -0.792126 -0.00996973 0.999743 -0.0203747 -0.0395832 0.996769 0.0115599 0.0794836 3.79046
0.0792964 -0.0200403 -0.99665 -0.841634 -0.00878213 0.999745 -0.0208012 -0.0409738 0.996812 0.0104022 0.0791002 3.79382
0.0791172 -0.0199518 -0.996666 -0.876018 -0.00904208 0.999744 -0.0207312 -0.0414233 0.996824 0.0106521 0.0789166 3.79629
0.0791301 -0.0202288 -0.996659 -0.900882 -0.00855515 0.999743 -0.0209706 -0.0421396 0.996828 0.010186 0.0789367 3.79878
0.0791472 -0.0199116 -0.996664 -0.918969 -0.00886443 0.999747 -0.0206771 -0.0423765 0.996824 0.0104714 0.0789506 3.79988
0.079131 -0.019977 -0.996664 -0.93246 -0.00904573 0.999744 -0.0207569 -0.0428661 0.996823 0.0106581 0.07893 3.80044
0.0790172 -0.0200511 -0.996672 -0.942543 -0.00908072 0.999742 -0.0208328 -0.0430019 0.996832 0.0106966 0.0788147 3.80152
0.0790507 -0.0200242 -0.996669 -0.948165 -0.00926029 0.99974 -0.0208203 -0.0426279 0.996828 0.0108753 0.0788447 3.80266
0.0791325 -0.0200126 -0.996663 -0.953317 -0.00891043 0.999744 -0.0207819 -0.0428626 0.996824 0.0105252 0.0789339 3.80258
0.0790143 -0.0199632 -0.996674 -0.957375 -0.00916851 0.999743 -0.0207515 -0.0435373 0.996831 0.0107777 0.0788109 3.80302
0.079011 -0.0201157 -0.996671 -0.959295 -0.00929539 0.999738 -0.0209145 -0.0432324 0.99683 0.0109169 0.0788033 3.8035
0.0787814 -0.0202858 -0.996685 -0.961967 -0.0087663 0.99974 -0.0210409 -0.0437608 0.996853 0.0103949 0.0785831 3.80349
0.0630131 -0.0200503 -0.997811 -0.962266 -0.00916485 0.999744 -0.0206679 -0.0438567 0.997971 0.0104471 0.0628133 3.80079
0.0302106 -0.0199771 -0.999344 -0.960918 -0.00983967 0.999746 -0.0202826 -0.0434096 0.999495 0.010446 0.0300063 3.79547
-0.0102486 -0.0201621 -0.999744 -0.959487 -0.0108807 0.99974 -0.0200504 -0.0430939 0.999888 0.0106724 -0.0104653 3.79025
-0.0557096 -0.019872 -0.998249 -0.957121 -0.0115368 0.999748 -0.019258 -0.0430288 0.99838 0.0104437 -0.0559248 3.78257
-0.10879 -0.0198791 -0.993866 -0.955012 -0.0129097 0.999744 -0.0185836 -0.0433292 0.993981 0.0108088 -0.109019 3.77525
-0.13543 -0.0198308 -0.990588 -0.952339 -0.0133817 0.999745 -0.0181846 -0.043 0.990697 0.010793 -0.135661 3.77144
-0.152286 -0.0198736 -0.988137 -0.950928 -0.0130275 0.999751 -0.0180994 -0.0429156 0.988251 0.0101167 -0.152508 3.76896
-0.176604 -0.0200053 -0.984079 -0.949573 -0.014416 0.999739 -0.0177366 -0.0432482 0.984176 0.0110542 -0.176846 3.76553
-0.212639 -0.0200974 -0.976924 -0.945674 -0.0148941 0.999739 -0.0173249 -0.0430028 0.977017 0.0108665 -0.212883 3.76074
-0.254902 -0.0198743 -0.966763 -0.941453 -0.0151001 0.999749 -0.016571 -0.042252 0.966849 0.0103742 -0.255138 3.75465
-0.29958 -0.0200264 -0.953861 -0.936907 -0.0160282 0.999744 -0.0159557 -0.042062 0.953937 0.0105087 -0.299824 3.74861
-0.345184 -0.0199124 -0.938324 -0.931883 -0.0162433 0.999752 -0.0152405 -0.0421807 0.938395 0.00998068 -0.345422 3.74286
-0.390907 -0.0199831 -0.920213 -0.925905 -0.017278 0.999747 -0.0143706 -0.0420773 0.920268 0.0102819 -0.391153 3.73685
-0.43651 -0.0199419 -0.899479 -0.92034 -0.0180366 0.999747 -0.0134119 -0.0418235 0.899519 0.0103691 -0.436759 3.7315
-0.480734 -0.0197838 -0.876643 -0.914623 -0.0186724 0.99975 -0.0123224 -0.0416264 0.876668 0.0104452 -0.480983 3.72625
-0.523605 -0.0198323 -0.85173 -0.908086 -0.01904 0.999752 -0.0115741 -0.041589 0.851748 0.0101567 -0.523853 3.7211
-0.565323 -0.0196747 -0.824635 -0.901449 -0.0200674 0.999748 -0.0100956 -0.0415458 0.824625 0.010841 -0.565575 3.7166
-0.605802 -0.019866 -0.795368 -0.894883 -0.0206728 0.999744 -0.00922511 -0.041644 0.795347 0.0108539 -0.606057 3.71267
-0.645516 -0.0199195 -0.763487 -0.887544 -0.021081 0.999744 -0.00825975 -0.0415609 0.763456 0.0107633 -0.645771 3.70834
-0.68224 -0.0197539 -0.730862 -0.880635 -0.0206164 0.999757 -0.00777686 -0.0409028 0.730838 0.00976203 -0.682481 3.70506
-0.717867 -0.0196907 -0.695902 -0.873328 -0.0210721 0.999756 -0.00655108 -0.0405071 0.695862 0.00996135 -0.718107 3.70162
-0.751761 -0.0195094 -0.659147 -0.86589 -0.0212539 0.99976 -0.0053506 -0.0406041 0.659093 0.00998707 -0.751995 3.69882
-0.783782 -0.0195146 -0.620729 -0.85791 -0.0212786 0.999763 -0.00456266 -0.0407607 0.620671 0.00963213 -0.784012 3.696
-0.813811 -0.0197043 -0.580796 -0.849968 -0.0217603 0.999757 -0.00342755 -0.0402261 0.580722 0.00984893 -0.814042 3.69399
-0.842032 -0.0190726 -0.53909 -0.842744 -0.020989 0.999776 -0.00258754 -0.0402636 0.539018 0.00913613 -0.842244 3.69231
-0.86174 -0.0192017 -0.506986 -0.836914 -0.0211862 0.999774 -0.0018547 -0.0399062 0.506907 0.00914285 -0.861952 3.69158
-0.868665 -0.018963 -0.495036 -0.834553 -0.0208976 0.99978 -0.00162783 -0.0401244 0.494958 0.00893103 -0.868871 3.69102
-0.881126 -0.0183545 -0.472525 -0.831262 -0.0203629 0.999792 -0.000864208 -0.0402503 0.472443 0.00886052 -0.881317 3.69087
-0.897975 -0.0189829 -0.439637 -0.825439 -0.0210285 0.999779 -0.000217487 -0.0401452 0.439544 0.00904961 -0.898176 3.68986
-0.915984 -0.0193955 -0.400746 -0.817903 -0.021736 0.999763 0.00129485 -0.0399524 0.400626 0.00989669 -0.916188 3.68974
-0.933834 -0.0193408 -0.357183 -0.810299 -0.0215189 0.999766 0.0021242 -0.0397641 0.357059 0.00966983 -0.934032 3.68985
-0.949888 -0.0192587 -0.311997 -0.802354 -0.0213184 0.999768 0.00319186 -0.0396455 0.311863 0.00968319 -0.950078 3.69001
-0.959649 -0.0193975 -0.280532 -0.797138 -0.0213469 0.999765 0.00389459 -0.0397378 0.28039 0.00972592 -0.959837 3.69035
-0.964304 -0.0191829 -0.264102 -0.794898 -0.0210951 0.999768 0.00440612 -0.039574 0.263956 0.0098201 -0.964485 3.69051
-0.966735 -0.0190799 -0.255068 -0.793718 -0.0208763 0.999773 0.00433716 -0.0395637 0.254927 0.00951775 -0.966913 3.6909
-0.967846 -0.0189614 -0.250827 -0.793093 -0.020734 0.999775 0.00442596 -0.0396754 0.250686 0.00948428 -0.968022 3.69114
-0.968461 -0.0194988 -0.2484 -0.792293 -0.0212981 0.999763 0.00455835 -0.039517 0.248252 0.00970506 -0.968647 3.69096
-0.968807 -0.0192247 -0.24707 -0.792701 -0.0209665 0.99977 0.0044206 -0.0397022 0.246929 0.00946291 -0.968987 3.6912
-0.972806 -0.018846 -0.230855 -0.789978 -0.0205204 0.999778 0.00485389 -0.0396048 0.230712 0.00945913 -0.972976 3.69148
-0.979784 -0.0188999 -0.199162 -0.784768 -0.0204405 0.999775 0.00568177 -0.0393943 0.19901 0.00963788 -0.97995 3.69227
-0.987129 -0.0185899 -0.158841 -0.778269 -0.0198572 0.999782 0.00639456 -0.0393165 0.158688 0.0094664 -0.987283 3.69364
-0.993337 -0.018879 -0.113692 -0.771265 -0.0198079 0.999779 0.00704643 -0.0395115 0.113534 0.00925149 -0.993491 3.69526
-0.996392 -0.0188686 -0.0827482 -0.766158 -0.0196009 0.999776 0.00804626 -0.0394555 0.0825778 0.00963916 -0.996538 3.69667
-0.997631 -0.0186686 -0.0662112 -0.763562 -0.0192579 0.99978 0.00827291 -0.0393149 0.0660422 0.0095284 -0.997771 3.69693
-0.998123 -0.0194701 -0.0580577 -0.761834 -0.0199892 0.999765 0.00837421 -0.038763 0.057881 0.00951902 -0.998278 3.69738
-0.998366 -0.0195486 -0.0536919 -0.76136 -0.020034 0.999763 0.00851857 -0.0389305 0.0535126 0.00958032 -0.998521 3.69772
-0.998501 -0.019305 -0.051208 -0.761058 -0.0197715 0.999767 0.00861978 -0.0388143 0.0510297 0.00961932 -0.998651 3.69792
-0.998557 -0.019202 -0.0501507 -0.761077 -0.0196442 0.999772 0.0083393 -0.0389765 0.0499792 0.00931243 -0.998707 3.69822
-0.998585 -0.0194207 -0.0494984 -0.760978 -0.0198511 0.999769 0.00821911 -0.0390956 0.0493274 0.00919008 -0.99874 3.6985
-0.998603 -0.0195536 -0.049081 -0.760941 -0.0199928 0.999764 0.00847375 -0.038964 0.0489038 0.00944319 -0.998759 3.69816
-0.998611 -0.0193022 -0.0490356 -0.760959 -0.0197366 0.99977 0.00838919 -0.0390998 0.0488624 0.00934532 -0.998762 3.69839
-0.998621 -0.019246 -0.0488481 -0.76113 -0.0196884 0.999769 0.00859266 -0.0390131 0.0486715 0.00954256 -0.998769 3.69809
-0.998625 -0.0191907 -0.0487775 -0.761069 -0.0196312 0.999771 0.00856616 -0.0390024 0.0486019 0.00951194 -0.998773 3.69814
-0.998622 -0.0192391 -0.0488172 -0.761017 -0.0196804 0.99977 0.0085756 -0.0390086 0.048641 0.00952453 -0.998771 3.69817
-0.998615 -0.0192897 -0.0489431 -0.761038 -0.0197322 0.999769 0.00857486 -0.0390075 0.0487663 0.00952874 -0.998765 3.69812
-0.998621 -0.0192984 -0.0488301 -0.760965 -0.019746 0.999767 0.0087005 -0.0390201 0.0486508 0.0096527 -0.998769 3.6981
-0.998616 -0.0192825 -0.048924 -0.760989 -0.0197241 0.999769 0.0085606 -0.0389667 0.0487476 0.00951373 -0.998766 3.69811
-0.998594 -0.0197697 -0.0491877 -0.761223 -0.0201966 0.999762 0.00819604 -0.0383992 0.049014 0.00917794 -0.998756 3.68699
-0.998596 -0.0196094 -0.0492162 -0.762424 -0.0200139 0.99977 0.0077396 -0.0384309 0.0490531 0.00871373 -0.998758 3.66302
-0.9986 -0.019897 -0.0490073 -0.763948 -0.0203177 0.999761 0.00810203 -0.0382625 0.0488344 0.00908641 -0.998766 3.62857
-0.998593 -0.0195912 -0.0492852 -0.766159 -0.0200052 0.999768 0.00792099 -0.0381323 0.0491186 0.0088958 -0.998753 3.5871
-0.998582 -0.0194814 -0.0495456 -0.768699 -0.0199043 0.999769 0.00805519 -0.0375323 0.0493772 0.00902993 -0.998739 3.54149
-0.998575 -0.0195801 -0.0496527 -0.770405 -0.0199336 0.999779 0.00663384 -0.0365118 0.0495119 0.00761414 -0.998745 3.49011
-0.998563 -0.0199063 -0.0497626 -0.772661 -0.0202664 0.999772 0.00674227 -0.0360924 0.049617 0.00774108 -0.998738 3.43698
-0.998573 -0.0196334 -0.0496677 -0.774437 -0.019993 0.999777 0.00675475 -0.0351466 0.0495241 0.00773811 -0.998743 3.38269
-0.998588 -0.019903 -0.0492448 -0.776423 -0.0202515 0.999773 0.00658887 -0.0357906 0.0491025 0.00757685 -0.998765 3.32625
-0.998547 -0.0204868 -0.0498508 -0.780433 -0.0208605 0.999758 0.00698627 -0.0349926 0.0496956 0.00801603 -0.998732 3.2692
-0.998505 -0.0181823 -0.0515425 -0.778848 -0.0184524 0.999818 0.00476996 -0.0311541 0.0514464 0.00571391 -0.998659 3.20911
-0.998507 -0.0181589 -0.051524 -0.781222 -0.018433 0.999818 0.0048487 -0.0307914 0.0514266 0.0057912 -0.99866 3.15055
-0.998498 -0.0179471 -0.0517633 -0.783994 -0.0182182 0.999823 0.00477119 -0.0303908 0.0516685 0.00570707 -0.998648 3.09201
-0.998494 -0.0188201 -0.0515237 -0.788711 -0.0190914 0.999806 0.00477855 -0.0310584 0.0514238 0.00575502 -0.99866 3.0331
-0.998491 -0.0179772 -0.0518968 -0.791004 -0.0182299 0.999824 0.00439948 -0.0303976 0.0518086 0.00533891 -0.998643 2.97067
-0.99848 -0.0179943 -0.0520891 -0.797854 -0.0183929 0.999805 0.00718354 -0.0357097 0.0519497 0.00813069 -0.998617 2.91053
-0.998473 -0.0181253 -0.0521902 -0.800582 -0.0185145 0.999804 0.00698491 -0.0352143 0.0520534 0.00794052 -0.998613 2.85087
-0.998473 -0.01769 -0.0523272 -0.803512 -0.0181086 0.999808 0.00753738 -0.0338944 0.0521838 0.00847345 -0.998602 2.79202
-0.998482 -0.0183409 -0.0519276 -0.806841 -0.0187123 0.999803 0.00667529 -0.0346505 0.0517949 0.00763685 -0.998629 2.7316
-0.998503 -0.0174105 -0.0518451 -0.808233 -0.0178026 0.999816 0.00711076 -0.0346513 0.0517118 0.0080231 -0.99863 2.67148
-0.998549 -0.0159059 -0.051447 -0.813243 -0.0161403 0.999861 0.0041441 -0.0305369 0.0513739 0.00496846 -0.998667 2.61287
-0.998527 -0.0167256 -0.0516153 -0.816534 -0.0169745 0.999846 0.0043882 -0.0297636 0.051534 0.00525788 -0.998657 2.55332
-0.998534 -0.017098 -0.0513537 -0.819415 -0.0173446 0.99984 0.00435851 -0.0303541 0.0512709 0.00524283 -0.998671 2.49263
-0.998554 -0.0160879 -0.0512998 -0.821854 -0.0163211 0.999858 0.0041309 -0.0315698 0.051226 0.00496219 -0.998675 2.44277
-0.99854 -0.0160937 -0.0515726 -0.823108 -0.0163091 0.99986 0.00375985 -0.0295854 0.0515049 0.00459546 -0.998662 2.40798
-0.998498 -0.0170896 -0.0520596 -0.824685 -0.0173298 0.999841 0.00416503 -0.0312529 0.0519802 0.00506095 -0.998635 2.38183
-0.998506 -0.0168742 -0.051972 -0.825644 -0.0171094 0.999845 0.00408281 -0.0308048 0.0518951 0.00496592 -0.99864 2.36358
-0.99852 -0.0166239 -0.0517901 -0.826305 -0.0168613 0.999849 0.00414908 -0.031326 0.0517133 0.00501619 -0.998649 2.3504
-0.998501 -0.0172229 -0.0519467 -0.826592 -0.0174773 0.999837 0.00444868 -0.0311223 0.0518616 0.0053499 -0.99864 2.34043
-0.998499 -0.0173532 -0.0519544 -0.826953 -0.0176065 0.999835 0.00442085 -0.0310758 0.0518691 0.00532894 -0.99864 2.33343
-0.998501 -0.0168479 -0.0520812 -0.827198 -0.0170582 0.999848 0.00359691 -0.030935 0.0520127 0.00447993 -0.998636 2.32886
-0.998505 -0.0169373 -0.051978 -0.827392 -0.0171369 0.999847 0.00339547 -0.0307808 0.0519126 0.00428113 -0.998642 2.32538
-0.998512 -0.0168396 -0.0518583 -0.827443 -0.0170406 0.999849 0.00343608 -0.030822 0.0517926 0.00431466 -0.998649 2.32285
-0.999226 -0.0161074 -0.0358914 -0.825443 -0.0162718 0.999858 0.00429142 -0.0307069 0.0358172 0.00487212 -0.999346 2.32161
