1 -0 0 -0 -0 1 -0 0 0 -0 1 0
1 -0.000228315 4.51167e-06 9.26359e-05 0.000228316 1 -7.36855e-05 -7.96654e-06 -4.49484e-06 7.36866e-05 1 1.39486e-05
1 -4.51029e-05 1.06617e-05 2.64174e-05 4.51031e-05 1 -1.92566e-05 1.95166e-05 -1.06608e-05 1.9257e-05 1 2.65522e-05
1 -9.00674e-06 5.57137e-05 9.42933e-05 9.00808e-06 1 -2.39735e-05 -4.934e-05 -5.57134e-05 2.3974e-05 1 2.68695e-05
1 1.2089e-05 2.69225e-05 3.05211e-05 -1.20894e-05 1 1.57776e-05 2.03366e-06 -2.69224e-05 -1.57779e-05 1 5.88572e-05
1 5.86145e-05 6.7237e-05 -2.02442e-06 -5.86136e-05 1 -1.38283e-05 1.46326e-05 -6.72379e-05 1.38243e-05 1 -3.23523e-05
1 3.33515e-05 -6.92631e-06 -2.35397e-05 -3.33515e-05 1 2.87575e-06 2.4178e-05 6.92641e-06 -2.87552e-06 1 -5.86928e-06
1 3.58224e-05 -9.87035e-06 3.52032e-05 -3.58228e-05 1 -3.82999e-05 2.76131e-07 9.86898e-06 3.83002e-05 1 -3.25842e-05
1 2.92874e-05 -2.84406e-05 -6.43711e-06 -2.92875e-05 1 -5.26321e-06 2.79073e-05 2.84405e-05 5.26404e-06 1 -2.37293e-06
1 6.39436e-06 -1.81347e-05 -1.93302e-07 -6.39439e-06 1 -1.62485e-06 1.89472e-05 1.81347e-05 1.62497e-06 1 -2.26029e-05
1 2.26413e-05 2.07549e-05 2.73309e-05 -2.26409e-05 1 -1.61272e-05 8.59896e-06 -2.07553e-05 1.61268e-05 1 -2.04077e-05
1 6.39314e-06 -1.8135e-05 -1.92531e-07 -6.39317e-06 1 -1.62436e-06 1.89473e-05 1.8135e-05 1.62448e-06 1 -2.26022e-05
1 6.82443e-05 -1.14361e-05 2.77053e-05 -6.82444e-05 1 -9.57787e-06 -1.05717e-05 1.14355e-05 9.57865e-06 1 2.59892e-05
1 3.16047e-05 1.47473e-05 2.64196e-05 -3.16044e-05 1 -1.83864e-05 1.6808e-05 -1.47479e-05 1.8386e-05 1 -3.38212e-05
1 7.14932e-05 -6.75037e-06 1.1331e-05 -7.14932e-05 1 -9.32548e-06 -8.81988e-06 6.74971e-06 9.32596e-06 1 2.50549e-05
1 1.25704e-05 -8.00603e-06 -3.54134e-05 -1.25707e-05 1 -3.93501e-05 4.72064e-07 8.00553e-06 3.93502e-05 1 -2.39237e-05
1 2.80674e-05 -2.57638e-05 -8.47689e-06 -2.80675e-05 1 -3.62813e-06 2.72254e-05 2.57637e-05 3.62885e-06 1 -2.4276e-07
1 4.48068e-05 5.91049e-06 1.15417e-05 -4.48066e-05 1 -3.88443e-05 1.66648e-05 -5.91224e-06 3.8844e-05 1 -1.67711e-05
1 4.78936e-05 -1.72257e-05 -6.11147e-06 -4.78945e-05 1 -5.18507e-05 -1.99463e-06 1.72232e-05 5.18516e-05 1 -5.58248e-06
1 3.53499e-05 -1.07896e-05 -2.07919e-05 -3.53499e-05 1 2.33927e-06 2.3635e-05 1.07897e-05 -2.33889e-06 1 -9.73048e-06
1 1.7257e-05 -8.88872e-06 1.70835e-05 -1.72573e-05 1 -2.94771e-05 2.50107e-06 8.88821e-06 2.94772e-05 1 3.71105e-05
1 2.18122e-05 -1.41199e-05 1.79311e-05 -2.18119e-05 1 1.6798e-05 2.62134e-05 1.41203e-05 -1.67977e-05 1 -1.0123e-05
1 5.28939e-05 -7.46927e-06 1.23955e-05 -5.28942e-05 1 -4.69712e-05 2.06508e-06 7.46679e-06 4.69716e-05 1 1.93427e-05
1 3.74317e-05 -2.12978e-05 -2.34541e-05 -3.7432e-05 1 -1.22389e-05 1.45169e-05 2.12974e-05 1.22397e-05 1 -1.76609e-06
1 3.05681e-06 -2.67923e-05 2.62076e-05 -3.05798e-06 1 -4.3726e-05 7.10066e-06 2.67921e-05 4.37261e-05 1 1.09216e-05
1 2.45856e-05 -1.4558e-05 1.3759e-05 -2.45854e-05 1 1.35255e-05 2.13588e-05 1.45584e-05 -1.35252e-05 1 -1.77365e-05
1 2.59184e-05 3.12791e-05 7.63289e-05 -2.59175e-05 1 -2.7128e-05 -3.18627e-05 -3.12798e-05 2.71272e-05 1 3.79293e-06
1 7.82597e-06 -1.93862e-05 -2.07691e-06 -7.82599e-06 1 -8.73354e-07 1.91541e-05 1.93862e-05 8.73506e-07 1 -2.07122e-05
1 3.91414e-06 -2.8219e-05 -3.64298e-07 -3.91549e-06 1 -4.76452e-05 2.5471e-05 2.82188e-05 4.76453e-05 1 2.03523e-05
1 7.82715e-06 -1.93858e-05 -2.07766e-06 -7.82716e-06 1 -8.73862e-07 1.9154e-05 1.93858e-05 8.74013e-07 1 -2.07129e-05
1 3.4005e-05 2.64773e-05 5.41417e-05 -3.40048e-05 1 -7.49972e-06 1.60826e-05 -2.64776e-05 7.49882e-06 1 -2.91188e-05
1 5.00468e-05 5.86297e-06 -2.11723e-05 -5.00465e-05 1 -5.17671e-05 2.97006e-05 -5.86556e-06 5.17668e-05 1 -5.33344e-05
1 3.59848e-05 -2.44327e-05 9.18588e-06 -3.59856e-05 1 -3.28693e-05 2.01009e-05 2.44315e-05 3.28702e-05 1 -4.63844e-05
1 4.90608e-05 -7.82134e-06 -3.49711e-06 -4.90612e-05 1 -4.67349e-05 1.98122e-05 7.81904e-06 4.67353e-05 1 -6.73863e-05
1 4.56005e-05 -5.76106e-06 -4.7697e-06 -4.56007e-05 1 -4.49754e-05 1.91464e-05 5.75901e-06 4.49757e-05 1 -6.507e-05
1 4.56005e-05 -5.76107e-06 -4.76971e-06 -4.56007e-05 1 -4.49754e-05 1.91464e-05 5.75901e-06 4.49757e-05 1 -6.50699e-05
1 1.06882e-05 -6.70911e-06 -1.0691e-05 -1.06884e-05 1 -3.20404e-05 -9.83568e-06 6.70877e-06 3.20404e-05 1 -3.89549e-05
1 3.91335e-06 1.78153e-05 7.64452e-05 -3.91313e-06 1 -1.23903e-05 5.54567e-06 -1.78154e-05 1.23902e-05 1 -5.37983e-06
1 5.31098e-05 -7.11877e-06 -1.01337e-05 -5.31102e-05 1 -5.02123e-05 3.14554e-05 7.1161e-06 5.02127e-05 1 -5.46214e-05
1 3.77392e-05 2.40317e-06 -7.12496e-06 -3.77392e-05 1 -1.61406e-05 2.52368e-05 -2.40378e-06 1.61405e-05 1 -2.39314e-05
1 6.52634e-05 -5.74446e-06 1.54707e-05 -6.52635e-05 1 -1.24018e-05 -9.0206e-06 5.74365e-06 1.24022e-05 1 2.50192e-05
1 4.65586e-05 -8.34864e-06 -8.61764e-06 -4.6559e-05 1 -5.18727e-05 3.21741e-05 8.34623e-06 5.18731e-05 1 -5.47536e-05
1 4.22834e-05 6.10964e-06 1.31613e-05 -4.22832e-05 1 -3.18781e-05 4.22882e-06 -6.11099e-06 3.18778e-05 1 -2.81278e-05
1 2.67268e-05 -1.32561e-05 -8.07955e-07 -2.67273e-05 1 -3.70308e-05 -1.94657e-06 1.32552e-05 3.70311e-05 1 5.8196e-07
1 4.72207e-05 -7.15275e-06 1.17056e-05 -4.72209e-05 1 -2.08074e-05 -1.47379e-05 7.15177e-06 2.08078e-05 1 2.1876e-05
1 3.27722e-05 5.08249e-06 -3.05592e-05 -3.27722e-05 1 8.98066e-06 1.90554e-05 -5.0822e-06 -8.98083e-06 1 1.75392e-05
1 1.83239e-05 -1.20749e-05 1.68309e-05 -1.83237e-05 1 1.84856e-05 2.55239e-05 1.20752e-05 -1.84854e-05 1 -8.01289e-06
1 3.15979e-05 -2.65104e-06 1.86494e-05 -3.15979e-05 1 -3.23286e-05 2.19842e-06 2.65002e-06 3.23286e-05 1 2.46807e-05
1 7.19565e-05 -6.88638e-06 2.65439e-05 -7.19567e-05 1 -3.57868e-05 2.91547e-06 6.8838e-06 3.57873e-05 1 3.14152e-05
1 3.80296e-05 -2.15312e-05 -2.36215e-05 -3.80299e-05 1 -1.25043e-05 1.44932e-05 2.15308e-05 1.25052e-05 1 -1.84327e-06
1 1.13078e-05 -2.80494e-05 3.81815e-05 -1.13089e-05 1 -3.98955e-05 8.72012e-06 2.80489e-05 3.98958e-05 1 3.21304e-05
1 2.35525e-05 -7.87355e-06 4.3853e-06 -2.35526e-05 1 -5.30211e-06 -4.13752e-06 7.87342e-06 5.3023e-06 1 3.65909e-05
1 2.80264e-05 2.9975e-05 8.00651e-05 -2.80256e-05 1 -2.96689e-05 -3.17568e-05 -2.99758e-05 2.9668e-05 1 2.65153e-06
1 1.55694e-05 -5.36061e-06 4.15863e-06 -1.55694e-05 1 8.54906e-06 -1.06659e-06 5.36074e-06 -8.54898e-06 1 -6.4701e-07
1 2.80311e-05 -4.26879e-06 1.78042e-05 -2.80312e-05 1 -3.46271e-05 1.36781e-06 4.26782e-06 3.46272e-05 1 -2.38568e-05
1 2.33409e-05 -2.51609e-06 1.37022e-05 -2.33409e-05 1 -7.16101e-06 -1.39038e-05 2.51593e-06 7.16107e-06 1 2.66527e-05
1 2.24275e-05 -5.74883e-07 1.60565e-05 -2.24275e-05 1 -7.26547e-06 -1.43064e-05 5.74721e-07 7.26548e-06 1 2.84316e-05
1 4.73904e-05 -5.79764e-06 -4.97635e-06 -4.73907e-05 1 -5.19382e-05 3.23786e-05 5.79518e-06 5.19385e-05 1 -5.32744e-05
1 0.000138063 4.16891e-05 -0.000101969 -0.000138066 1 7.53529e-05 0.00016851 -4.16787e-05 -7.53587e-05 1 0.00180784
1 0.000210778 0.000125712 -0.000154393 -0.000210788 1 7.44015e-05 0.000230624 -0.000125696 -7.4428e-05 1 0.00881627
1 4.75458e-05 0.000232648 -0.000298399 -4.75562e-05 1 4.45513e-05 0.0002383 -0.000232646 -4.45624e-05 1 0.0189561
1 0.000318664 2.69191e-05 -0.00021709 -0.000318663 1 -1.15191e-05 0.000253066 -2.69228e-05 1.15105e-05 1 0.0289632
1 -1.60765e-05 -0.000296348 0.000680378 1.6088e-05 1 3.87303e-05 4.27627e-05 0.000296347 -3.87351e-05 1 0.0349509
0.999999 -0.000386411 -0.00134342 0.000509334 0.000386718 1 0.000228417 6.77451e-05 0.00134333 -0.000228936 0.999999 0.0444889
0.999995 -0.000346546 -0.00312419 0.000301435 0.000346805 1 8.23079e-05 8.8646e-05 0.00312416 -8.3391e-05 0.999995 0.0564945
0.999987 -0.000261222 -0.00510961 -0.000260796 0.000260774 1 -8.83995e-05 -0.000128505 0.00510963 8.70659e-05 0.999987 0.0702869
0.999978 -4.49116e-05 -0.00664616 -0.000713444 4.50841e-05 1 2.57987e-05 -0.000112361 0.00664615 -2.60977e-05 0.999978 0.0905702
0.999979 -0.000413601 -0.00648609 -0.000349875 0.000414638 1 0.00015854 0.000210288 0.00648602 -0.000161226 0.999979 0.106552
0.99998 -0.000325053 -0.00629623 -0.000540338 0.000324932 1 -2.02014e-05 1.5483e-06 0.00629624 1.81551e-05 0.99998 0.119687
0.999983 -0.000392962 -0.00583784 -0.00118588 0.000390456 1 -0.000430371 -0.000126292 0.00583801 0.000428084 0.999983 0.131593
0.999982 -0.000510155 -0.00593632 -0.00133915 0.000508116 1 -0.000345126 -7.33729e-05 0.00593649 0.000342104 0.999982 0.153421
0.999983 -0.000553681 -0.00581765 -0.00127433 0.000550353 1 -0.000573539 -0.000141461 0.00581797 0.000570327 0.999983 0.166698
0.999983 -0.000719053 -0.00573955 -0.00135495 0.000715412 1 -0.000636379 -0.000204281 0.00574 0.000632263 0.999983 0.182956
0.999981 -0.000275421 -0.00620845 -0.00170603 0.000271721 1 -0.000596796 3.90281e-05 0.00620861 0.000595098 0.999981 0.198019
0.999981 -0.000434096 -0.00609994 -0.00185965 0.00043205 1 -0.000336722 0.000250416 0.00610008 0.00033408 0.999981 0.208655
0.999981 -0.000612212 -0.00617274 -0.00210821 0.000609002 1 -0.000521925 0.000156917 0.00617305 0.000518156 0.999981 0.222373
0.999984 0.000169734 -0.00558053 -0.00324097 -0.000168209 1 0.00027368 -0.00111537 0.00558058 -0.000272737 0.999984 0.243558
0.999985 9.86871e-05 -0.00543814 -0.00314668 -9.64084e-05 1 0.000419269 -0.00123788 0.00543818 -0.000418739 0.999985 0.26462
0.999984 0.000278498 -0.00560929 -0.00371545 -0.000277737 1 0.00013633 -0.0011575 0.00560933 -0.00013477 0.999984 0.274996
0.999985 0.00037493 -0.0055379 -0.00389624 -0.000373443 1 0.000269476 -0.00113868 0.005538 -0.000267404 0.999985 0.318919
0.999985 0.000336196 -0.00540105 -0.00394783 -0.000336447 1 -4.54969e-05 -0.00162359 0.00540104 4.73134e-05 0.999985 0.326162
0.999985 0.000186541 -0.00542413 -0.00390036 -0.000185989 1 0.000102226 -0.00174521 0.00542415 -0.000101215 0.999985 0.347196
0.999986 0.000128915 -0.00533187 -0.00407448 -0.000129961 1 -0.000195892 -0.00158057 0.00533185 0.000196582 0.999986 0.362698
0.999986 -0.000102528 -0.00520588 -0.00386594 0.000103401 1 0.000167441 -0.00112281 0.00520586 -0.000167977 0.999986 0.377179
0.999988 0.000241387 -0.00487478 -0.00353375 -0.00024145 1 -1.23961e-05 -0.001684 0.00487478 1.35729e-05 0.999988 0.389134
0.999985 4.5865e-05 -0.00544229 -0.00425843 -4.54342e-05 1 7.92819e-05 -0.000998906 0.00544229 -7.90335e-05 0.999985 0.403276
0.999986 0.000127962 -0.0052046 -0.00397564 -0.000129536 1 -0.000302035 -0.00183459 0.00520456 0.000302705 0.999986 0.416966
0.999984 0.000569166 -0.00562231 -0.00536366 -0.000568524 1 0.000115849 -0.00182851 0.00562238 -0.00011265 0.999984 0.430239
0.999987 0.000175952 -0.0051802 -0.00556644 -0.000176883 1 -0.000179271 -0.00208436 0.00518017 0.000180185 0.999987 0.445327
0.999989 -0.000245066 -0.00477124 -0.0025784 0.000246166 1 0.000230087 -0.001362 0.00477118 -0.000231259 0.999989 0.470008
0.999987 -0.000465877 -0.00508614 -0.00406674 0.000465273 1 -0.000119832 -0.00126917 0.00508619 0.000117464 0.999987 0.484897
0.999988 1.84694e-05 -0.00496663 -0.00479458 -1.87324e-05 1 -5.29219e-05 -0.000577748 0.00496663 5.30143e-05 0.999988 0.497963
0.999987 -0.000632693 -0.0051251 -0.00862059 0.000630727 1 -0.000385085 -0.000850424 0.00512534 0.000381847 0.999987 0.50878
0.999986 -0.000728469 -0.00529208 -0.00883989 0.000726606 1 -0.000353947 -0.000631841 0.00529233 0.000350097 0.999986 0.5254
0.999987 -0.000406927 -0.00510715 -0.00907487 0.000403921 1 -0.000589703 -0.000856287 0.00510739 0.000587632 0.999987 0.553516
0.999987 -0.000770772 -0.00504382 -0.0091036 0.000769224 1 -0.00030888 -0.000408973 0.00504406 0.000304996 0.999987 0.565242
0.999987 -0.000905801 -0.00501915 -0.00899343 0.000903338 0.999999 -0.000492961 -0.000886485 0.0050196 0.00048842 0.999987 0.580172
0.999988 -0.000708636 -0.00486354 -0.00916492 0.000707571 1 -0.000220721 -0.000501919 0.00486369 0.000217277 0.999988 0.595666
0.999987 -0.00099996 -0.00498438 -0.00952076 0.00099847 0.999999 -0.000301491 -0.000453975 0.00498467 0.000296511 0.999988 0.606856
0.999987 -0.000686507 -0.00506438 -0.0104303 0.000684576 1 -0.000383036 -0.000685048 0.00506465 0.000379564 0.999987 0.631924
0.999988 -0.0012242 -0.00474888 -0.0103524 0.00122098 0.999999 -0.000682297 -0.000775533 0.00474971 0.000676491 0.999988 0.648587
0.999987 -0.00102689 -0.00491444 -0.0105983 0.00102382 0.999999 -0.000628449 -0.000156349 0.00491508 0.000623409 0.999988 0.659029
0.999986 -0.00125972 -0.00511822 -0.0103713 0.00125493 0.999999 -0.000937549 -0.000901754 0.00511939 0.000931113 0.999986 0.672785
0.999986 -0.000529979 -0.00533577 -0.0118009 0.00052627 1 -0.000696623 -0.0010256 0.00533613 0.000693805 0.999986 0.695455
0.999965 0.0021323 -0.00808691 -0.00452393 -0.00214195 0.999997 -0.00118486 0.00116488 0.00808436 0.00120214 0.999967 0.708614
0.999965 0.00203235 -0.00816245 -0.00475191 -0.00204196 0.999997 -0.00116993 0.00129985 0.00816005 0.00118655 0.999966 0.720723
0.999965 0.00193226 -0.0081672 -0.00477766 -0.00194172 0.999997 -0.00115024 0.000923575 0.00816495 0.00116606 0.999966 0.734497
0.999965 0.0020925 -0.00804396 -0.00479705 -0.00210036 0.999997 -0.000969197 0.00120799 0.00804191 0.000986059 0.999967 0.751961
0.999964 0.00207658 -0.00821263 -0.00497442 -0.00208754 0.999997 -0.0013264 0.00088284 0.00820985 0.00134349 0.999965 0.762722
0.999966 0.00193934 -0.00798604 -0.00495696 -0.00194832 0.999997 -0.00111681 0.000864424 0.00798386 0.00113234 0.999967 0.791878
0.999964 0.00239525 -0.00816096 -0.00576979 -0.00240464 0.999996 -0.00114119 0.000940499 0.0081582 0.00116077 0.999966 0.806692
0.999964 0.00188261 -0.00823781 -0.00560816 -0.00189035 0.999998 -0.000932611 0.00105963 0.00823604 0.00094815 0.999966 0.819002
0.999967 0.00172646 -0.00795997 -0.00556991 -0.00173748 0.999998 -0.00137702 0.000469585 0.00795757 0.0013908 0.999967 0.835991
0.999965 0.00214823 -0.00809118 -0.00522285 -0.00215812 0.999997 -0.00121464 0.000466174 0.00808855 0.00123206 0.999967 0.847605
0.999967 0.00173007 -0.00796902 -0.00568488 -0.00174067 0.999998 -0.00132373 0.000838827 0.00796671 0.00133755 0.999967 0.871566
0.999966 0.0019798 -0.00800137 -0.00575443 -0.00198875 0.999997 -0.00111146 0.000972801 0.00799915 0.00112733 0.999967 0.884648
0.999966 0.00220844 -0.00797902 -0.00668455 -0.00221961 0.999997 -0.00139214 0.000138381 0.00797591 0.00140981 0.999967 0.901162
0.999965 0.00223029 -0.00800587 -0.00615553 -0.00224118 0.999997 -0.00135165 0.000386804 0.00800283 0.00136955 0.999967 0.913019
0.999967 0.00187163 -0.00790789 -0.00524028 -0.00188079 0.999998 -0.00115172 0.00079085 0.00790572 0.00116655 0.999968 0.926091
0.999974 0.00229912 -0.00686702 -0.00773554 -0.00230389 0.999997 -0.000686801 -0.0010166 0.00686542 0.000702604 0.999976 0.960554
0.999971 0.00246533 -0.00726895 -0.00815595 -0.00247176 0.999997 -0.000875532 -0.000751109 0.00726676 0.000893473 0.999973 0.97405
0.999973 0.00234382 -0.00701452 -0.00784244 -0.00234913 0.999997 -0.00074812 -0.00114671 0.00701275 0.000764578 0.999975 0.987757
0.999974 0.002053 -0.00691699 -0.00799063 -0.0020586 0.999998 -0.000801944 -0.00106897 0.00691533 0.000816163 0.999976 1.01194
0.999973 0.00186341 -0.00706864 -0.00821659 -0.00187028 0.999998 -0.000966347 -0.00127361 0.00706682 0.000979541 0.999975 1.02614
0.999974 0.00257162 -0.00678045 -0.00813872 -0.00257923 0.999996 -0.00111353 -0.0011129 0.00677756 0.00113099 0.999976 1.04383
0.999972 0.00227009 -0.00706947 -0.00861141 -0.00227807 0.999997 -0.00112105 -0.00108569 0.0070669 0.00113712 0.999974 1.05658
0.999971 0.0028724 -0.00700073 -0.00914048 -0.00287803 0.999996 -0.000794332 -0.00121824 0.00699842 0.000814458 0.999975 1.07937
0.999974 0.00272806 -0.00666138 -0.00892022 -0.00273338 0.999996 -0.000789719 -0.00114444 0.00665919 0.000807907 0.999978 1.10656
0.999975 0.00215117 -0.00668018 -0.00902447 -0.00215916 0.999997 -0.00118986 -0.00162826 0.0066776 0.00120426 0.999977 1.11821
0.999974 0.00267347 -0.00666046 -0.00839342 -0.00268127 0.999996 -0.00116132 -0.00196129 0.00665733 0.00117915 0.999977 1.13182
0.999974 0.00276883 -0.00665629 -0.00921325 -0.00277125 0.999996 -0.000354514 -0.0011025 0.00665528 0.000372951 0.999978 1.14683
0.999976 0.00231995 -0.00649859 -0.008916 -0.00232804 0.999997 -0.00123627 -0.00191679 0.0064957 0.00125137 0.999978 1.16147
0.99997 0.00447438 -0.00627581 -0.00817104 -0.00448135 0.999989 -0.0010979 -0.00186878 0.00627083 0.00112599 0.99998 1.17959
0.999969 0.00448236 -0.00653526 -0.0083531 -0.00448939 0.999989 -0.00106115 -0.00181623 0.00653043 0.00109045 0.999978 1.19196
0.999969 0.00490667 -0.00616733 -0.00815501 -0.00491295 0.999987 -0.00100346 -0.00238563 0.00616233 0.00103373 0.99998 1.21386
0.999971 0.00444759 -0.00618332 -0.00885348 -0.00445498 0.999989 -0.00118074 -0.00176321 0.00617801 0.00120825 0.99998 1.24326
0.999972 0.00448859 -0.006023 -0.00924929 -0.00449512 0.999989 -0.00107106 -0.00223216 0.00601813 0.0010981 0.999981 1.25953
0.999971 0.0045006 -0.00613219 -0.00902887 -0.00450833 0.999989 -0.00124763 -0.00206091 0.00612651 0.00127524 0.99998 1.27314
0.999968 0.0048878 -0.00626458 -0.00945662 -0.00489379 0.999988 -0.000941598 -0.0022579 0.0062599 0.000972226 0.99998 1.28683
0.999967 0.0050495 -0.0062976 -0.0101744 -0.00505467 0.999987 -0.000805844 -0.00149619 0.00629344 0.00083765 0.99998 1.30071
0.999972 0.00452537 -0.0058811 -0.00970871 -0.00453252 0.999989 -0.00120272 -0.00201459 0.00587559 0.00122934 0.999982 1.3139
0.999969 0.00502534 -0.00607251 -0.00992069 -0.00503221 0.999987 -0.00111708 -0.00142849 0.00606682 0.0011476 0.999981 1.34002
0.999968 0.00482491 -0.00633784 -0.0107651 -0.0048319 0.999988 -0.00108889 -0.00179114 0.00633251 0.00111948 0.999979 1.35297
0.99997 0.00454144 -0.00620149 -0.00925469 -0.00454999 0.999989 -0.00136492 -0.00206065 0.00619522 0.0013931 0.99998 1.36529
0.999967 0.00518199 -0.00629377 -0.00985417 -0.00518524 0.999986 -0.000500804 -0.00112968 0.00629109 0.000533422 0.99998 1.37738
0.99997 0.00486414 -0.00608853 -0.0105603 -0.00486787 0.999988 -0.000597109 -0.000526626 0.00608555 0.000626729 0.999981 1.39252
0.999972 0.00444297 -0.00608398 -0.0106685 -0.00444933 0.99999 -0.00103344 -0.00130247 0.00607933 0.00106048 0.999981 1.40451
0.999968 0.00459609 -0.00651299 -0.0104773 -0.00460331 0.999989 -0.0010945 -0.00144249 0.00650789 0.00112445 0.999978 1.41667
0.999964 0.0051175 -0.00682034 -0.0114924 -0.00513287 0.999984 -0.00223877 0.00153918 0.00680878 0.0022737 0.999974 1.43915
0.999967 0.00503305 -0.00644204 -0.0119212 -0.00504719 0.999985 -0.00218034 0.00167674 0.00643097 0.00221278 0.999977 1.47178
0.999962 0.00519138 -0.00703889 -0.0118251 -0.00520811 0.999984 -0.00235996 0.00130251 0.00702652 0.00239653 0.999972 1.48911
0.999962 0.00505016 -0.00717128 -0.0121202 -0.00506974 0.999983 -0.00271426 0.000884582 0.00715746 0.00275051 0.999971 1.50451
0.999964 0.00478202 -0.00697887 -0.0123168 -0.00480218 0.999984 -0.00287426 0.000760918 0.00696502 0.00290767 0.999972 1.52096
0.999963 0.00538275 -0.00677968 -0.0125581 -0.00539998 0.999982 -0.00252547 0.00153759 0.00676597 0.00256198 0.999974 1.55295
0.999968 0.0044861 -0.0065691 -0.0119125 -0.00450268 0.999987 -0.00251256 0.000802421 0.00655774 0.00254206 0.999975 1.5905
0.999963 0.00524006 -0.00688669 -0.0128905 -0.00525665 0.999983 -0.00239232 0.00066897 0.00687404 0.00242843 0.999973 1.60964
0.999962 0.00517062 -0.00703919 -0.0130403 -0.00518768 0.999984 -0.00240767 0.00135188 0.00702663 0.0024441 0.999972 1.61907
0.999966 0.0051288 -0.00649631 -0.0126285 -0.00514402 0.999984 -0.00232803 0.00129223 0.00648427 0.00236137 0.999976 1.63402
0.999963 0.00515863 -0.006949 -0.0134313 -0.00517334 0.999984 -0.00210035 0.00176191 0.00693806 0.00213622 0.999974 1.66192
0.999958 0.00510673 -0.00759669 -0.01474 -0.00512801 0.999983 -0.0027843 0.00226445 0.00758234 0.00282314 0.999967 1.67251
0.999966 0.00411769 -0.00720557 -0.0148644 -0.00413836 0.999987 -0.00285601 0.00364091 0.00719372 0.00288573 0.99997 1.68764
0.999962 0.00529264 -0.00687535 -0.0127629 -0.00530999 0.999983 -0.00250767 0.00183211 0.00686195 0.00254408 0.999973 1.7208
0.999961 0.00535455 -0.00698888 -0.0127525 -0.00537198 0.999983 -0.00247778 0.0018874 0.00697549 0.00251522 0.999973 1.73194
0.999963 0.00369154 -0.00778072 -0.0152267 -0.00371444 0.999989 -0.00293201 0.00368994 0.0077698 0.00296081 0.999965 1.75398
0.999963 0.00509076 -0.00688998 -0.0134777 -0.00511008 0.999983 -0.00278944 0.00155365 0.00687566 0.00282455 0.999972 1.78503
0.999964 0.00476425 -0.00704886 -0.0136233 -0.00478044 0.999986 -0.00228129 0.00159294 0.00703789 0.00231491 0.999973 1.79385
0.999963 0.00486641 -0.00709442 -0.0138479 -0.00488627 0.999984 -0.00278523 0.0011159 0.00708075 0.00281979 0.999971 1.80742
0.999966 0.00474556 -0.00679978 -0.0131539 -0.00476403 0.999985 -0.0027024 0.00130586 0.00678686 0.0027347 0.999973 1.8164
0.999964 0.00520053 -0.00670784 -0.0134517 -0.00521647 0.999984 -0.00236096 0.00198734 0.00669545 0.00239587 0.999975 1.83926
0.99996 0.00505229 -0.00741455 -0.014388 -0.00507274 0.999983 -0.00274113 0.00150701 0.00740058 0.00277863 0.999969 1.8523
0.999962 0.00536817 -0.00688067 -0.0143221 -0.00538911 0.999981 -0.00302824 0.000936533 0.00686428 0.0030652 0.999972 1.87868
0.999962 0.00485313 -0.00725432 -0.0152142 -0.00487165 0.999985 -0.00253713 0.00135646 0.00724189 0.00257238 0.99997 1.89042
0.999962 0.00501165 -0.00719013 -0.0146857 -0.00503313 0.999983 -0.00297151 0.00054031 0.00717511 0.00300758 0.99997 1.91462
0.999966 0.00435377 -0.00704492 -0.0151301 -0.00437557 0.999986 -0.0030814 0.000703634 0.0070314 0.00311212 0.99997 1.9261
0.999971 0.00429873 -0.00628655 -0.0180435 -0.00431607 0.999987 -0.0027476 0.0033405 0.00627465 0.00277465 0.999976 1.95193
0.999972 0.00396044 -0.00641234 -0.0184219 -0.00397834 0.999988 -0.00278166 0.00329144 0.00640124 0.00280709 0.999976 1.96447
0.999972 0.00413865 -0.0062357 -0.018091 -0.00415659 0.999987 -0.00286703 0.00298307 0.00622376 0.00289287 0.999976 1.97782
0.999975 0.00337006 -0.00621636 -0.0178341 -0.00338357 0.999992 -0.00216408 0.00315072 0.00620902 0.00218506 0.999978 1.98888
0.999974 0.00382785 -0.00616797 -0.0182985 -0.0038435 0.999989 -0.00252751 0.00279983 0.00615823 0.00255115 0.999978 2.00588
0.999971 0.00422883 -0.00637632 -0.0194622 -0.00424524 0.999988 -0.00256269 0.00382629 0.0063654 0.00258968 0.999976 2.05138
0.999972 0.00403704 -0.00633918 -0.018988 -0.00405422 0.999988 -0.00269962 0.00311164 0.00632821 0.00272524 0.999976 2.0666
0.999971 0.00364921 -0.0066565 -0.0191328 -0.00366606 0.99999 -0.00251984 0.00344967 0.00664724 0.00254417 0.999975 2.07959
0.999973 0.00336148 -0.00651523 -0.0192831 -0.00337797 0.999991 -0.00252131 0.0033791 0.0065067 0.00254325 0.999976 2.09321
0.999969 0.00443567 -0.00650447 -0.0195802 -0.00445148 0.999987 -0.00241868 0.00329367 0.00649366 0.00244756 0.999976 2.12101
0.999975 0.00447686 -0.00553397 -0.0185982 -0.00449335 0.999985 -0.00296966 0.00312062 0.0055206 0.00299446 0.99998 2.13225
0.999978 0.00304533 -0.00581689 -0.0180064 -0.00305606 0.999994 -0.00183629 0.00396002 0.00581126 0.00185403 0.999981 2.15815
0.999976 0.00486266 -0.00499543 -0.0198731 -0.00487704 0.999984 -0.0028708 0.00538241 0.00498139 0.0028951 0.999983 2.17111
0.999976 0.00493229 -0.00487355 -0.0199724 -0.00494635 0.999984 -0.00287616 0.00516702 0.00485928 0.0029002 0.999984 2.19759
0.999976 0.00499375 -0.00477358 -0.0200235 -0.00500693 0.999984 -0.00275384 0.00518576 0.00475975 0.00277768 0.999985 2.21479
0.999975 0.00493832 -0.00507721 -0.0206004 -0.00495159 0.999984 -0.0026054 0.00483283 0.00506427 0.00263048 0.999984 2.23559
0.999977 0.00451387 -0.00509485 -0.0204899 -0.00452697 0.999986 -0.00256294 0.00507594 0.00508321 0.00258594 0.999984 2.25067
0.999977 0.00409909 -0.00532195 -0.020812 -0.00411161 0.999989 -0.00234433 0.00505827 0.00531228 0.00236616 0.999983 2.28135
0.999976 0.00444921 -0.00538297 -0.0210917 -0.00446361 0.999986 -0.00266494 0.00505777 0.00537104 0.0026889 0.999982 2.29507
0.999975 0.00451523 -0.00550638 -0.0210478 -0.00452967 0.999986 -0.00261277 0.00446955 0.00549451 0.00263765 0.999981 2.31062
0.999977 0.0044907 -0.00512373 -0.0212683 -0.00450356 0.999987 -0.0025007 0.00428921 0.00511243 0.00252372 0.999984 2.32631
0.999975 0.00470123 -0.00522754 -0.0209923 -0.00471435 0.999986 -0.00250009 0.0058805 0.00521571 0.00252468 0.999983 2.34314
0.999975 0.00512231 -0.00495 -0.0209886 -0.00513672 0.999983 -0.00290123 0.00383339 0.00493506 0.00292658 0.999984 2.3782
0.99996 0.00722837 -0.00522297 -0.0212433 -0.00724792 0.999967 -0.00373492 0.00442355 0.00519579 0.00377262 0.999979 2.39653
0.99996 0.00736685 -0.00514403 -0.0216239 -0.00738543 0.999966 -0.00360308 0.00478405 0.00511731 0.00364092 0.99998 2.41381
0.99996 0.0070943 -0.00539351 -0.0217354 -0.00711594 0.999967 -0.00400419 0.00414241 0.00536493 0.00404241 0.999977 2.42442
0.99996 0.00719094 -0.00525535 -0.0220821 -0.00721071 0.999967 -0.00375389 0.00463075 0.00522818 0.00379163 0.999979 2.45716
0.999964 0.00664192 -0.00536297 -0.0218201 -0.00665973 0.999972 -0.00331063 0.00423629 0.00534083 0.00334623 0.99998 2.49175
0.999957 0.00751064 -0.00549489 -0.0226403 -0.00753409 0.999963 -0.00425974 0.00380178 0.0054627 0.00430095 0.999976 2.5046
0.999953 0.00772382 -0.00591036 -0.0230128 -0.00774662 0.999963 -0.00384451 0.00409104 0.00588044 0.00389011 0.999975 2.53329
0.999957 0.00734189 -0.00566535 -0.0232003 -0.00736491 0.999965 -0.00405362 0.00296722 0.00563539 0.00409517 0.999976 2.55349
0.999963 0.00661911 -0.00541609 -0.0227365 -0.00664027 0.99997 -0.00389668 0.00316337 0.00539013 0.00393251 0.999978 2.56538
0.999963 0.00668136 -0.0053553 -0.0228674 -0.00670147 0.999971 -0.00374515 0.00286676 0.00533012 0.00378091 0.999979 2.58027
0.999958 0.00741548 -0.00530012 -0.0219588 -0.00743659 0.999964 -0.00397469 0.00208913 0.00527046 0.00401394 0.999978 2.61502
0.999959 0.00713768 -0.00549872 -0.0222294 -0.00715841 0.999967 -0.00375884 0.00334927 0.00547171 0.00379805 0.999978 2.62484
0.999958 0.00775277 -0.0048111 -0.0220059 -0.00777171 0.999962 -0.00393022 0.00374681 0.00478045 0.00396745 0.999981 2.63604
0.999957 0.00764745 -0.00524705 -0.0220441 -0.00766889 0.999962 -0.00407914 0.00392225 0.00521566 0.00411921 0.999978 2.66321
0.999961 0.00621722 -0.00627708 -0.0237041 -0.00623787 0.999975 -0.00327596 0.00508392 0.00625656 0.00331499 0.999975 2.67797
0.999953 0.00667593 -0.00701319 -0.0241525 -0.00669968 0.999972 -0.00336759 0.00521508 0.00699051 0.00341441 0.99997 2.68927
0.99994 0.0064574 -0.00881657 -0.0243742 -0.00648225 0.999975 -0.00279279 0.00487494 0.00879831 0.00284978 0.999957 2.7033
0.999926 0.00585024 -0.0107024 -0.0248384 -0.00588936 0.999976 -0.00362733 0.00482952 0.0106809 0.00369009 0.999936 2.71981
0.999897 0.00620482 -0.0129586 -0.0256478 -0.006249 0.999975 -0.00337151 0.00451913 0.0129374 0.00345214 0.99991 2.73872
0.999834 0.00597473 -0.0172234 -0.026528 -0.00603141 0.999977 -0.00324069 0.00462422 0.0172036 0.00334404 0.999846 2.77304
0.999765 0.00637795 -0.0207316 -0.0277535 -0.00644825 0.999974 -0.0033256 0.00450089 0.0207099 0.0034585 0.99978 2.79988
0.999728 0.00576127 -0.0226005 -0.0279828 -0.00584269 0.999977 -0.00353841 0.00381316 0.0225796 0.0036695 0.999738 2.81374
0.999701 0.00644343 -0.0235992 -0.0278992 -0.00652927 0.999972 -0.00356204 0.00452284 0.0235756 0.00371506 0.999715 2.82521
0.999681 0.00617365 -0.0244925 -0.0282645 -0.00626765 0.999973 -0.00376287 0.00411945 0.0244686 0.00391518 0.999693 2.84242
0.999673 0.00608702 -0.0248388 -0.0293738 -0.00617012 0.999976 -0.00327015 0.00429655 0.0248183 0.00342234 0.999686 2.85147
0.999662 0.00630333 -0.0252143 -0.0287363 -0.00636346 0.999977 -0.00230543 0.00386797 0.0251992 0.0024651 0.999679 2.86398
0.999665 0.00624336 -0.0250983 -0.0292349 -0.0063154 0.999976 -0.00279236 0.0038885 0.0250803 0.00294994 0.999681 2.89043
0.999659 0.00627409 -0.0253409 -0.0302958 -0.00633773 0.999977 -0.00243183 0.00390995 0.0253251 0.0025916 0.999676 2.91803
0.999662 0.00609715 -0.0252667 -0.0304343 -0.00616484 0.999978 -0.00260179 0.0035878 0.0252503 0.00275668 0.999677 2.93015
0.999743 0.00573644 -0.0219266 -0.0306625 -0.00578817 0.999981 -0.00229645 0.00357154 0.021913 0.00242278 0.999757 2.96043
0.999767 0.00560618 -0.0208317 -0.0308235 -0.00566169 0.999981 -0.00260698 0.00319579 0.0208167 0.00272432 0.99978 2.97384
0.9998 0.00610541 -0.0190467 -0.0314702 -0.00615366 0.999978 -0.00247599 0.00347646 0.0190312 0.0025927 0.999816 2.99313
0.999833 0.00608574 -0.0172225 -0.0317458 -0.00613603 0.999977 -0.00286848 0.00377533 0.0172046 0.00297368 0.999848 3.00556
0.999883 0.00537363 -0.014344 -0.0312059 -0.00541432 0.999981 -0.00279929 0.00272308 0.0143287 0.00287663 0.999893 3.03049
0.999894 0.00684578 -0.012861 -0.0314849 -0.00688219 0.999972 -0.00278939 0.00327151 0.0128415 0.0028776 0.999913 3.03885
0.999919 0.00587051 -0.0113272 -0.031969 -0.00589971 0.999979 -0.00254571 0.00225326 0.0113121 0.00261233 0.999933 3.05049
0.999952 0.00588664 -0.00787371 -0.0312909 -0.00591105 0.999978 -0.00308087 0.00334667 0.0078554 0.00312726 0.999964 3.07631
0.999966 0.00507679 -0.00652746 -0.0309259 -0.00509629 0.999983 -0.00297469 0.00177758 0.00651225 0.00300786 0.999974 3.0888
0.999973 0.0050144 -0.0052796 -0.0310949 -0.00502752 0.999984 -0.00247408 0.00207029 0.00526711 0.00250056 0.999983 3.10002
0.999987 0.00493177 -0.00160446 -0.0308484 -0.0049366 0.999983 -0.00302305 0.00178455 0.00158952 0.00303093 0.999994 3.12809
0.999985 0.00532792 -0.00132995 -0.0300683 -0.00533207 0.999981 -0.00313414 0.00149435 0.00131323 0.00314118 0.999994 3.1395
0.999988 0.00486142 -0.00076782 -0.0293005 -0.00486403 0.999982 -0.00343863 0.00192876 0.000751089 0.00344232 0.999994 3.1547
0.999988 0.00484787 -0.000808894 -0.0294887 -0.00485031 0.999984 -0.00304613 0.00198292 0.000794114 0.00305002 0.999995 3.17392
0.999988 0.004817 -0.00064543 -0.0300184 -0.00481896 0.999984 -0.0030664 0.00140579 0.000630649 0.00306948 0.999995 3.1867
0.999986 0.00523666 -0.000503417 -0.0297828 -0.00523814 0.999982 -0.00298914 0.00199085 0.000487755 0.00299173 0.999995 3.21713
0.999987 0.00500097 -0.000750733 -0.0305526 -0.00500302 0.999984 -0.00275164 0.00198905 0.00073696 0.00275536 0.999996 3.23395
0.999987 0.00508021 -0.000635965 -0.0289558 -0.00508226 0.999982 -0.00325541 0.00144046 0.000619415 0.0032586 0.999994 3.25906
0.999989 0.00458305 -0.000847321 -0.0293593 -0.00458532 0.999986 -0.00269281 0.000504568 0.000834968 0.00269666 0.999996 3.28829
0.999985 0.00551928 -0.000649694 -0.0301007 -0.0055212 0.99998 -0.00298832 0.00200384 0.000633188 0.00299186 0.999995 3.30379
0.99999 0.00445082 -0.000799399 -0.0303508 -0.0044531 0.999986 -0.0028795 0.00110514 0.000786571 0.00288303 0.999996 3.32195
0.999991 0.00430699 -0.000276494 -0.0298887 -0.00430781 0.999986 -0.00306562 0.00308776 0.000263286 0.00306678 0.999995 3.3387
0.999988 0.00473978 -0.000967259 -0.0293909 -0.00474311 0.999983 -0.00347172 0.00185655 0.000950787 0.00347626 0.999994 3.36569
0.999986 0.00518799 -0.000484624 -0.0299854 -0.00518945 0.999982 -0.00307905 0.000639211 0.000468641 0.00308152 0.999995 3.37714
0.999987 0.00513159 -0.000495341 -0.0291873 -0.00513304 0.999982 -0.00297284 0.000923869 0.000480077 0.00297534 0.999995 3.3883
0.999992 0.00408435 -0.000251278 -0.0296817 -0.00408514 0.999986 -0.00323822 0.00228189 0.000238049 0.00323922 0.999995 3.39953
0.999989 0.00469458 -0.000230256 -0.0289647 -0.00469539 0.999982 -0.00367915 0.00243886 0.00021298 0.00368019 0.999993 3.43433
0.99999 0.00447538 -0.000896991 -0.0273088 -0.00447846 0.999984 -0.00345753 0.00212591 0.000881503 0.00346152 0.999994 3.44957
0.999988 0.00484329 -0.000403244 -0.0314505 -0.00484476 0.999981 -0.00374575 0.00187833 0.000385094 0.00374766 0.999993 3.45641
0.999989 0.00472904 -0.000578722 -0.0314598 -0.00473121 0.999982 -0.00379947 0.00188572 0.000560744 0.00380217 0.999993 3.47711
0.999988 0.00486597 -0.000734243 -0.0315295 -0.00486896 0.99998 -0.00412257 0.00134174 0.000714168 0.00412609 0.999991 3.49685
0.999989 0.00466582 -0.000677086 -0.0313287 -0.00466853 0.999981 -0.00404784 0.00145581 0.000658187 0.00405096 0.999992 3.511
0.999989 0.00460304 -0.000614184 -0.0309488 -0.0046056 0.99998 -0.00423543 0.00111801 0.000594676 0.00423821 0.999991 3.52129
0.99999 0.0044394 -0.000374375 -0.0304685 -0.00444091 0.999982 -0.00413522 0.00103648 0.00035601 0.00413684 0.999991 3.53227
0.99999 0.00447073 -0.000584307 -0.0300622 -0.00447303 0.999982 -0.00399608 0.00133383 0.000566431 0.00399865 0.999992 3.5439
0.99999 0.00451192 -0.000628783 -0.0283815 -0.00451452 0.999981 -0.00419039 0.00158965 0.000609865 0.00419318 0.999991 3.56952
0.999987 0.00507092 -0.000478893 -0.0279404 -0.00507296 0.999978 -0.00434516 0.00167968 0.000456849 0.00434754 0.99999 3.58288
0.999989 0.00468562 -0.000377111 -0.0281177 -0.00468715 0.99998 -0.00415058 0.00127437 0.000357656 0.0041523 0.999991 3.5918
0.999989 0.00459616 -0.000865824 -0.0263804 -0.00459982 0.99998 -0.00427643 0.00200353 0.000846152 0.00428037 0.99999 3.61877
0.999987 0.00495446 -0.0010253 -0.0254151 -0.00495882 0.999978 -0.00429514 0.000406541 0.001004 0.00430017 0.99999 3.62662
0.999988 0.00474654 -0.00126238 -0.0250329 -0.0047517 0.99998 -0.00412264 0.000537763 0.00124279 0.00412858 0.999991 3.63117
0.999287 0.00461427 -0.0374727 -0.0388397 -0.00476629 0.999981 -0.00396842 0.000370967 0.0374537 0.00414419 0.99929 3.64208
0.99743 0.00449355 -0.0715029 -0.0525989 -0.00477927 0.999981 -0.00382533 0.0005927 0.0714844 0.00415724 0.997433 3.65101
0.99442 0.00435178 -0.105405 -0.0705976 -0.00474204 0.999983 -0.00345216 0.000881898 0.105388 0.00393273 0.994423 3.66049
0.990472 0.00433939 -0.137646 -0.0874902 -0.00481977 0.999983 -0.00315683 0.000762639 0.13763 0.00379017 0.990476 3.66741
0.987408 0.00468722 -0.158123 -0.100805 -0.00528937 0.99998 -0.00338746 0.000857308 0.158104 0.00418118 0.987414 3.67181
0.984447 0.00485687 -0.175614 -0.112186 -0.00542486 0.999981 -0.0027544 0.000894889 0.175598 0.00366424 0.984455 3.67693
0.972365 0.00511434 -0.233409 -0.144408 -0.00576429 0.999981 -0.00210254 0.00176043 0.233394 0.00338987 0.972376 3.68418
0.966942 0.00438184 -0.25496 -0.158127 -0.00515833 0.999984 -0.00237695 0.00184589 0.254945 0.00361354 0.966949 3.68749
0.960319 0.00461597 -0.278865 -0.173137 -0.00535534 0.999984 -0.00188958 0.00139224 0.278852 0.00330801 0.960329 3.69075
0.952584 0.00520429 -0.30423 -0.186543 -0.00609703 0.999979 -0.00198454 0.00163906 0.304214 0.00374534 0.952596 3.69363
0.943307 0.00483638 -0.331887 -0.201272 -0.00563121 0.999983 -0.00143321 0.00154758 0.331875 0.00322088 0.943318 3.69698
0.935629 0.00464882 -0.352954 -0.216523 -0.0056122 0.999983 -0.00170616 0.00187918 0.35294 0.00357718 0.935639 3.69874
0.926796 0.00416167 -0.375541 -0.230831 -0.00516331 0.999985 -0.00166088 0.00231984 0.375529 0.00347833 0.926804 3.70028
0.900935 0.00767437 -0.433887 -0.265593 -0.00914831 0.999957 -0.00130907 0.000218406 0.433859 0.00514872 0.900966 3.7057
0.89057 0.00945293 -0.454748 -0.281365 -0.0108601 0.999941 -0.000482324 0.000327423 0.454716 0.00536817 0.89062 3.7068
0.875666 0.0075747 -0.482857 -0.295601 -0.00910185 0.999958 -0.000819702 0.000395713 0.482831 0.00511268 0.875699 3.70997
0.850096 0.00756206 -0.526574 -0.325495 -0.00915397 0.999958 -0.000417805 0.000548134 0.526549 0.00517542 0.850129 3.71297
0.836978 0.00733272 -0.547187 -0.338694 -0.00871734 0.999962 6.61819e-05 0.000589867 0.547167 0.00471463 0.83701 3.7146
0.806165 0.00802598 -0.591637 -0.36637 -0.00946842 0.999955 0.000663444 0.000755164 0.591616 0.00506702 0.806204 3.71652
0.798061 0.00698236 -0.602536 -0.375459 -0.00841865 0.999964 0.000437343 0.00102652 0.602518 0.00472352 0.798091 3.71614
0.77772 0.00670756 -0.628576 -0.39555 -0.00836631 0.999965 0.000319256 0.00105743 0.628556 0.00501057 0.777748 3.7175
0.75837 0.00789358 -0.651777 -0.411631 -0.00922832 0.999956 0.00137279 0.00141725 0.651759 0.00497372 0.75841 3.71722
0.747013 0.00780498 -0.664763 -0.422644 -0.00924786 0.999956 0.0013484 0.00128757 0.664745 0.00514036 0.747053 3.7175
0.740161 0.00769594 -0.672386 -0.431754 -0.00916845 0.999957 0.00135262 0.00150896 0.672367 0.00516358 0.7402 3.71789
0.709395 0.00775114 -0.704769 -0.454459 -0.00951299 0.999954 0.0014222 0.00189297 0.704747 0.00569556 0.709436 3.71605
0.69448 0.00751873 -0.719472 -0.465724 -0.00896423 0.999958 0.00179706 0.00204958 0.719456 0.00520149 0.694519 3.71441
0.685721 0.00755597 -0.727825 -0.474684 -0.00861342 0.99996 0.00226603 0.00197462 0.727814 0.0047152 0.685759 3.71502
0.67274 0.00732711 -0.739843 -0.484946 -0.00839124 0.999962 0.00227307 0.00183903 0.739832 0.00467902 0.672776 3.71362
0.657026 0.00732408 -0.753833 -0.495907 -0.00865699 0.99996 0.00217015 0.00193229 0.753819 0.00510008 0.657063 3.71144
0.625973 0.00766519 -0.779807 -0.52151 -0.00880073 0.999957 0.00276458 0.00240196 0.779795 0.00513232 0.626014 3.70719
0.60831 0.00739687 -0.793665 -0.532207 -0.00784769 0.999964 0.00330464 0.00280797 0.793661 0.0042182 0.608346 3.70452
0.578358 0.00750925 -0.815749 -0.552316 -0.00809771 0.999961 0.00346379 0.00267907 0.815743 0.00460239 0.578396 3.70038
0.566923 0.00760047 -0.823735 -0.559449 -0.0080145 0.999961 0.00371061 0.003092 0.823732 0.00449819 0.566962 3.69981
0.550456 0.00789006 -0.834827 -0.567336 -0.00853976 0.999956 0.0038199 0.0035745 0.834821 0.00502654 0.550499 3.6954
0.517298 0.00740388 -0.855773 -0.582341 -0.00810707 0.99996 0.00375077 0.00340057 0.855767 0.00499755 0.517337 3.69163
0.493175 0.00785537 -0.869895 -0.597151 -0.00883492 0.999953 0.004021 0.00458059 0.869885 0.0057024 0.493221 3.68901
0.474905 0.00779871 -0.880003 -0.608142 -0.00870591 0.999953 0.00416348 0.00487242 0.879994 0.00568397 0.47495 3.68434
0.468537 0.0079808 -0.883408 -0.613478 -0.00881729 0.999952 0.00435721 0.0045422 0.8834 0.00574775 0.468585 3.68256
0.44071 0.00798462 -0.897614 -0.627915 -0.00841596 0.999953 0.0047629 0.00457009 0.89761 0.00545523 0.440757 3.67718
0.410684 0.00781613 -0.911744 -0.637056 -0.00808677 0.999955 0.00492975 0.00505703 0.911742 0.0053485 0.410729 3.67196
0.394622 0.00796882 -0.918809 -0.644308 -0.00858033 0.999951 0.00498737 0.00499255 0.918804 0.00591556 0.394671 3.66975
0.373459 0.00810631 -0.927611 -0.652468 -0.00828265 0.999951 0.00540386 0.00512695 0.92761 0.00566496 0.373508 3.66647
0.35446 0.00803101 -0.935037 -0.658754 -0.00775548 0.999954 0.00564859 0.00509606 0.935039 0.00524947 0.354506 3.66383
0.335369 0.00805188 -0.942052 -0.664843 -0.00787815 0.999952 0.00574215 0.00545072 0.942054 0.00549589 0.335417 3.66033
0.324581 0.00792017 -0.945825 -0.669958 -0.00774017 0.999954 0.00571722 0.00539036 0.945826 0.00546514 0.324627 3.65874
0.305909 0.00781048 -0.952029 -0.676528 -0.00761936 0.999954 0.00575539 0.00502861 0.95203 0.00549322 0.305954 3.65615
0.272578 0.00811218 -0.9621 -0.688119 -0.00736318 0.999953 0.00634525 0.00558935 0.962106 0.00535454 0.272625 3.64964
0.266019 0.00799069 -0.963935 -0.691719 -0.00710713 0.999955 0.00632792 0.00575102 0.963942 0.00516746 0.266063 3.64827
0.258824 0.00769533 -0.965894 -0.69551 -0.00694536 0.999957 0.00610561 0.00558413 0.965899 0.0051282 0.258867 3.64654
0.248104 0.00761998 -0.968703 -0.701394 -0.00726337 0.999956 0.00600553 0.00556305 0.968706 0.00554606 0.248148 3.64374
0.239467 0.007549 -0.970875 -0.706773 -0.00681573 0.999958 0.00609402 0.00552645 0.97088 0.00515791 0.239509 3.64107
0.228518 0.00784251 -0.973508 -0.714365 -0.00734061 0.999953 0.00633244 0.00572095 0.973512 0.00569906 0.228565 3.63632
0.220256 0.00760301 -0.975412 -0.718507 -0.00715778 0.999955 0.00617803 0.00592866 0.975416 0.00562104 0.220301 3.63299
0.199933 0.00769899 -0.979779 -0.731283 -0.00742521 0.999952 0.00634232 0.00604399 0.979781 0.00600703 0.199981 3.6243
0.18605 0.00762433 -0.982511 -0.7372 -0.0066856 0.999957 0.00649371 0.00578968 0.982518 0.00536052 0.186092 3.62019
0.170014 0.00754988 -0.985413 -0.741381 -0.00666504 0.999957 0.00651138 0.00603537 0.985419 0.0054608 0.170056 3.61555
0.161171 0.0076892 -0.986897 -0.744941 -0.00677665 0.999955 0.00668424 0.00654432 0.986903 0.00561055 0.161216 3.61259
0.147974 0.0076909 -0.988961 -0.749559 -0.00662606 0.999955 0.00678497 0.006325 0.988969 0.00554892 0.148018 3.60869
