1 -0 0 -0 -0 1 -0 0 0 -0 1 0
1 -3.96579e-05 1.36185e-05 9.42176e-05 3.96574e-05 1 3.46042e-05 1.22333e-05 -1.36199e-05 -3.46037e-05 1 4.53415e-05
1 -7.73106e-05 2.40744e-05 2.16285e-06 7.73111e-05 1 -2.12031e-05 1.17275e-05 -2.40728e-05 2.12049e-05 1 -1.06945e-05
1 -8.17443e-05 2.14566e-05 6.83845e-06 8.17448e-05 1 -2.12468e-05 7.42629e-06 -2.14549e-05 2.12486e-05 1 -2.05986e-05
1 -5.28854e-05 2.39868e-05 3.47036e-05 5.2885e-05 1 1.71611e-05 1.98495e-05 -2.39877e-05 -1.71598e-05 1 2.45038e-05
1 -6.51002e-05 5.78738e-05 9.85324e-05 6.50999e-05 1 5.68611e-06 2.17477e-05 -5.78742e-05 -5.68235e-06 1 7.65911e-05
1 -7.66362e-05 2.3654e-05 1.66431e-06 7.66368e-05 1 -2.12965e-05 1.1588e-05 -2.36523e-05 2.12983e-05 1 -1.05243e-05
1 -6.65154e-05 3.28955e-05 2.54779e-05 6.65149e-05 1 1.73216e-05 2.74534e-05 -3.28967e-05 -1.73194e-05 1 5.14529e-05
1 -6.23144e-05 4.81577e-05 6.83109e-05 6.23132e-05 1 2.4192e-05 2.67836e-05 -4.81592e-05 -2.4189e-05 1 8.83105e-05
1 -7.78124e-05 2.46313e-05 1.75949e-06 7.7813e-05 1 -2.15911e-05 1.16224e-05 -2.46297e-05 2.1593e-05 1 -1.09935e-05
1 -7.62375e-05 3.58344e-05 4.29957e-05 7.62366e-05 1 2.67513e-05 2.62643e-05 -3.58365e-05 -2.67486e-05 1 4.33333e-05
1 -2.16695e-05 9.44146e-06 7.02185e-05 2.16695e-05 1 -3.05481e-07 -7.58365e-06 -9.44146e-06 3.05686e-07 1 3.08149e-05
1 -7.66359e-05 2.36555e-05 1.66385e-06 7.66364e-05 1 -2.12941e-05 1.15886e-05 -2.36538e-05 2.1296e-05 1 -1.05224e-05
1 -3.23738e-05 -2.40155e-05 -8.97898e-06 3.23739e-05 1 3.40328e-06 1.5607e-05 2.40154e-05 -3.40406e-06 1 -1.66665e-05
1 -4.26887e-05 2.04557e-05 2.70233e-05 4.26879e-05 1 3.57372e-05 7.99353e-05 -2.04573e-05 -3.57364e-05 1 9.87701e-05
1 -3.53926e-05 2.837e-05 2.55624e-05 3.53922e-05 1 1.51985e-05 1.8981e-05 -2.83706e-05 -1.51975e-05 1 5.48513e-05
1 -3.54686e-05 1.17704e-05 2.44165e-05 3.54684e-05 1 1.60897e-05 5.23516e-05 -1.17709e-05 -1.60892e-05 1 2.09738e-05
1 -3.30879e-05 -1.64952e-05 -1.83201e-05 3.30877e-05 1 -1.49702e-05 9.75068e-06 1.64957e-05 1.49696e-05 1 -2.10978e-05
1 -4.45771e-05 5.26821e-05 6.26863e-05 4.45762e-05 1 1.79507e-05 3.70261e-05 -5.26829e-05 -1.79483e-05 1 0.000112752
1 -4.68357e-05 1.49902e-05 8.84605e-05 4.68354e-05 1 2.51032e-05 1.14934e-05 -1.49914e-05 -2.51025e-05 1 4.92917e-05
1 -7.7957e-05 2.91009e-05 4.44894e-05 7.79565e-05 1 1.88094e-05 2.33944e-05 -2.91024e-05 -1.88072e-05 1 4.40785e-05
1 -7.58464e-05 6.43877e-05 0.000109123 7.58434e-05 1 4.77931e-05 5.03673e-05 -6.43914e-05 -4.77882e-05 1 8.86704e-05
1 -4.78984e-05 -1.08312e-05 2.26302e-05 4.78988e-05 1 4.31802e-05 9.50418e-05 1.08292e-05 -4.31807e-05 1 4.23311e-05
1 -2.96796e-05 -1.53286e-05 3.72157e-05 2.96795e-05 1 -8.49909e-06 -1.17836e-05 1.53288e-05 8.49864e-06 1 1.27611e-05
1 -2.55193e-05 3.79998e-06 4.62119e-05 2.55191e-05 1 4.63859e-05 5.02036e-05 -3.80117e-06 -4.63858e-05 1 1.49522e-05
1 -5.62048e-06 -3.65579e-05 -1.80416e-05 5.62043e-06 1 -1.41861e-06 6.17565e-06 3.65579e-05 1.4184e-06 1 -1.44321e-05
1 -5.99765e-05 2.01998e-05 1.46857e-05 5.99756e-05 1 4.32078e-05 7.15491e-05 -2.02023e-05 -4.32065e-05 1 7.34468e-05
1 -7.81276e-05 2.47359e-05 1.84653e-06 7.81281e-05 1 -2.14683e-05 1.16074e-05 -2.47342e-05 2.14702e-05 1 -1.09292e-05
1 -8.01823e-05 2.00662e-05 6.26306e-06 8.01827e-05 1 -2.08887e-05 7.26126e-06 -2.00645e-05 2.08903e-05 1 -1.9829e-05
1 -8.01823e-05 2.00662e-05 6.26307e-06 8.01827e-05 1 -2.08887e-05 7.26128e-06 -2.00645e-05 2.08903e-05 1 -1.9829e-05
1 -2.65585e-06 4.3456e-05 1.83877e-05 2.65582e-06 1 5.63971e-07 -5.34732e-06 -4.3456e-05 -5.63855e-07 1 4.67457e-05
1 -4.8469e-05 4.42626e-05 4.58152e-06 4.84689e-05 1 3.21152e-06 7.18469e-06 -4.42628e-05 -3.20937e-06 1 4.68199e-05
1 -7.33875e-05 3.62112e-05 4.50101e-05 7.33871e-05 1 1.10976e-05 6.86273e-05 -3.6212e-05 -1.1095e-05 1 4.04452e-05
1 -8.5356e-05 9.51325e-05 9.26262e-06 8.5356e-05 1 -1.44483e-07 8.01538e-05 -9.51325e-05 1.52603e-07 1 0.00046123
1 0.000425738 -3.60201e-05 -0.000286521 -0.000425747 1 -0.000225624 -0.000209213 3.5924e-05 0.000225639 1 0.00986279
1 0.000540289 -0.000114127 -0.000426559 -0.000540304 1 -0.000129049 -0.000113222 0.000114057 0.000129111 1 0.027838
1 0.000401438 -4.29226e-05 -0.00027008 -0.000401447 1 -0.000221573 -0.000185087 4.28336e-05 0.00022159 1 0.0511773
1 0.000543682 -0.000220846 -0.000393659 -0.000543691 1 -4.15742e-05 -1.28718e-05 0.000220824 4.16942e-05 1 0.0792425
1 0.000493363 -0.000353247 -0.000771648 -0.000493418 1 -0.000156674 -0.000199716 0.000353169 0.000156849 1 0.110534
1 -0.000285726 -7.40981e-05 -0.000283806 0.000285659 1 -0.000898629 -0.000263348 7.43548e-05 0.000898607 1 0.143924
1 -7.10778e-05 -8.3947e-05 -0.000459798 7.09971e-05 1 -0.00096104 -0.000271124 8.40153e-05 0.000961034 1 0.179167
1 -0.000252221 -0.000190484 -0.000358166 0.000252018 0.999999 -0.00106216 -0.000589159 0.000190752 0.00106211 0.999999 0.215269
1 -1.00883e-05 -0.000614001 -0.00138486 9.44903e-06 0.999999 -0.00104115 -0.000326416 0.000614011 0.00104114 0.999999 0.264096
1 -0.00014151 -0.000400383 -0.00156967 0.000141209 1 -0.000751471 0.000390938 0.000400489 0.000751415 1 0.278762
1 -5.15909e-05 -0.000505978 -0.00145184 5.11554e-05 1 -0.000860748 -0.00018003 0.000506022 0.000860722 1 0.291622
1 0.000113995 -0.000552624 -0.00175741 -0.000114484 1 -0.000885199 -0.000295615 0.000552523 0.000885263 0.999999 0.299016
1 -0.000127607 -0.000637418 -0.00164823 0.000126989 1 -0.000968517 -0.000721187 0.000637541 0.000968436 0.999999 0.304431
1 -0.000308893 -0.000495489 -0.00158829 0.000308358 0.999999 -0.00107984 -0.000509877 0.000495823 0.00107969 0.999999 0.308843
1 -0.000425955 -0.000429866 -0.00183078 0.00042555 0.999999 -0.000942653 -0.000401744 0.000430267 0.00094247 0.999999 0.312128
1 0.000124966 -9.43707e-05 -0.00198382 -0.000125061 0.999999 -0.00100863 -0.000349495 9.42446e-05 0.00100864 0.999999 0.313933
1 0.000385575 -0.000155397 -0.00252811 -0.000385732 0.999999 -0.00101079 -0.00046947 0.000155007 0.00101085 0.999999 0.315028
1 0.000151257 -0.000195205 -0.00205788 -0.000151457 0.999999 -0.00102604 -0.000778137 0.00019505 0.00102607 0.999999 0.316208
1 0.000367597 -0.00013739 -0.00207007 -0.000367727 0.999999 -0.000947811 -0.000747189 0.000137041 0.000947862 1 0.316902
1 0.000230153 -0.000144411 -0.00215917 -0.000230278 1 -0.000865852 -0.000526389 0.000144211 0.000865886 1 0.317509
1 0.000333211 -3.68113e-05 -0.00226836 -0.000333244 1 -0.000892427 -0.000607251 3.65139e-05 0.000892439 1 0.317688
1 0.000414379 -6.99564e-05 -0.00228815 -0.00041444 1 -0.00087381 -0.000774725 6.95943e-05 0.000873839 1 0.318144
1 0.000313351 -0.000139985 -0.00229657 -0.000313476 1 -0.000899449 -0.000680082 0.000139703 0.000899493 1 0.31838
1 0.000139717 -9.13334e-05 -0.00225112 -0.000139799 1 -0.000903438 -0.000801074 9.12071e-05 0.000903451 1 0.318436
1 -5.10274e-05 -0.000162165 -0.00220164 5.08861e-05 1 -0.000871532 -0.000550064 0.000162209 0.000871524 1 0.318831
1 -7.53035e-05 -0.000139379 -0.00210314 7.51926e-05 1 -0.000795616 -0.000450583 0.000139438 0.000795606 1 0.319139
1 0.000342064 -0.000146977 -0.00279166 -0.000342174 1 -0.000751277 -0.000743639 0.00014672 0.000751327 1 0.31896
1 0.000224137 -8.96754e-05 -0.00284832 -0.00022421 1 -0.000822486 -0.000786235 8.94911e-05 0.000822506 1 0.318813
1 0.0002546 -0.000153873 -0.00280252 -0.000254732 1 -0.000860108 -0.000786548 0.000153654 0.000860147 1 0.318917
1 0.000242842 -0.000112978 -0.00275131 -0.00024293 1 -0.000783233 -0.000757617 0.000112788 0.000783261 1 0.318873
1 0.000215978 -9.91408e-05 -0.00281432 -0.00021606 1 -0.000831972 -0.000784508 9.89611e-05 0.000831994 1 0.318825
1 0.000162454 -0.000123309 -0.00271065 -0.000162555 1 -0.000822177 -0.000776727 0.000123176 0.000822197 1 0.318885
1 0.000348308 -0.000123768 -0.00280955 -0.000348403 1 -0.000771614 -0.000810001 0.000123499 0.000771657 1 0.318886
1 0.00018993 -7.5013e-05 -0.00277738 -0.000189989 1 -0.000781857 -0.000774894 7.48645e-05 0.000781872 1 0.318911
1 0.00036125 -0.000124005 -0.00279357 -0.000361343 1 -0.000755205 -0.000814903 0.000123732 0.000755249 1 0.318926
1 0.000232871 -9.15362e-05 -0.00282863 -0.000232947 1 -0.00083168 -0.000806002 9.13425e-05 0.000831701 1 0.318918
1 0.000249814 -0.000120594 -0.00280372 -0.00024991 1 -0.000799198 -0.000800815 0.000120394 0.000799229 1 0.318941
1 0.000225526 -0.000130751 -0.00279633 -0.00022563 1 -0.000798326 -0.000794407 0.000130571 0.000798355 1 0.318955
1 0.000328485 -0.000125614 -0.00280402 -0.000328584 1 -0.000786848 -0.000767142 0.000125356 0.00078689 1 0.318964
1 0.000302269 -9.87743e-05 -0.00279896 -0.000302345 1 -0.000774993 -0.000792799 9.854e-05 0.000775022 1 0.318959
1 0.000181535 -0.000125867 -0.0027526 -0.000181643 1 -0.000859713 -0.000842856 0.000125711 0.000859736 1 0.318943
1 0.000208778 -8.53728e-05 -0.00275523 -0.000208844 1 -0.000767655 -0.000823047 8.52125e-05 0.000767673 1 0.319
1 0.000131113 -9.94056e-05 -0.00272986 -0.000131191 1 -0.000788252 -0.000767944 9.93022e-05 0.000788265 1 0.318929
1 0.000320142 -0.000100624 -0.00279625 -0.000320219 1 -0.000767514 -0.000793922 0.000100378 0.000767546 1 0.318951
1 0.000272038 -0.000131604 -0.00282435 -0.000272145 1 -0.000817511 -0.00079582 0.000131381 0.000817547 1 0.318924
1 0.000249099 -0.00012552 -0.00280497 -0.000249202 1 -0.000820793 -0.000800006 0.000125316 0.000820825 1 0.318922
1 0.000312709 -9.40928e-05 -0.00278401 -0.00031278 1 -0.000753377 -0.000782961 9.38571e-05 0.000753406 1 0.318975
1 0.0003118 -0.000126976 -0.00279848 -0.000311902 1 -0.000804218 -0.000755027 0.000126725 0.000804257 1 0.318961
1 0.000234293 -0.00016408 -0.00274209 -0.00023443 1 -0.000831335 -0.000763707 0.000163885 0.000831374 1 0.318983
1 0.000371513 -0.00011101 -0.00282254 -0.000371598 1 -0.000770349 -0.000754661 0.000110724 0.000770391 1 0.318981
1 0.000382267 -0.000116264 -0.00282299 -0.00038235 1 -0.000715179 -0.00079776 0.00011599 0.000715223 1 0.318969
1 0.000248157 -0.000106072 -0.00273033 -0.000248242 1 -0.00080777 -0.000788528 0.000105871 0.000807796 1 0.318999
1 0.000380275 -0.000107351 -0.00282493 -0.000380358 1 -0.0007711 -0.000760649 0.000107058 0.000771141 1 0.318961
1 0.000241455 -8.50482e-05 -0.00281475 -0.000241523 1 -0.000791547 -0.000787642 8.48571e-05 0.000791567 1 0.318942
1 0.000241455 -8.50482e-05 -0.00281475 -0.000241523 1 -0.000791547 -0.000787642 8.48571e-05 0.000791567 1 0.318942
1 0.000258732 -8.41551e-05 -0.00276178 -0.000258802 1 -0.000826799 -0.000789061 8.39411e-05 0.000826821 1 0.318982
1 0.000369021 -0.000108935 -0.00281782 -0.000369104 1 -0.000763776 -0.000765326 0.000108653 0.000763816 1 0.318971
1 9.58257e-05 -0.000153024 -0.00259882 -9.59549e-05 1 -0.000844721 -0.000719983 0.000152943 0.000844735 1 0.319445
1 0.000288983 -0.000487049 -0.00253829 -0.000289515 0.999999 -0.00109213 -0.000908076 0.000486733 0.00109227 0.999999 0.328437
1 8.23317e-05 -0.000336193 -0.00288662 -8.2672e-05 0.999999 -0.00101246 -0.000914779 0.00033611 0.00101249 0.999999 0.346698
1 -0.000339193 -0.000427072 -0.00179232 0.000338691 0.999999 -0.00117398 -0.000344232 0.00042747 0.00117383 0.999999 0.370128
1 -0.000436458 -0.000516824 -0.00190669 0.000435939 0.999999 -0.00100246 -0.00034642 0.000517262 0.00100224 0.999999 0.398387
1 -0.000104465 -0.000456971 -0.00199026 0.00010391 0.999999 -0.0012133 -0.000603643 0.000457098 0.00121325 0.999999 0.429809
1 -0.00022231 -0.000426005 -0.00237725 0.000221909 1 -0.000940737 -0.000543228 0.000426214 0.000940642 0.999999 0.455372
1 -0.000222645 -0.000371425 -0.0023425 0.000222158 0.999999 -0.00130972 8.01951e-05 0.000371717 0.00130964 0.999999 0.482757
1 0.000312763 -2.55089e-05 -0.0010922 -0.000312805 0.999999 -0.00166656 -0.00235346 2.49876e-05 0.00166657 0.999999 0.512731
1 0.000343674 0.000186386 -0.000926351 -0.000343378 0.999999 -0.00158276 -0.00213966 -0.00018693 0.0015827 0.999999 0.546177
1 0.000386092 -8.98938e-05 -0.00145602 -0.000386225 0.999999 -0.00148607 -0.00183987 8.93199e-05 0.0014861 0.999999 0.580451
1 0.000401749 -6.3831e-05 -0.00117986 -0.000401865 0.999998 -0.00182592 -0.00274762 6.30973e-05 0.00182594 0.999998 0.608194
1 0.00029686 -7.92559e-05 -0.00218856 -0.000296995 0.999998 -0.00171275 -0.00241219 7.87473e-05 0.00171277 0.999999 0.628736
1 -0.000614016 0.000274137 -0.00151874 0.000614558 0.999998 -0.00197996 -0.00144799 -0.000272921 0.00198013 0.999998 0.652733
1 -0.000498637 0.000462063 -0.00149574 0.000499437 0.999998 -0.00173315 -0.00149917 -0.000461198 0.00173338 0.999998 0.680857
0.999999 -0.000985223 0.000733644 -0.00115882 0.000986914 0.999997 -0.0023088 -0.00200161 -0.000731367 0.00230952 0.999997 0.712812
1 -0.000407368 0.000460953 -0.000764208 0.00040839 0.999997 -0.00221883 -0.00212636 -0.000460048 0.00221901 0.999997 0.746786
1 -0.000484454 0.000515954 -0.00188953 0.000485614 0.999997 -0.00224994 -0.00195256 -0.000514862 0.00225019 0.999997 0.780738
1 -0.00068966 0.000556461 -0.00102982 0.000690763 0.999998 -0.00198378 -0.00152704 -0.000555091 0.00198417 0.999998 0.809835
1 -0.000796521 0.000382663 -0.000861897 0.000797315 0.999998 -0.00207853 -0.00145872 -0.000381006 0.00207884 0.999998 0.830041
1 -0.000372774 0.000449976 -0.00156723 0.000373659 0.999998 -0.001968 -0.00163243 -0.000449241 0.00196817 0.999998 0.844691
1 -0.000541633 0.000379421 -0.00149989 0.000542347 0.999998 -0.00188492 -0.00147738 -0.0003784 0.00188513 0.999998 0.854835
1 -0.000433447 0.000573302 -0.00113871 0.000434504 0.999998 -0.00184504 -0.00141718 -0.000572501 0.00184529 0.999998 0.862468
1 -0.000337292 0.000719084 -0.00100685 0.000338937 0.999997 -0.00228902 -0.00115347 -0.00071831 0.00228926 0.999997 0.867972
1 -0.00052387 0.000712396 -0.00103108 0.000525601 0.999997 -0.00243184 -0.00108215 -0.00071112 0.00243221 0.999997 0.871766
1 -0.000512511 0.000762555 -0.00083974 0.000514271 0.999997 -0.00231039 -0.000964278 -0.000761369 0.00231078 0.999997 0.874409
1 -0.000349113 0.000618805 -0.000912444 0.000350522 0.999997 -0.00227894 -0.00136435 -0.000618008 0.00227915 0.999997 0.876653
1 -0.000464654 0.000525564 -0.000856695 0.000465861 0.999997 -0.002299 -0.00139833 -0.000524494 0.00229925 0.999997 0.878207
1 -0.000204008 0.000683899 -0.0009384 0.000205273 0.999998 -0.00185079 -0.00168088 -0.00068352 0.00185093 0.999998 0.878916
1 -0.000324265 0.000627346 -0.000809472 0.000325439 0.999998 -0.0018712 -0.00162934 -0.000626738 0.00187141 0.999998 0.879821
1 -0.000333044 0.000647952 -0.000928148 0.000334266 0.999998 -0.00188802 -0.00175276 -0.000647322 0.00188823 0.999998 0.880215
1 -0.000726225 0.00045068 -0.00036186 0.00072703 0.999998 -0.00178909 -0.00192178 -0.00044938 0.00178942 0.999998 0.880734
1 -0.000615639 0.000505148 -0.000408286 0.000616533 0.999998 -0.00177106 -0.00193099 -0.000504057 0.00177137 0.999998 0.880812
1 -0.000655532 0.000461148 -0.00038016 0.000656355 0.999998 -0.00178766 -0.00192092 -0.000459975 0.00178796 0.999998 0.88098
1 -0.000623999 0.000448632 -0.000423137 0.000624809 0.999998 -0.00180797 -0.00193164 -0.000447503 0.00180825 0.999998 0.881158
1 -0.000517174 0.000438409 -0.000408254 0.000517927 0.999998 -0.00171837 -0.00182515 -0.00043752 0.00171859 0.999998 0.881395
1 -0.000630231 0.000498333 -0.000405791 0.000631104 0.999998 -0.00175376 -0.001782 -0.000497227 0.00175407 0.999998 0.881433
1 -0.000659602 0.000537799 -0.000451573 0.00066058 0.999998 -0.00182105 -0.00194329 -0.000536597 0.00182141 0.999998 0.881393
1 -0.000572695 0.000506853 -0.000390964 0.000573599 0.999998 -0.00178633 -0.00199047 -0.000505829 0.00178662 0.999998 0.881358
1 -0.000672292 0.000568037 -0.00037089 0.000673322 0.999998 -0.00181531 -0.00193065 -0.000566815 0.00181569 0.999998 0.881367
1 -0.000563512 0.000531529 -0.00041105 0.000564429 0.999998 -0.00172839 -0.00192246 -0.000530555 0.00172869 0.999998 0.88143
1 -0.000657106 0.00053702 -0.000343828 0.000658033 0.999998 -0.00172775 -0.00190363 -0.000535884 0.0017281 0.999998 0.881443
1 -0.000593675 0.000413492 -0.000470323 0.000594328 0.999999 -0.00158163 -0.001861 -0.000412552 0.00158188 0.999999 0.881764
1 -0.000689259 0.000526707 -0.000350504 0.000690172 0.999998 -0.00173608 -0.00190422 -0.00052551 0.00173644 0.999998 0.881489
1 -0.000619532 0.000448582 -0.000461807 0.000620266 0.999998 -0.00163805 -0.00188254 -0.000447566 0.00163832 0.999999 0.881622
1 -0.000524564 0.000454139 -0.000498048 0.000525284 0.999999 -0.00158629 -0.00187681 -0.000453307 0.00158653 0.999999 0.881661
1 -0.000546111 0.000461665 -0.000481424 0.000546853 0.999999 -0.00160726 -0.00185911 -0.000460786 0.00160751 0.999999 0.881653
1 -0.000577088 0.00045943 -0.000471335 0.000577828 0.999999 -0.00161297 -0.00186793 -0.000458499 0.00161324 0.999999 0.881654
1 -0.00068243 0.000497252 -0.000417755 0.000683243 0.999998 -0.00163684 -0.00192867 -0.000496134 0.00163718 0.999999 0.881707
1 -0.000633319 0.000500983 -0.000434944 0.000634133 0.999998 -0.00162537 -0.00192341 -0.000499953 0.00162569 0.999999 0.881739
1 -0.000699264 0.000430428 -0.000371683 0.000699997 0.999998 -0.00170456 -0.00193276 -0.000429235 0.00170486 0.999998 0.881567
1 -0.000787262 0.000463201 -0.000367627 0.000788029 0.999998 -0.00165731 -0.00190973 -0.000461895 0.00165767 0.999999 0.881608
1 -0.000661449 0.000502948 -0.000435145 0.00066231 0.999998 -0.00171395 -0.00187604 -0.000501814 0.00171428 0.999998 0.88171
1 -0.000807113 0.000446737 -0.000340202 0.000807869 0.999998 -0.00169513 -0.00191399 -0.000445368 0.00169549 0.999998 0.881583
1 -0.000687147 0.000517513 -0.000410215 0.000688028 0.999998 -0.00170519 -0.00187204 -0.00051634 0.00170555 0.999998 0.881732
1 -0.000731602 0.000465149 -0.000365092 0.000732401 0.999998 -0.0017199 -0.00192021 -0.00046389 0.00172024 0.999998 0.881528
1 -0.000676077 0.000487669 -0.000414964 0.000676906 0.999998 -0.00170334 -0.00186915 -0.000486517 0.00170367 0.999998 0.88171
1 -0.000737078 0.000458878 -0.000379332 0.000737865 0.999998 -0.00171643 -0.00192164 -0.000457612 0.00171677 0.999998 0.881537
1 -0.000671621 0.00052206 -0.000414649 0.000672519 0.999998 -0.00172184 -0.00187227 -0.000520903 0.00172219 0.999998 0.881725
1 -0.000671018 0.000514633 -0.000400065 0.0006719 0.999998 -0.00171666 -0.00188445 -0.00051348 0.001717 0.999998 0.881713
1 -0.000671536 0.000521808 -0.000414492 0.000672434 0.999998 -0.00172198 -0.00187224 -0.000520651 0.00172233 0.999998 0.881725
1 -0.000671536 0.000521808 -0.000414492 0.000672434 0.999998 -0.00172198 -0.00187224 -0.000520651 0.00172233 0.999998 0.881725
1 -0.000663819 0.000515509 -0.000418314 0.000664705 0.999998 -0.00172052 -0.00187145 -0.000514366 0.00172086 0.999998 0.881711
1 -0.000663819 0.000515509 -0.000418314 0.000664705 0.999998 -0.00172052 -0.00187145 -0.000514366 0.00172086 0.999998 0.881711
1 -0.000663819 0.000515509 -0.000418314 0.000664705 0.999998 -0.00172052 -0.00187145 -0.000514366 0.00172086 0.999998 0.881711
1 -0.000710602 0.000475983 -0.000410831 0.000711415 0.999998 -0.00170899 -0.00190853 -0.000474768 0.00170933 0.999998 0.881595
1 -0.000710602 0.000475983 -0.000410831 0.000711415 0.999998 -0.00170899 -0.00190853 -0.000474768 0.00170933 0.999998 0.881595
1 -0.000663819 0.000515509 -0.000418314 0.000664705 0.999998 -0.00172052 -0.00187145 -0.000514366 0.00172086 0.999998 0.881711
1 -0.000663403 0.000508287 -0.000404043 0.000664274 0.999998 -0.00171536 -0.00188371 -0.000507148 0.0017157 0.999998 0.881698
1 -0.000710416 0.00047701 -0.000410299 0.00071123 0.999998 -0.00170976 -0.00190902 -0.000475794 0.0017101 0.999998 0.881594
1 -0.000663819 0.000515509 -0.000418314 0.000664705 0.999998 -0.00172052 -0.00187145 -0.000514366 0.00172086 0.999998 0.881711
1 -0.000709708 0.000469862 -0.000392487 0.000710507 0.999998 -0.00170313 -0.00191918 -0.000468653 0.00170346 0.999998 0.881595
1 -0.000663819 0.000515509 -0.000418314 0.000664705 0.999998 -0.00172052 -0.00187145 -0.000514366 0.00172086 0.999998 0.881711
1 -0.00071066 0.000475799 -0.00040768 0.000711472 0.999998 -0.00170746 -0.00190692 -0.000474585 0.0017078 0.999998 0.881609
1 -0.000663755 0.000506676 -0.000422855 0.000664625 0.999998 -0.00171892 -0.00187037 -0.000505534 0.00171925 0.999998 0.881717
1 -0.000663253 0.000499529 -0.000408559 0.000664108 0.999998 -0.00171361 -0.00188253 -0.000498391 0.00171394 0.999998 0.881705
1 -0.000839826 0.000451251 -0.000364273 0.000840584 0.999998 -0.00168019 -0.00192068 -0.000449839 0.00168057 0.999998 0.881611
1 -0.000839826 0.000451251 -0.000364273 0.000840584 0.999998 -0.00168019 -0.00192068 -0.000449839 0.00168057 0.999998 0.881611
1 -0.000663755 0.000506676 -0.000422855 0.000664625 0.999998 -0.00171892 -0.00187037 -0.000505534 0.00171925 0.999998 0.881717
1 -0.000844122 0.000455453 -0.000345463 0.000844885 0.999998 -0.00167778 -0.00190851 -0.000454036 0.00167816 0.999998 0.881569
1 -0.00067259 0.000518205 -0.000414208 0.000673481 0.999998 -0.0017213 -0.00187129 -0.000517047 0.00172165 0.999998 0.881726
1 -0.00066017 0.000519456 -0.000397639 0.000661062 0.999998 -0.0017204 -0.00188478 -0.00051832 0.00172074 0.999998 0.881691
1 -0.000660629 0.000526602 -0.000412053 0.000661537 0.999998 -0.00172553 -0.00187245 -0.000525461 0.00172588 0.999998 0.881704
1 -0.000710607 0.00049861 -0.000182968 0.000711527 0.999998 -0.00184724 -0.00176005 -0.000497296 0.00184759 0.999998 0.882225
0.999999 -0.00100381 0.000487304 -0.000719659 0.00100499 0.999997 -0.00242905 -0.0014259 -0.000484864 0.00242954 0.999997 0.89146
0.999999 -0.00113627 0.00064522 -0.000607172 0.00113792 0.999996 -0.00257387 -0.00139659 -0.000642292 0.0025746 0.999996 0.908952
0.999999 -0.00114181 0.000731771 -0.000602863 0.00114366 0.999996 -0.00252945 -0.00165531 -0.00072888 0.00253028 0.999997 0.932854
1 -0.000770414 0.00052226 -0.00212285 0.000771989 0.999995 -0.0030227 -0.00368495 -0.000519929 0.00302311 0.999995 0.95996
0.999999 -0.000872026 0.000631948 -0.00159789 0.000873702 0.999996 -0.00265675 -0.0019169 -0.000629629 0.0026573 0.999996 0.983982
1 -0.000254881 0.000772724 -0.00134308 0.000257188 0.999996 -0.00298699 -0.0010831 -0.000771959 0.00298718 0.999995 1.00959
1 -1.57924e-05 0.000809081 -0.00116222 1.83416e-05 0.999995 -0.00315083 -0.00150341 -0.000809027 0.00315084 0.999995 1.03838
1 -0.000107478 0.000720843 -0.00117556 0.000109603 0.999996 -0.00294844 -0.00122557 -0.000720523 0.00294852 0.999995 1.07089
1 -0.000334994 0.000762285 -0.00114295 0.00033705 0.999996 -0.00269794 -0.00193718 -0.000761378 0.0026982 0.999996 1.10426
0.999999 -0.000418032 0.0011505 -0.00154114 0.000421434 0.999996 -0.00295798 -0.0023562 -0.00114925 0.00295846 0.999995 1.14001
1 -0.000393537 0.000581063 -0.00143877 0.000395065 0.999996 -0.00263201 -0.00262266 -0.000580025 0.00263224 0.999996 1.16955
1 -0.000381395 0.000425839 -0.0013768 0.00038253 0.999996 -0.00266765 -0.00252648 -0.00042482 0.00266782 0.999996 1.19038
1 -0.000677601 0.000605845 -0.00124934 0.00067917 0.999996 -0.00259405 -0.00268757 -0.000604085 0.00259446 0.999996 1.21397
0.999999 -0.000650891 0.000782082 -0.00115461 0.000653191 0.999995 -0.00294311 -0.00273495 -0.000780163 0.00294362 0.999995 1.24202
1 -0.000717877 0.000635919 -0.00119964 0.000719782 0.999995 -0.00300093 -0.00303052 -0.000633762 0.00300139 0.999995 1.27399
0.999999 -0.000936779 0.000779622 -0.00236402 0.000939286 0.999994 -0.00322158 -0.00264582 -0.0007766 0.00322231 0.999995 1.30807
0.999999 -0.00114073 0.000903878 -0.0023519 0.0011438 0.999994 -0.00340682 -0.00266288 -0.000899985 0.00340785 0.999994 1.33512
0.999999 -0.00130312 0.000755409 -0.00240642 0.00130562 0.999994 -0.00331331 -0.00282919 -0.000751086 0.00331429 0.999994 1.35453
0.999999 -0.00134002 0.000785388 -0.00236621 0.00134264 0.999993 -0.0033463 -0.00240053 -0.000780899 0.00334735 0.999994 1.37747
0.999998 -0.00165215 0.000635597 -0.0020259 0.00165427 0.999993 -0.00336036 -0.00358763 -0.000630041 0.00336141 0.999994 1.40452
0.999999 -0.00081591 0.000890974 -0.00307216 0.000818534 0.999995 -0.0029487 -0.00309063 -0.000888564 0.00294942 0.999995 1.43613
0.999999 -0.000474457 0.00106669 -0.00351602 0.000477677 0.999995 -0.00302073 -0.00277436 -0.00106525 0.00302124 0.999995 1.46934
0.999999 -0.000883089 0.00103139 -0.0036207 0.000886528 0.999994 -0.00333896 -0.00280325 -0.00102844 0.00333988 0.999994 1.4955
0.999999 -0.000588249 0.00108398 -0.00347708 0.000591672 0.999995 -0.00316007 -0.00268627 -0.00108212 0.00316071 0.999994 1.51543
0.999999 -0.00106654 0.00120855 -0.00360752 0.00107009 0.999995 -0.00294063 -0.0038965 -0.00120541 0.00294192 0.999995 1.5377
1 -0.000540763 0.000788416 -0.00353232 0.000543074 0.999996 -0.00293447 -0.00367184 -0.000786826 0.0029349 0.999995 1.56666
1 -0.000553411 0.000680205 -0.00391384 0.000555602 0.999995 -0.00322436 -0.00363225 -0.000678417 0.00322473 0.999995 1.59777
0.999999 -0.00104965 0.000787235 -0.00341779 0.00105219 0.999994 -0.00322838 -0.00414428 -0.000783841 0.0032292 0.999994 1.63109
0.999999 -0.00102452 0.000663971 -0.00356773 0.00102682 0.999993 -0.00347279 -0.00461003 -0.000660409 0.00347347 0.999994 1.66626
0.999999 -0.00104675 0.000749599 -0.00404409 0.00104929 0.999994 -0.00339818 -0.00450692 -0.000746037 0.00339896 0.999994 1.70276
1 0.000107604 0.000438103 -0.00416789 -0.000106091 0.999994 -0.00345177 -0.00557197 -0.000438472 0.00345172 0.999994 1.74129
1 1.41235e-05 0.000505935 -0.00436173 -1.24997e-05 0.999995 -0.00320921 -0.00539946 -0.000505978 0.00320921 0.999995 1.77926
1 -4.28714e-05 0.000351442 -0.0044339 4.41118e-05 0.999994 -0.00353003 -0.00520559 -0.000351288 0.00353004 0.999994 1.81712
1 -0.000358001 8.1812e-05 -0.00490725 0.000358247 0.999995 -0.00302912 -0.00490279 -8.07272e-05 0.00302914 0.999995 1.84678
1 -9.02293e-05 0.000101514 -0.00465824 9.05533e-05 0.999995 -0.00319562 -0.00584388 -0.000101225 0.00319563 0.999995 1.86961
0.999999 0.00126187 0.000676395 -0.00460939 -0.00125879 0.999989 -0.00453799 -0.00616421 -0.000682114 0.00453714 0.999989 1.89564
0.999999 0.00132797 0.000532887 -0.00487323 -0.00132562 0.999989 -0.00438738 -0.00611319 -0.000538707 0.00438667 0.99999 1.92457
0.999999 0.00125164 0.000412421 -0.00478553 -0.00124995 0.999991 -0.00405667 -0.00618984 -0.000417494 0.00405615 0.999992 1.95642
0.999999 0.0014374 0.000429796 -0.00504278 -0.0014354 0.999988 -0.00461616 -0.00643428 -0.000436426 0.00461554 0.999989 1.99028
0.999999 0.000942672 0.000445647 -0.00526849 -0.000940753 0.99999 -0.00428645 -0.00622982 -0.000449684 0.00428603 0.999991 2.02549
0.999997 0.00210299 0.000779917 -0.00535693 -0.00209934 0.999987 -0.00464956 -0.00710906 -0.000789685 0.00464791 0.999989 2.0529
0.999997 0.00248008 0.000634069 -0.00597433 -0.00247701 0.999985 -0.00479215 -0.00706409 -0.000645945 0.00479056 0.999988 2.08187
0.999998 0.00187109 0.000380015 -0.00573382 -0.00186923 0.999987 -0.00482234 -0.00737556 -0.000389033 0.00482162 0.999988 2.11462
0.999999 0.00118428 0.000953239 -0.00511413 -0.00117961 0.999987 -0.00488755 -0.00764674 -0.000959015 0.00488642 0.999988 2.14853
0.999998 0.00162957 0.000600428 -0.0052869 -0.00162716 0.999991 -0.0039843 -0.00749581 -0.000606915 0.00398331 0.999992 2.18513
0.999999 0.00112174 0.000599822 -0.00628507 -0.00111903 0.999989 -0.00449861 -0.00810561 -0.000604862 0.00449793 0.99999 2.22105
0.999999 0.00128625 0.000708575 -0.00625827 -0.0012831 0.999989 -0.0044308 -0.00810165 -0.000714267 0.00442989 0.99999 2.25866
0.999999 0.00154854 0.000727458 -0.00636129 -0.00154538 0.999989 -0.00432222 -0.00781005 -0.000734144 0.00432109 0.99999 2.29709
1 0.000761919 0.00064035 -0.00647155 -0.000759061 0.99999 -0.00445187 -0.00841235 -0.000643735 0.00445138 0.99999 2.33611
0.999998 0.00202035 0.000464399 -0.00531054 -0.00201826 0.999988 -0.00444838 -0.00934111 -0.000473381 0.00444744 0.99999 2.37564
0.999997 0.0022369 -1.2127e-05 -0.0056623 -0.00223694 0.999987 -0.00452205 -0.00938574 2.01148e-06 0.00452207 0.99999 2.41443
0.999998 0.00205134 0.000244194 -0.00584374 -0.00205016 0.999987 -0.00476006 -0.00961703 -0.000253955 0.00475955 0.999989 2.44563
0.999997 0.00252468 0.000325151 -0.00607315 -0.00252293 0.999983 -0.00527064 -0.00997483 -0.000338452 0.0052698 0.999986 2.47573
0.999998 0.00194522 0.000413915 -0.00449897 -0.00194296 0.999984 -0.0053869 -0.0100466 -0.000424386 0.00538608 0.999985 2.50962
0.999998 0.00201172 0.00037835 -0.00469809 -0.00200966 0.999984 -0.00537333 -0.0103277 -0.000389154 0.00537256 0.999985 2.54542
0.999998 0.00200799 0.000418967 -0.00508522 -0.00200567 0.999983 -0.00547643 -0.0105533 -0.000429957 0.00547558 0.999985 2.5808
0.999998 0.00187037 -0.000175741 -0.00507901 -0.00187129 0.999984 -0.00540502 -0.0111085 0.000165629 0.00540534 0.999985 2.61776
0.999998 0.0020835 0.000293256 -0.00458469 -0.00208179 0.999982 -0.00570667 -0.0110813 -0.00030514 0.00570604 0.999984 2.64812
0.999998 0.002179 0.000448512 -0.00432617 -0.00217636 0.999981 -0.00580668 -0.0111135 -0.000461156 0.00580569 0.999983 2.67798
0.999998 0.00185962 0.000468666 -0.00450552 -0.00185682 0.999981 -0.00591664 -0.0113043 -0.00047966 0.00591576 0.999982 2.71034
0.999998 0.00197906 0.000157186 -0.00453305 -0.0019781 0.999981 -0.00586294 -0.0119954 -0.000168786 0.00586262 0.999983 2.74581
0.999999 0.001639 0.000146911 -0.00479886 -0.00163813 0.999982 -0.00576544 -0.012034 -0.000156358 0.0057652 0.999983 2.78261
0.999999 0.0015928 9.73601e-05 -0.00428881 -0.00159218 0.999981 -0.00598963 -0.0122654 -0.000106898 0.00598947 0.999982 2.8196
0.999997 0.00232942 0.000647662 -0.00547257 -0.00232559 0.99998 -0.00585629 -0.0132853 -0.000661291 0.00585476 0.999983 2.84778
0.999996 0.00290766 0.000419285 -0.00580269 -0.00290516 0.999979 -0.00585879 -0.0132014 -0.000436311 0.00585755 0.999983 2.86956
0.999996 0.00278219 0.000620881 -0.00588202 -0.00277843 0.999978 -0.00597394 -0.0132677 -0.000637488 0.00597219 0.999982 2.8937
0.999997 0.00221787 0.000634379 -0.00558725 -0.00221413 0.999981 -0.00583355 -0.0138788 -0.000647305 0.00583213 0.999983 2.92165
0.999996 0.0026259 0.000925466 -0.00584722 -0.0026207 0.999981 -0.00557153 -0.0136171 -0.000940078 0.00556908 0.999984 2.95444
0.999998 0.00153524 0.00100724 -0.00633375 -0.00152928 0.999981 -0.00589694 -0.0141064 -0.00101627 0.00589539 0.999982 2.98708
0.999998 0.00153224 0.00146017 -0.00624985 -0.00152392 0.999983 -0.00568699 -0.0141481 -0.00146886 0.00568475 0.999983 3.02258
0.999998 0.00139134 0.00125529 -0.00641876 -0.00138417 0.999983 -0.0056943 -0.0146446 -0.00126319 0.00569255 0.999983 3.05039
0.999998 0.0015419 0.00128884 -0.00669353 -0.00153386 0.999979 -0.00621668 -0.0146517 -0.0012984 0.00621469 0.99998 3.07989
0.999997 0.00216558 0.00139493 -0.00703975 -0.00215716 0.99998 -0.00600584 -0.0147975 -0.00140791 0.00600281 0.999981 3.112
0.999996 0.00237847 0.00137078 -0.00660173 -0.00237004 0.999978 -0.00612231 -0.0158027 -0.00138531 0.00611904 0.99998 3.14425
0.999997 0.00223932 0.00136344 -0.00659551 -0.00223114 0.99998 -0.00597061 -0.016006 -0.00137678 0.00596755 0.999981 3.18031
0.999997 0.00227737 0.000532565 -0.00640352 -0.00227393 0.999977 -0.00638129 -0.0164474 -0.000547085 0.00638006 0.999979 3.21686
0.999997 0.00232401 0.000546803 -0.00658951 -0.00232076 0.99998 -0.00587275 -0.0163692 -0.00056044 0.00587146 0.999983 3.24635
0.999992 0.00391423 0.00122062 -0.00789201 -0.00390662 0.999973 -0.00617057 -0.0166732 -0.00124474 0.00616575 0.99998 3.27603
0.999993 0.00355056 0.00132093 -0.00777033 -0.00354205 0.999973 -0.00639071 -0.0167765 -0.00134358 0.00638598 0.999979 3.30891
0.999992 0.00362407 0.00145876 -0.00778256 -0.00361453 0.999972 -0.00648828 -0.0170661 -0.00148223 0.00648296 0.999978 3.34341
0.999992 0.00374375 0.00162074 -0.00776055 -0.00373397 0.999975 -0.00599425 -0.0170805 -0.00164314 0.00598815 0.999981 3.37995
0.999993 0.00330402 0.00192045 -0.00772106 -0.00329156 0.999974 -0.0064568 -0.0177326 -0.00194173 0.00645043 0.999977 3.41534
0.999993 0.00361237 0.00138708 -0.00810695 -0.00360244 0.999968 -0.00710051 -0.0174601 -0.00141268 0.00709546 0.999974 3.44616
0.999993 0.00355514 0.00112065 -0.00816626 -0.00354689 0.999967 -0.00727775 -0.017577 -0.00114648 0.00727373 0.999973 3.47637
0.999992 0.00384016 0.00119655 -0.00821279 -0.00383143 0.999967 -0.00721516 -0.0177726 -0.00122422 0.00721052 0.999973 3.50888
0.999994 0.00320707 0.00131767 -0.00802746 -0.00319741 0.999969 -0.00726193 -0.0179806 -0.00134091 0.00725767 0.999973 3.54357
0.999993 0.00343641 0.001201 -0.00830521 -0.00342772 0.999968 -0.00716326 -0.0181787 -0.00122558 0.0071591 0.999974 3.58059
0.999991 0.00377771 0.00167952 -0.00863002 -0.00376588 0.999968 -0.00699231 -0.0179292 -0.00170589 0.00698593 0.999974 3.61859
0.999993 0.00353452 0.00138693 -0.00851597 -0.00352439 0.999968 -0.00724285 -0.0179949 -0.00141248 0.00723791 0.999973 3.64732
0.999992 0.00368443 0.00139639 -0.00883163 -0.00367424 0.999967 -0.00723039 -0.0180303 -0.00142298 0.0072252 0.999973 3.67761
0.999991 0.00400263 0.00157786 -0.0090188 -0.00399184 0.999969 -0.00677917 -0.0182906 -0.00160495 0.00677281 0.999976 3.71118
0.999993 0.00349555 0.00122597 -0.0092587 -0.00348673 0.999969 -0.00712981 -0.0180052 -0.00125086 0.00712548 0.999974 3.74631
0.999993 0.00334101 0.00148517 -0.00915179 -0.00332996 0.999967 -0.00737884 -0.0178135 -0.00150978 0.00737385 0.999972 3.78179
0.999997 0.00214874 0.00131361 -0.00929274 -0.00214041 0.999978 -0.00631406 -0.0167267 -0.00132715 0.00631122 0.999979 3.81005
0.999995 0.00320345 0.000527198 -0.0105251 -0.00319999 0.999974 -0.00643406 -0.0174139 -0.000547796 0.00643234 0.999979 3.83165
0.999995 0.00278576 0.00128847 -0.00969164 -0.0027767 0.999972 -0.00698032 -0.0175328 -0.00130788 0.00697671 0.999975 3.85441
0.999994 0.00330602 0.00109437 -0.00994518 -0.00329865 0.999972 -0.00666693 -0.0174577 -0.00111638 0.00666328 0.999977 3.88292
0.999996 0.00271254 0.0012266 -0.00949689 -0.00270425 0.999974 -0.00671556 -0.0176608 -0.00124478 0.00671222 0.999977 3.91461
0.999997 0.00191263 0.0017515 -0.0085814 -0.00190022 0.999973 -0.00705896 -0.0185232 -0.00176496 0.00705561 0.999974 3.94892
0.999994 0.00303643 0.00143391 -0.00964759 -0.00302575 0.999968 -0.00739142 -0.0190298 -0.00145631 0.00738704 0.999972 3.98298
0.999993 0.00352415 0.00122447 -0.0101675 -0.0035152 0.999968 -0.00723178 -0.0186047 -0.00124992 0.00722742 0.999973 4.01043
0.999995 0.00290307 0.0010514 -0.0100066 -0.00289507 0.999967 -0.00753683 -0.0192096 -0.00107325 0.00753375 0.999971 4.03111
0.999994 0.00320212 0.00112804 -0.00994487 -0.00319259 0.99996 -0.00834764 -0.020066 -0.00115472 0.00834399 0.999965 4.04589
0.999994 0.00279855 0.00181138 -0.00928253 -0.002783 0.99996 -0.00852992 -0.0199806 -0.00183518 0.00852484 0.999962 4.05597
0.999995 0.0031261 0.000457239 -0.0105976 -0.00312221 0.999961 -0.00827067 -0.020466 -0.000483076 0.0082692 0.999966 4.06364
0.999995 0.00298805 0.00111624 -0.00989234 -0.0029789 0.999963 -0.00810766 -0.0203772 -0.00114043 0.00810429 0.999967 4.06887
0.999996 0.0026834 0.00119461 -0.0100516 -0.00267409 0.999967 -0.00772332 -0.0193813 -0.00121529 0.00772009 0.999969 4.07302
0.999995 0.0029788 0.00123886 -0.00989437 -0.00296847 0.999961 -0.00825974 -0.0200064 -0.00126341 0.00825602 0.999965 4.07585
0.999995 0.00295502 0.00112257 -0.0101072 -0.00294643 0.999967 -0.00757111 -0.01966 -0.0011449 0.00756776 0.999971 4.07759
0.999996 0.00238427 0.00130065 -0.00983675 -0.00237498 0.999972 -0.00709796 -0.0192634 -0.00131754 0.00709485 0.999974 4.07908
0.999995 0.0026396 0.00150883 -0.009564 -0.00262932 0.999974 -0.00677655 -0.0191998 -0.00152667 0.00677255 0.999976 4.08035
0.999996 0.00239816 0.00138497 -0.00963098 -0.00238856 0.999973 -0.0068967 -0.0191691 -0.00140147 0.00689336 0.999975 4.08089
0.999994 0.00303687 0.00149977 -0.0100827 -0.003025 0.999965 -0.00785036 -0.0198466 -0.00152356 0.00784578 0.999968 4.08133
0.999994 0.0031584 0.00171664 -0.00995816 -0.00314464 0.999963 -0.00796326 -0.0200689 -0.00174172 0.00795781 0.999967 4.08179
0.999994 0.00321612 0.00114348 -0.0103027 -0.00320726 0.999965 -0.00766524 -0.0198647 -0.0011681 0.00766153 0.99997 4.08215
0.999994 0.00313435 0.00125278 -0.0101438 -0.00312476 0.999966 -0.00758021 -0.019817 -0.00127649 0.00757625 0.99997 4.08237
0.999994 0.00325743 0.0013583 -0.0102027 -0.00324728 0.999967 -0.00740866 -0.0196057 -0.00138239 0.00740421 0.999972 4.08161
0.999994 0.00308028 0.0012753 -0.0102492 -0.00307054 0.999967 -0.00756434 -0.0198196 -0.00129856 0.00756038 0.999971 4.07073
0.999993 0.00348694 0.00134594 -0.0102865 -0.00347613 0.999962 -0.00795093 -0.0197613 -0.00137361 0.00794619 0.999967 4.04807
0.999994 0.00338053 0.000959417 -0.0105178 -0.00337361 0.999969 -0.00712468 -0.0192013 -0.000983472 0.0071214 0.999974 4.01853
0.999994 0.00318927 0.000944695 -0.0103473 -0.00318248 0.99997 -0.00711204 -0.0190215 -0.000967349 0.007109 0.999974 3.98268
0.999994 0.00315568 0.00160284 -0.00965498 -0.00314409 0.999969 -0.0071791 -0.0183953 -0.00162545 0.00717402 0.999973 3.94427
0.999993 0.00294365 0.00249423 -0.00859566 -0.002928 0.999976 -0.00625365 -0.0176514 -0.00251258 0.0062463 0.999977 3.91319
0.999995 0.00298825 0.00123612 -0.0100971 -0.00297929 0.99997 -0.00718588 -0.0181499 -0.00125755 0.00718216 0.999973 3.89119
0.999994 0.00338406 0.00110677 -0.0104877 -0.00337656 0.999972 -0.0067111 -0.017427 -0.00112945 0.00670732 0.999977 3.88393
0.999995 0.00310825 0.000797622 -0.0102898 -0.0031026 0.999971 -0.00699313 -0.0180944 -0.000819335 0.00699062 0.999975 3.8904
0.999995 0.00290289 0.00103038 -0.00997797 -0.00289628 0.999976 -0.00636122 -0.0177226 -0.00104882 0.00635821 0.999979 3.90595
0.999995 0.00305029 0.00105641 -0.00979462 -0.00304318 0.999973 -0.00666175 -0.0181036 -0.00107671 0.0066585 0.999977 3.92731
0.999992 0.00382303 0.00104936 -0.0102492 -0.00381586 0.99997 -0.00675978 -0.0181133 -0.00107517 0.00675572 0.999977 3.94563
0.999991 0.00399025 0.00113763 -0.0101882 -0.00398226 0.999968 -0.0069367 -0.0185314 -0.00116527 0.00693211 0.999975 3.95877
0.999994 0.00345824 -0.000470293 -0.0102743 -0.00346148 0.999969 -0.00707233 -0.018866 0.00044582 0.00707391 0.999975 3.96796
0.999777 0.00309129 -0.0209086 -0.0135333 -0.00324116 0.999969 -0.00713783 -0.0187413 0.0208859 0.00720401 0.999756 3.97356
0.998496 0.00291828 -0.0547504 -0.0182675 -0.00331022 0.99997 -0.00706933 -0.0188003 0.0547281 0.00723993 0.998475 3.97605
0.995306 0.00315158 -0.0967233 -0.0250521 -0.00378723 0.999972 -0.00638894 -0.018568 0.0967005 0.00672526 0.995291 3.97633
0.989885 0.00331203 -0.141831 -0.0314208 -0.00423252 0.999972 -0.00618888 -0.0180972 0.141806 0.00672658 0.989872 3.97548
0.982096 0.0036208 -0.188347 -0.0387695 -0.0050011 0.999964 -0.00685376 -0.0190457 0.188316 0.007673 0.982079 3.9729
0.976219 0.00344301 -0.216757 -0.0425262 -0.00493428 0.999968 -0.00633909 -0.0182709 0.216728 0.00725788 0.976205 3.97123
0.972889 0.0034218 -0.231247 -0.044414 -0.00494406 0.99997 -0.00600363 -0.0184288 0.231219 0.00698417 0.972877 3.97109
0.971119 0.00355454 -0.238571 -0.0451902 -0.00493265 0.999974 -0.00517976 -0.0175855 0.238546 0.00620695 0.971111 3.97133
0.970194 0.00297622 -0.242311 -0.0449493 -0.00452154 0.999973 -0.0058216 -0.0177911 0.242287 0.0067437 0.970181 3.97081
0.969574 0.00323165 -0.244777 -0.0458319 -0.00483546 0.999971 -0.00595146 -0.0179126 0.24475 0.00695399 0.969561 3.97063
0.9694 0.00305653 -0.245467 -0.0455831 -0.0043819 0.999979 -0.00485344 -0.0173757 0.245447 0.00578053 0.969393 3.97156
0.969223 0.00298115 -0.246166 -0.0455345 -0.00428845 0.999979 -0.00477473 -0.017049 0.246147 0.00568345 0.969216 3.97141
0.968822 0.00340752 -0.247736 -0.045825 -0.00484448 0.999975 -0.00519105 -0.0174975 0.247712 0.00622936 0.968814 3.97127
0.963579 0.00320797 -0.267403 -0.0487041 -0.00501087 0.999969 -0.00606014 -0.01815 0.267375 0.00717935 0.963566 3.96918
0.953521 0.00354685 -0.301305 -0.0538392 -0.00547279 0.99997 -0.00554813 -0.0176871 0.301276 0.00693924 0.953512 3.96569
0.939804 0.00364363 -0.341695 -0.059149 -0.00559992 0.999973 -0.004739 -0.0174397 0.341669 0.0063672 0.939799 3.96063
0.924177 0.00321066 -0.38195 -0.0635094 -0.0053632 0.999975 -0.00457119 -0.0171172 0.381926 0.00627307 0.924172 3.95631
0.912837 0.00274549 -0.408315 -0.066443 -0.00510334 0.999976 -0.00468534 -0.0178168 0.408292 0.00636072 0.912829 3.95359
0.9058 0.00332318 -0.423693 -0.0682256 -0.00563 0.999975 -0.00419303 -0.0172404 0.423668 0.00618343 0.905796 3.9513
