1 -0 0 -0 -0 1 -0 0 0 -0 1 0
1 -2.73983e-05 -2.13034e-05 -3.85831e-05 2.7398e-05 1 -1.58285e-05 9.76017e-06 2.13038e-05 1.58279e-05 1 -1.25136e-05
1 -1.13236e-05 -4.53261e-05 2.27339e-05 1.13226e-05 1 -2.26512e-05 -1.85971e-06 4.53263e-05 2.26507e-05 1 -5.08973e-05
1 -1.7504e-05 -3.27404e-05 1.60538e-05 1.75013e-05 1 -8.17059e-05 -6.99046e-06 3.27418e-05 8.17053e-05 1 -8.1875e-05
1 -9.65196e-05 -4.31285e-05 -3.36254e-05 9.65189e-05 1 -1.57429e-05 1.87421e-05 4.313e-05 1.57387e-05 1 2.02212e-06
1 2.94019e-05 -2.54582e-05 -8.60137e-06 -2.94017e-05 1 8.60344e-06 2.05878e-05 2.54584e-05 -8.6027e-06 1 1.79793e-05
1 2.89712e-05 -1.39773e-06 -2.63545e-05 -2.89713e-05 1 -4.49963e-05 -5.14219e-06 1.39643e-06 4.49963e-05 1 -2.86856e-05
1 7.38664e-06 -4.82375e-06 -1.22566e-05 -7.38686e-06 1 -4.52585e-05 -1.59578e-05 4.82342e-06 4.52585e-05 1 -2.05847e-05
1 -3.07174e-05 3.86026e-07 -1.49937e-05 3.07175e-05 1 -4.71027e-05 -1.65949e-06 -3.8458e-07 4.71028e-05 1 -3.18515e-05
1 -7.00463e-05 -4.08521e-05 -3.77103e-05 7.00455e-05 1 -1.97709e-05 2.03801e-05 4.08534e-05 1.97681e-05 1 -5.33102e-06
1 1.85011e-06 2.4966e-05 2.5688e-05 -1.84926e-06 1 -3.3879e-05 -6.95391e-06 -2.4966e-05 3.38789e-05 1 -4.47076e-05
1 -6.99713e-06 5.12746e-07 3.85563e-05 6.99714e-06 1 -1.38027e-05 3.05927e-06 -5.12649e-07 1.38027e-05 1 -5.19142e-05
1 -6.75751e-05 4.80603e-06 3.08568e-05 6.75752e-05 1 -1.64503e-05 1.40012e-05 -4.80492e-06 1.64506e-05 1 -5.07128e-05
1 -8.81275e-06 -3.56733e-05 -1.20711e-05 8.81139e-06 1 -3.80899e-05 6.25078e-06 3.56736e-05 3.80896e-05 1 -1.86117e-06
1 -7.33405e-05 -3.58251e-05 -6.89658e-06 7.33396e-05 1 -2.4357e-05 1.49181e-05 3.58269e-05 2.43544e-05 1 -1.13975e-06
1 -8.60797e-06 -4.89083e-05 -5.56261e-06 8.60887e-06 1 1.84714e-05 3.57575e-05 4.89081e-05 -1.84718e-05 1 1.80624e-05
1 -5.75974e-05 -2.58591e-05 -9.53284e-06 5.75967e-05 1 -2.67637e-05 4.38546e-05 2.58606e-05 2.67622e-05 1 4.28404e-06
1 -5.42887e-05 -5.39951e-05 -1.03712e-05 5.42865e-05 1 -4.16181e-05 -2.62599e-06 5.39973e-05 4.16151e-05 1 -5.44622e-05
1 4.62826e-06 -2.94645e-05 -1.24042e-05 -4.62943e-06 1 -3.94041e-05 -5.99478e-06 2.94643e-05 3.94042e-05 1 -1.97588e-05
1 -4.73035e-05 -6.56551e-05 -1.33321e-05 4.7301e-05 1 -3.74095e-05 9.79792e-06 6.56569e-05 3.74064e-05 1 -4.5243e-05
1 -4.12692e-05 -6.17871e-05 -4.27545e-06 4.1268e-05 1 -2.06357e-05 7.05551e-06 6.17879e-05 2.06331e-05 1 -1.20657e-05
1 -4.78618e-05 -3.09505e-05 2.12294e-05 4.78615e-05 1 -9.21491e-06 1.76734e-05 3.0951e-05 9.21343e-06 1 -9.40469e-06
1 -4.19327e-05 -3.91441e-05 6.85978e-06 4.19333e-05 1 1.57973e-05 1.69107e-05 3.91434e-05 -1.57989e-05 1 1.79238e-05
1 -8.0744e-05 -2.40619e-05 1.56016e-05 8.07439e-05 1 -3.91142e-06 2.26994e-05 2.40622e-05 3.90948e-06 1 1.16588e-05
1 -3.50115e-05 -4.87026e-05 -2.41758e-05 3.50104e-05 1 -2.31485e-05 1.10347e-05 4.87035e-05 2.31468e-05 1 -9.12842e-07
1 -6.71703e-05 -1.13408e-05 5.08239e-05 6.717e-05 1 -2.93913e-05 3.3228e-05 1.13428e-05 2.93905e-05 1 -3.91183e-05
1 -7.22244e-05 -4.49735e-05 8.03044e-06 7.22224e-05 1 -4.64117e-05 -1.79445e-05 4.49768e-05 4.64084e-05 1 -4.85597e-06
1 5.45789e-05 -3.0156e-05 -1.58446e-05 -5.45789e-05 1 -1.21309e-07 3.23624e-05 3.0156e-05 1.22955e-07 1 -3.12069e-06
1 -0.000125647 -4.48462e-05 3.12595e-06 0.000125645 1 -3.86578e-05 2.07539e-05 4.48511e-05 3.86522e-05 1 -3.56448e-05
1 -0.000106118 -2.01708e-05 4.05063e-05 0.000106117 1 -2.7893e-05 -1.95935e-05 2.01738e-05 2.78908e-05 1 1.91732e-05
1 -6.50967e-05 -4.66874e-05 2.0174e-05 6.50948e-05 1 -4.01611e-05 1.85345e-05 4.669e-05 4.0158e-05 1 -3.03718e-05
1 -5.44177e-05 1.74158e-05 9.85405e-05 5.44172e-05 1 2.80265e-05 4.00396e-05 -1.74173e-05 -2.80256e-05 1 -2.22147e-05
1 -3.07739e-05 -5.91883e-05 4.33786e-06 3.07723e-05 1 -2.62105e-05 1.49143e-05 5.91891e-05 2.62086e-05 1 -5.70352e-06
1 -7.9497e-05 -2.91872e-05 3.28709e-05 7.94966e-05 1 -1.41618e-05 1.42883e-05 2.91884e-05 1.41595e-05 1 -2.31177e-05
1 -0.000122855 2.5976e-05 0.00014893 0.000122856 1 -3.91749e-05 3.34629e-05 -2.59712e-05 3.91781e-05 1 -3.50366e-05
1 -5.81454e-05 -1.44035e-05 6.64152e-05 5.81451e-05 1 -2.67708e-05 1.55295e-06 1.4405e-05 2.67699e-05 1 3.0421e-05
1 2.89424e-05 1.2498e-05 0.000343217 -2.89416e-05 1 -6.57518e-05 -9.35345e-05 -1.24999e-05 6.57515e-05 1 0.00186493
1 0.000147456 -1.29256e-05 -9.37647e-06 -0.000147459 1 -0.000242097 -0.000233138 1.28899e-05 0.000242099 1 0.0177045
1 2.72055e-05 3.0619e-05 9.34249e-05 -2.72018e-05 1 -0.000123545 -0.000117463 -3.06224e-05 0.000123544 1 0.045702
1 0.000481812 0.000195871 -5.86168e-05 -0.000481836 1 0.000123194 0.000158103 -0.000195812 -0.000123289 1 0.0829875
1 0.000279066 5.19432e-05 -0.00032062 -0.000279066 1 6.76362e-06 0.000170779 -5.19413e-05 -6.77811e-06 1 0.123621
1 0.00011076 0.000117196 -0.000210368 -0.000110713 1 -0.000401845 0.000190237 -0.00011724 0.000401832 1 0.157871
1 2.41907e-05 -1.39456e-05 -0.000285396 -2.41981e-05 1 -0.000524941 0.000121958 1.39329e-05 0.000524941 1 0.197479
1 2.1887e-05 -4.48326e-05 -0.000253599 -2.19056e-05 1 -0.000414093 0.000208179 4.48235e-05 0.000414093 1 0.241743
1 4.36964e-05 -0.000113231 -6.5689e-06 -4.36824e-05 1 0.000123269 0.000690619 0.000113236 -0.000123264 1 0.289413
1 1.58655e-05 -4.60158e-05 -0.00104319 -1.58805e-05 1 -0.000324915 0.000701446 4.60107e-05 0.000324915 1 0.342532
1 0.0002486 0.000517951 0.000620309 -0.000248209 1 -0.000756107 -9.41264e-05 -0.000518139 0.000755979 1 0.397746
1 0.000176171 0.000410757 0.000377485 -0.000175863 1 -0.000750094 -0.000253922 -0.000410889 0.000750021 1 0.453992
1 0.000510067 0.00051491 0.000650463 -0.000509542 0.999999 -0.0010201 -0.000366887 -0.00051543 0.00101983 0.999999 0.510558
1 0.00034881 0.000608941 0.000121102 -0.00034822 0.999999 -0.000967935 0.000319689 -0.000609278 0.000967723 0.999999 0.569256
0.999999 -7.30156e-05 0.00105184 0.00174791 7.44249e-05 0.999999 -0.00133988 -0.000856946 -0.00105174 0.00133996 0.999999 0.628137
1 -8.90457e-06 0.000116833 0.000177526 9.11995e-06 0.999998 -0.00184365 -0.00101259 -0.000116816 0.00184365 0.999998 0.688924
1 6.6607e-05 3.18077e-05 -0.000211763 -6.65543e-05 0.999999 -0.00165428 -0.000988805 -3.19178e-05 0.00165428 0.999999 0.74909
1 0.000103382 4.03874e-05 -5.17976e-05 -0.000103313 0.999999 -0.001706 -0.001173 -4.05637e-05 0.00170599 0.999999 0.808794
1 0.000243827 0.000260855 -0.000175362 -0.000243361 0.999998 -0.00178294 -0.00143471 -0.000261289 0.00178287 0.999998 0.868445
1 0.000153367 0.000149988 -0.000381489 -0.000153101 0.999998 -0.00177197 -0.00134262 -0.00015026 0.00177195 0.999998 0.92829
1 0.000775658 0.000166122 -0.00209392 -0.000775332 0.999998 -0.00195495 -0.00167526 -0.000167638 0.00195482 0.999998 0.985411
1 0.000868781 0.000238436 -0.00203956 -0.000868369 0.999998 -0.00172303 -0.00136527 -0.000239933 0.00172282 0.999998 1.04597
1 0.000501859 0.000476232 -0.00175479 -0.000500963 0.999998 -0.00188123 -0.00178888 -0.000477175 0.00188099 0.999998 1.10469
1 0.000979112 0.000169032 -0.00270084 -0.000978784 0.999998 -0.00193008 -0.00138216 -0.000170921 0.00192991 0.999998 1.16613
1 0.000963912 0.000103136 -0.00364784 -0.000963706 0.999998 -0.00198072 -0.00314695 -0.000105045 0.00198062 0.999998 1.2258
1 -0.000220012 -4.76138e-05 -0.00375443 0.000219907 0.999998 -0.00220682 -9.37835e-05 4.80993e-05 0.00220681 0.999998 1.28742
1 0.000640902 -0.000668477 -0.0045749 -0.00064212 0.999998 -0.00182352 0.000370492 0.000667307 0.00182395 0.999998 1.34664
1 3.61439e-05 0.000144457 -0.00392737 -3.584e-05 0.999998 -0.00210297 -0.000488043 -0.000144532 0.00210296 0.999998 1.40804
1 0.000448911 -0.000217518 -0.00419664 -0.000449299 0.999998 -0.0017836 -0.000574911 0.000216717 0.0017837 0.999998 1.46678
1 0.00098349 4.04175e-05 -0.00440029 -0.000983451 0.999999 -0.000960052 -0.000690099 -4.13617e-05 0.000960012 1 1.53044
1 0.000902913 0.000257555 -0.00441558 -0.000902672 0.999999 -0.000937199 -0.000655678 -0.000258401 0.000936966 1 1.59142
0.999999 0.00125473 1.15569e-05 -0.00464268 -0.00125472 0.999999 -0.00100682 -0.00107433 -1.28202e-05 0.0010068 0.999999 1.64913
1 0.000899958 0.000172956 -0.0039118 -0.000899723 0.999999 -0.00135639 -0.00150434 -0.000174177 0.00135623 0.999999 1.71236
0.999999 0.00134004 8.53716e-05 -0.00476271 -0.00133992 0.999998 -0.00140651 -0.000301358 -8.72562e-05 0.00140639 0.999999 1.76934
0.999998 0.0015329 0.000894217 -0.00495958 -0.00153101 0.999997 -0.00211313 0.000530394 -0.000897453 0.00211176 0.999997 1.8162
0.999999 0.00136744 0.000871549 -0.00518573 -0.00136581 0.999997 -0.00186614 0.000511272 -0.000874099 0.00186495 0.999998 1.86498
0.999999 0.000988917 0.000530521 -0.00537313 -0.000987853 0.999998 -0.00200272 0.000489711 -0.0005325 0.0020022 0.999998 1.9151
1 0.000833043 0.000217531 -0.00552876 -0.000832686 0.999998 -0.00163679 0.000837271 -0.000218895 0.00163661 0.999999 1.97012
1 0.000317305 0.000813357 -0.00527726 -0.000315646 0.999998 -0.00203865 0.00115171 -0.000814002 0.00203839 0.999998 2.02382
0.999996 0.00218707 0.00162787 -0.00372523 -0.00218258 0.999994 -0.0027559 0.00217377 -0.00163389 0.00275234 0.999995 2.07859
0.999997 0.00195158 0.00131877 -0.00393748 -0.00194822 0.999995 -0.00253995 0.00214868 -0.00132372 0.00253737 0.999996 2.13608
0.999997 0.00193535 0.00139994 -0.00397668 -0.00193201 0.999995 -0.00238226 0.00141451 -0.00140455 0.00237954 0.999996 2.19421
0.999997 0.00159354 0.00184383 -0.00381012 -0.0015884 0.999995 -0.00278732 0.00174778 -0.00184826 0.00278438 0.999994 2.25196
0.999998 0.00166805 0.00110022 -0.0070742 -0.00166564 0.999996 -0.00219035 0.000607606 -0.00110387 0.00218851 0.999997 2.31458
0.999998 0.00169221 0.000510377 -0.00746417 -0.00169114 0.999996 -0.00208644 0.000827666 -0.000513906 0.00208558 0.999998 2.35759
0.999997 0.00190311 0.00123069 -0.00675083 -0.00190021 0.999995 -0.002354 0.000334944 -0.00123517 0.00235165 0.999996 2.39126
0.999999 0.00141961 0.000679293 -0.00781186 -0.00141799 0.999996 -0.00238454 0.000648109 -0.000682675 0.00238358 0.999997 2.42947
0.999998 0.00171768 0.000619199 -0.00734907 -0.0017161 0.999995 -0.00254491 7.34097e-05 -0.000623567 0.00254385 0.999997 2.47423
0.999998 0.0021825 0.000396937 -0.00756381 -0.00218154 0.999995 -0.00238799 -0.00305235 -0.000402147 0.00238712 0.999997 2.52533
0.999998 0.00208873 0.000315931 -0.00786694 -0.00208814 0.999996 -0.00184233 -0.00291218 -0.000319778 0.00184166 0.999998 2.57535
0.999997 0.00226682 0.000442377 -0.00773188 -0.00226579 0.999995 -0.00231442 -0.00307896 -0.000447621 0.00231342 0.999997 2.61487
0.999998 0.00201973 0.000879658 -0.00734027 -0.00201768 0.999995 -0.0023285 -0.00312037 -0.000884356 0.00232672 0.999997 2.65898
0.999998 0.00187115 0.000227262 -0.00829133 -0.00187068 0.999996 -0.00202921 -0.00294519 -0.000231058 0.00202878 0.999998 2.70627
0.999999 0.00134154 0.000728015 -0.00699299 -0.00133989 0.999997 -0.00226398 -0.00236041 -0.000731049 0.002263 0.999997 2.75378
0.999999 0.00105073 0.000617834 -0.00737894 -0.00104938 0.999997 -0.00218671 -0.00242028 -0.000620129 0.00218606 0.999997 2.80611
0.999999 0.00133649 0.000653847 -0.00703056 -0.00133498 0.999996 -0.00230172 -0.00282073 -0.000656921 0.00230085 0.999997 2.84744
0.999999 0.00125005 0.00063861 -0.00741432 -0.00124848 0.999996 -0.00245556 -0.00282052 -0.000641677 0.00245476 0.999997 2.89156
0.999999 0.000939579 0.000558545 -0.00705529 -0.000938093 0.999996 -0.00265472 -0.00243745 -0.000561037 0.0026542 0.999996 2.94107
0.999998 0.00168567 0.0010354 -0.00742246 -0.00168283 0.999995 -0.0027382 -0.00202074 -0.00104001 0.00273646 0.999996 2.98861
0.999999 0.00101005 0.000727402 -0.00767959 -0.00100827 0.999997 -0.00244305 -0.00179542 -0.000729867 0.00244231 0.999997 3.04288
0.999999 0.00111219 0.000791064 -0.00768625 -0.00111034 0.999997 -0.0023413 -0.00237989 -0.000793666 0.00234042 0.999997 3.09903
1 0.000727926 0.000473984 -0.00855448 -0.000726665 0.999996 -0.0026554 -0.00223727 -0.000475915 0.00265505 0.999996 3.15624
0.999999 0.000943447 0.000841886 -0.00825084 -0.00094106 0.999996 -0.00283104 -0.00432763 -0.000844553 0.00283025 0.999996 3.21501
0.999999 0.00143302 0.000254299 -0.00660677 -0.00143233 0.999995 -0.0027035 -0.00361221 -0.000258172 0.00270313 0.999996 3.274
0.999999 0.0017247 0.000133766 -0.00668589 -0.0017243 0.999994 -0.00296983 -0.00367015 -0.000138887 0.0029696 0.999996 3.33277
0.999999 0.00121611 0.000420123 -0.00661051 -0.00121484 0.999995 -0.00301709 -0.00393045 -0.00042379 0.00301657 0.999995 3.39328
0.999998 0.0019781 0.000179602 -0.00745398 -0.00197754 0.999993 -0.0030738 -0.00305422 -0.000185681 0.00307344 0.999995 3.45156
0.999999 0.000928731 0.000450649 -0.00828696 -0.000927359 0.999995 -0.00303453 -0.0043051 -0.000453465 0.00303411 0.999995 3.51128
0.999998 0.00214463 0.000535423 -0.00828525 -0.00214285 0.999992 -0.0032868 -0.00524529 -0.000542468 0.00328565 0.999994 3.57056
0.999998 0.00189969 0.000683304 -0.00845732 -0.00189763 0.999994 -0.00300127 -0.00504073 -0.000689002 0.00299997 0.999995 3.63018
0.999995 0.00210826 -0.00243532 -0.00864394 -0.00211694 0.999991 -0.00356826 -0.00532318 0.00242777 0.00357339 0.999991 3.68976
0.999665 0.00203382 -0.0258174 -0.0121878 -0.00211066 0.999993 -0.00294939 -0.00577879 0.0258112 0.00300289 0.999662 3.74779
0.998139 0.00279974 -0.0609194 -0.0170306 -0.00299939 0.99999 -0.00318605 -0.00627066 0.0609099 0.00336284 0.998138 3.78992
0.994518 0.00207756 -0.104548 -0.0241444 -0.00252717 0.999988 -0.00416826 -0.00592975 0.104538 0.00440962 0.994511 3.81821
0.98904 0.00197602 -0.147636 -0.0306284 -0.00257116 0.999989 -0.00384039 -0.00597135 0.147627 0.00417789 0.989034 3.83787
0.984547 0.00215104 -0.175109 -0.0343716 -0.00280473 0.99999 -0.00348562 -0.00618607 0.1751 0.00392289 0.984543 3.8522
0.9777 0.00271075 -0.20999 -0.0393917 -0.00343653 0.999989 -0.00309142 -0.006303 0.20998 0.00374412 0.977699 3.86115
0.967639 0.00217058 -0.252331 -0.0448444 -0.00311964 0.999989 -0.00336118 -0.00603072 0.252321 0.00403959 0.967635 3.86477
0.955132 0.00286972 -0.296165 -0.0512493 -0.00394698 0.999988 -0.00303953 -0.00614935 0.296153 0.00407211 0.955132 3.86724
0.939908 0.00289055 -0.341417 -0.0570323 -0.00415106 0.999987 -0.00296149 -0.00612593 0.341404 0.00420077 0.939907 3.86655
0.921863 0.00227766 -0.387509 -0.0629604 -0.00366753 0.999989 -0.00284725 -0.00611972 0.387498 0.00404598 0.921862 3.86412
0.901547 0.0025378 -0.432674 -0.0687035 -0.00400833 0.999989 -0.00248669 -0.00622319 0.432663 0.00397617 0.901547 3.86053
0.878822 0.00285475 -0.47714 -0.073941 -0.00433014 0.999989 -0.00199251 -0.00631689 0.477129 0.00381715 0.878825 3.85625
0.854446 0.00334719 -0.51953 -0.0788383 -0.00534064 0.999983 -0.00234088 -0.00644807 0.519513 0.00477477 0.854449 3.85128
0.827472 0.00324902 -0.561497 -0.0832738 -0.00525604 0.999984 -0.0019595 -0.00652308 0.561482 0.00457269 0.827476 3.84528
0.798379 0.00291273 -0.602149 -0.0875573 -0.00490974 0.999987 -0.00167258 -0.00644779 0.602136 0.00429174 0.798382 3.8395
0.767031 0.00299995 -0.641602 -0.0916161 -0.0050559 0.999986 -0.00136864 -0.00647776 0.64159 0.00429366 0.767036 3.8322
0.73397 0.00276204 -0.679176 -0.0950699 -0.00490634 0.999987 -0.00123547 -0.00650068 0.679164 0.00423907 0.733974 3.82585
0.699466 0.00310734 -0.71466 -0.0988742 -0.00539786 0.999985 -0.000935166 -0.00638743 0.714646 0.00451175 0.699472 3.81858
0.663109 0.00296585 -0.748517 -0.101494 -0.00520727 0.999986 -0.000650864 -0.00630833 0.748505 0.00432933 0.663115 3.81129
0.624662 0.00239826 -0.780891 -0.103794 -0.00488002 0.999988 -0.000832558 -0.00659583 0.78088 0.00433084 0.624666 3.80418
0.585251 0.00303892 -0.810847 -0.105932 -0.00575574 0.999983 -0.000406592 -0.00625418 0.810832 0.00490498 0.585258 3.79549
0.543929 0.00256269 -0.839127 -0.107824 -0.00497153 0.999988 -0.000168628 -0.00661794 0.839117 0.00426347 0.543935 3.78808
0.501224 0.00282415 -0.865313 -0.109337 -0.005296 0.999986 0.000196037 -0.00615935 0.865301 0.00448444 0.501232 3.78005
0.457454 0.00289759 -0.889229 -0.110125 -0.00526986 0.999986 0.000547478 -0.00612053 0.889218 0.00443566 0.457463 3.77203
0.41245 0.00267106 -0.910976 -0.110633 -0.00550227 0.999985 0.000440854 -0.00626377 0.910964 0.00483061 0.412458 3.76383
0.366103 0.00273803 -0.93057 -0.110542 -0.00540706 0.999985 0.000815039 -0.00609961 0.930559 0.00473326 0.366113 3.75554
0.318648 0.00280304 -0.947869 -0.110617 -0.00554286 0.999984 0.00109379 -0.00614048 0.947857 0.00490537 0.318659 3.74755
0.271828 0.00323382 -0.96234 -0.109674 -0.00520002 0.999985 0.0018915 -0.00615588 0.962332 0.00449003 0.27184 3.74022
0.223013 0.00323548 -0.97481 -0.108621 -0.0051077 0.999985 0.00215052 -0.00635298 0.974802 0.00449945 0.223026 3.73206
0.174163 0.00346305 -0.984711 -0.107184 -0.0051091 0.999984 0.00261312 -0.00587279 0.984704 0.00457588 0.174178 3.72426
0.124232 0.0031329 -0.992248 -0.105211 -0.00446747 0.999987 0.002598 -0.00608936 0.992243 0.00411009 0.124244 3.7161
0.0746658 0.0032613 -0.997203 -0.102999 -0.00457717 0.999985 0.00292768 -0.00595035 0.997198 0.00434578 0.0746796 3.70836
0.0254541 0.00295597 -0.999672 -0.100437 -0.00453598 0.999986 0.0028414 -0.00572579 0.999666 0.00446216 0.0254671 3.70108
-0.0216234 0.00289061 -0.999762 -0.0975445 -0.00423725 0.999987 0.00298291 -0.00555669 0.999757 0.00430074 -0.0216108 3.69403
-0.0487367 0.00292597 -0.998807 -0.0957547 -0.00431697 0.999986 0.00314007 -0.0057376 0.998802 0.00446486 -0.0487234 3.69017
-0.0627612 0.00304326 -0.998024 -0.0968218 -0.00400978 0.999987 0.00330141 -0.00578691 0.998021 0.00420905 -0.0627481 3.68801
-0.070243 0.00309752 -0.997525 -0.112373 -0.00426442 0.999985 0.00340544 -0.00557844 0.997521 0.00449308 -0.0702287 3.68597
-0.0740018 0.00314645 -0.997253 -0.139305 -0.00403827 0.999986 0.00345473 -0.00592724 0.99725 0.00428284 -0.0739881 3.68432
-0.0762455 0.00304345 -0.997084 -0.176698 -0.00453062 0.999984 0.00339875 -0.00576523 0.997079 0.00477655 -0.0762305 3.68099
-0.077311 0.00319697 -0.997002 -0.219775 -0.00470681 0.999983 0.00357151 -0.00564065 0.996996 0.00496882 -0.0772946 3.6778
-0.077648 0.00311197 -0.996976 -0.267462 -0.00460645 0.999983 0.00348013 -0.00524297 0.99697 0.00486275 -0.0776324 3.67504
-0.0780804 0.00303355 -0.996942 -0.318391 -0.00479448 0.999983 0.0034183 -0.00568519 0.996936 0.00504672 -0.0780645 3.67028
-0.0776067 0.0026298 -0.996981 -0.372498 -0.00450313 0.999985 0.00298826 -0.00439165 0.996974 0.00472144 -0.0775937 3.66622
-0.0775959 0.00257581 -0.996982 -0.428173 -0.00456514 0.999985 0.00293888 -0.00392992 0.996974 0.00477941 -0.077583 3.66195
-0.0775588 0.00250199 -0.996985 -0.485412 -0.00471875 0.999985 0.0028766 -0.00429024 0.996977 0.00492762 -0.0775459 3.65751
-0.0776384 0.00277851 -0.996978 -0.541211 -0.00486302 0.999983 0.00316558 -0.00369803 0.99697 0.0050941 -0.0776236 3.65315
-0.0777239 0.00272798 -0.996971 -0.599568 -0.00504868 0.999982 0.00312981 -0.00272231 0.996962 0.00527665 -0.0777088 3.64921
-0.077492 0.00238528 -0.99699 -0.658175 -0.00403235 0.999988 0.00270587 -0.00471837 0.996985 0.00422989 -0.0774815 3.64392
-0.0774576 0.00233663 -0.996993 -0.717317 -0.0038959 0.999989 0.00264633 -0.0047395 0.996988 0.00408916 -0.0774477 3.6392
-0.0775636 0.00244009 -0.996984 -0.776552 -0.00429111 0.999987 0.00278128 -0.00384153 0.996978 0.00449389 -0.0775522 3.63436
-0.0776048 0.00234784 -0.996981 -0.833748 -0.00397659 0.999989 0.00266446 -0.00382238 0.996976 0.00417136 -0.0775946 3.63004
-0.0805887 0.00208365 -0.996745 -0.878229 -0.00399396 0.999989 0.00241335 -0.00453049 0.996739 0.00417545 -0.0805795 3.62551
-0.103704 0.00157454 -0.994607 -0.907512 -0.00441119 0.999988 0.002043 -0.0030961 0.994598 0.00459927 -0.103696 3.61992
-0.139087 0.00141798 -0.990279 -0.927261 -0.0043331 0.999989 0.00204048 -0.00333637 0.990271 0.00457479 -0.13908 3.6132
-0.181119 0.00169125 -0.98346 -0.940054 -0.00424826 0.999988 0.00250205 -0.00316652 0.983452 0.00463117 -0.18111 3.60574
-0.224202 0.00178957 -0.974541 -0.947514 -0.00390949 0.999989 0.00273572 -0.0029393 0.974535 0.00442331 -0.224192 3.59862
-0.252497 0.00188649 -0.967596 -0.95292 -0.00374477 0.999989 0.00292686 -0.00254505 0.96759 0.00436244 -0.252487 3.59398
-0.287953 0.00210592 -0.957642 -0.955409 -0.00321465 0.99999 0.00316565 -0.00269573 0.957639 0.00399004 -0.287943 3.58898
-0.328697 0.00214421 -0.944433 -0.955576 -0.00339469 0.999988 0.00345182 -0.00281535 0.944429 0.00434066 -0.328686 3.58362
-0.371959 0.00191953 -0.928247 -0.953544 -0.0034914 0.999988 0.00346693 -0.00309154 0.928243 0.00453044 -0.371947 3.57771
-0.416637 0.0018025 -0.909071 -0.950409 -0.0029124 0.99999 0.00331755 -0.00303417 0.909068 0.00402979 -0.416627 3.57201
-0.460645 0.0020638 -0.887582 -0.945213 -0.00264132 0.99999 0.00369598 -0.00256358 0.887581 0.00404693 -0.460635 3.56672
-0.503952 0.0018022 -0.86373 -0.941213 -0.00225239 0.999992 0.0034007 -0.00298353 0.863729 0.00365924 -0.503944 3.56134
-0.546261 0.00176281 -0.837613 -0.935615 -0.00210563 0.999992 0.00347777 -0.00304671 0.837612 0.00366348 -0.546253 3.5565
-0.587165 0.00190687 -0.809465 -0.929281 -0.00196879 0.999991 0.00378381 -0.00313052 0.809465 0.00381539 -0.587156 3.55196
-0.626775 0.00197004 -0.779197 -0.923409 -0.00189455 0.99999 0.00405221 -0.00291186 0.779198 0.00401606 -0.626765 3.54714
-0.664821 0.00200682 -0.747 -0.916237 -0.00150209 0.999991 0.00402332 -0.00283945 0.747001 0.00379685 -0.664812 3.54387
-0.701361 0.00184556 -0.712804 -0.909571 -0.00117735 0.999992 0.00374759 -0.0028514 0.712806 0.00346764 -0.701353 3.54012
-0.736216 0.00173448 -0.676745 -0.902184 -0.00108537 0.999992 0.0037437 -0.00299618 0.676746 0.00349069 -0.736208 3.537
-0.768961 0.0020092 -0.639293 -0.894743 -0.000804354 0.999991 0.00411033 -0.00321747 0.639295 0.0036749 -0.768952 3.53466
-0.800287 0.00220545 -0.599614 -0.887083 -0.000233218 0.999992 0.00398937 -0.00349411 0.599618 0.00333248 -0.80028 3.53244
-0.828867 0.00226606 -0.559441 -0.879395 -0.000143794 0.999991 0.00426359 -0.0033359 0.559446 0.00361439 -0.828859 3.53072
-0.855724 0.00192605 -0.51743 -0.870411 -2.1079e-05 0.999993 0.00375718 -0.00320983 0.517433 0.00322602 -0.855718 3.52971
-0.880742 0.00164497 -0.473593 -0.862204 -0.00021418 0.999992 0.00387166 -0.00308189 0.473596 0.00351137 -0.880735 3.52879
-0.903164 0.00212688 -0.42929 -0.854539 0.000548454 0.999993 0.0038005 -0.00350588 0.429295 0.00319703 -0.903159 3.52831
-0.923576 0.00177119 -0.383412 -0.846405 0.000307587 0.999992 0.00387858 -0.00351399 0.383416 0.00346423 -0.923569 3.52828
-0.941603 0.00192085 -0.336721 -0.83841 0.000633286 0.999992 0.00393362 -0.00365708 0.336726 0.00349066 -0.941596 3.52792
-0.956997 0.00243332 -0.290087 -0.830452 0.00152197 0.999993 0.0033672 -0.00362575 0.290093 0.0027809 -0.956994 3.52846
-0.970681 0.00292945 -0.240355 -0.822665 0.00217809 0.999992 0.00339164 -0.00387315 0.240363 0.00276868 -0.970679 3.52947
-0.981448 0.00277677 -0.191706 -0.814763 0.00223408 0.999993 0.00304692 -0.00363255 0.191713 0.00256211 -0.981448 3.53077
-0.989689 0.00298802 -0.143203 -0.807083 0.0026003 0.999992 0.00289459 -0.00391937 0.14321 0.00249238 -0.989689 3.53219
-0.995586 0.00310305 -0.0938022 -0.799113 0.00284807 0.999992 0.00285208 -0.003708 0.0938102 0.00257234 -0.995587 3.53455
-0.999029 0.00284706 -0.0439558 -0.791109 0.00272091 0.999992 0.00292956 -0.00386019 0.0439638 0.00280712 -0.999029 3.53677
-0.999991 0.0030978 0.00286213 -0.783978 0.00310619 0.999991 0.00293428 -0.0038688 -0.00285302 0.00294315 -0.999992 3.53941
-0.999536 0.00274903 0.0303376 -0.780053 0.00282424 0.999993 0.00243641 -0.00410987 -0.0303307 0.00252096 -0.999537 3.54195
-0.999019 0.0029697 0.0441832 -0.778181 0.00308039 0.999992 0.00243722 -0.00400849 -0.0441756 0.00257094 -0.99902 3.54234
-0.998652 0.00317048 0.0518176 -0.77742 0.00329796 0.999992 0.00237491 -0.00408078 -0.0518097 0.0025426 -0.998654 3.54322
-0.998469 0.00299095 0.0552275 -0.77692 0.00312444 0.999992 0.00233096 -0.00392655 -0.0552201 0.00249995 -0.998471 3.54266
-0.998364 0.00263923 0.057117 -0.776746 0.00277712 0.999993 0.00233494 -0.00390632 -0.0571105 0.00248975 -0.998365 3.5429
-0.998308 0.00288515 0.0580688 -0.776814 0.00300758 0.999993 0.00202111 -0.00398322 -0.0580625 0.00219234 -0.998311 3.54312
-0.998269 0.00323157 0.058725 -0.776703 0.00335219 0.999992 0.00195569 -0.00410994 -0.0587182 0.00214917 -0.998272 3.54321
-0.998255 0.0030834 0.0589685 -0.776582 0.0032113 0.999993 0.00207437 -0.00381618 -0.0589617 0.00226012 -0.998258 3.54102
-0.998244 0.0029402 0.0591575 -0.775667 0.00307683 0.999993 0.00221863 -0.00375262 -0.0591505 0.00239675 -0.998246 3.52506
-0.998243 0.00305998 0.0591749 -0.774095 0.00321639 0.999992 0.00254816 -0.00368599 -0.0591666 0.00273402 -0.998244 3.4968
-0.998223 0.0030386 0.0595136 -0.771865 0.00318821 0.999992 0.00241906 -0.00344935 -0.0595057 0.0026045 -0.998225 3.46068
-0.99806 0.00286395 0.0622002 -0.769104 0.00302558 0.999992 0.00250456 -0.00327314 -0.0621925 0.00268789 -0.998061 3.41934
-0.996374 0.00274642 0.0850416 -0.763733 0.00295113 0.999993 0.00228156 -0.00375922 -0.0850348 0.00252426 -0.996375 3.38931
-0.992677 0.00289436 0.120768 -0.756788 0.00317784 0.999993 0.00215485 -0.00342165 -0.120761 0.00252285 -0.992678 3.36883
-0.986684 0.00351062 0.162612 -0.749779 0.00387564 0.999991 0.00192759 -0.00350112 -0.162604 0.00253215 -0.986688 3.35596
-0.978123 0.00384436 0.20799 -0.743038 0.00429301 0.999989 0.00170576 -0.00330633 -0.207981 0.00256134 -0.978129 3.34738
-0.96766 0.00374634 0.25223 -0.735867 0.00435388 0.999989 0.00185058 -0.00352566 -0.252221 0.00288892 -0.967665 3.34118
-0.960848 0.00337105 0.277055 -0.728126 0.00392403 0.999991 0.0014415 -0.00366076 -0.277048 0.00247223 -0.960853 3.32221
-0.956992 0.00350854 0.290092 -0.718321 0.0040441 0.999991 0.00124669 -0.00340451 -0.290085 0.00236624 -0.956998 3.29163
-0.955122 0.00394401 0.296186 -0.70609 0.00436721 0.99999 0.000767238 -0.00309216 -0.296181 0.00202632 -0.95513 3.2515
-0.954061 0.00408986 0.299584 -0.693236 0.00451234 0.99999 0.00071842 -0.00274286 -0.299578 0.00203724 -0.95407 3.20762
-0.95355 0.00410793 0.301206 -0.679509 0.00453223 0.999989 0.00070988 -0.00252782 -0.3012 0.00204204 -0.953559 3.16278
-0.953267 0.00416051 0.302101 -0.669322 0.00455152 0.999989 0.000590355 -0.00306884 -0.302095 0.00193778 -0.953276 3.12638
-0.953069 0.00400619 0.302725 -0.661435 0.00443604 0.99999 0.000732356 -0.00262037 -0.302719 0.00204089 -0.953078 3.10137
-0.952798 0.00353576 0.303583 -0.656435 0.00395769 0.999992 0.000774566 -0.00355032 -0.303578 0.00193949 -0.952805 3.08467
-0.954682 0.00391738 0.297603 -0.653234 0.00436984 0.99999 0.00085503 -0.00364548 -0.297596 0.00211676 -0.954689 3.07149
-0.967154 0.00353003 0.254166 -0.656399 0.0038593 0.999992 0.000796837 -0.0034614 -0.254161 0.00175157 -0.96716 3.05708
-0.983016 0.00354051 0.183485 -0.664344 0.00391979 0.999991 0.00170444 -0.00363723 -0.183478 0.00239472 -0.983021 3.04356
-0.995005 0.00318251 0.0997724 -0.675437 0.003406 0.999992 0.00206974 -0.00325158 -0.099765 0.00239923 -0.995008 3.03114
-0.999909 0.00311062 0.0130978 -0.687112 0.00313055 0.999994 0.00150149 -0.00326776 -0.013093 0.00154236 -0.999913 3.02153
-0.99928 0.00338163 -0.0377979 -0.693874 0.00331772 0.999993 0.00175332 -0.00335523 0.0378036 0.00162665 -0.999284 3.01625
-0.997962 0.00332411 -0.0637258 -0.697234 0.00318358 0.999992 0.00230668 -0.0036498 0.0637329 0.0020991 -0.997965 3.01325
-0.997038 0.00324426 -0.0768403 -0.698695 0.00310551 0.999993 0.00192513 -0.00396159 0.076846 0.0016808 -0.997042 3.00979
-0.996477 0.00302565 -0.0838149 -0.701033 0.00284138 0.999993 0.00231769 -0.0035269 0.0838214 0.00207137 -0.996479 2.99198
-0.996168 0.00212122 -0.087434 -0.702624 0.00203122 0.999997 0.00111829 -0.00298015 0.0874361 0.000936407 -0.99617 2.96276
-0.995998 0.00226669 -0.0893502 -0.705693 0.00217592 0.999997 0.00111335 -0.00321201 0.0893524 0.000914475 -0.996 2.92493
-0.995922 0.00191257 -0.0902028 -0.708616 0.00182218 0.999998 0.00108438 -0.00336986 0.0902047 0.000915593 -0.995923 2.88318
-0.995868 0.00188638 -0.0907893 -0.711127 0.00177684 0.999998 0.00128739 -0.00334528 0.0907915 0.00112075 -0.995869 2.84825
-0.995839 0.00216807 -0.0911076 -0.714075 0.00208051 0.999997 0.00105602 -0.00413748 0.0911097 0.000862071 -0.99584 2.80853
-0.995788 0.00237743 -0.0916509 -0.720958 0.00226679 0.999997 0.00131126 -0.00320806 0.0916537 0.00109798 -0.99579 2.76249
-0.995788 0.0020267 -0.0916673 -0.725039 0.0019196 0.999997 0.00125645 -0.00359811 0.0916696 0.00107519 -0.995789 2.71318
-0.995794 0.00220673 -0.0915921 -0.729169 0.00207601 0.999997 0.00152243 -0.00327729 0.0915951 0.00132588 -0.995795 2.66231
-0.995798 0.00273671 -0.0915324 -0.732791 0.0026395 0.999996 0.00118311 -0.00496291 0.0915352 0.000936535 -0.995801 2.60858
-0.995788 0.00252832 -0.0916517 -0.73882 0.00243745 0.999996 0.00110344 -0.00362364 0.0916542 0.000875393 -0.995791 2.55248
-0.995797 0.00274979 -0.0915457 -0.742581 0.00271062 0.999996 0.000552266 -0.0017359 0.0915469 0.0003018 -0.995801 2.49517
-0.995826 0.00312084 -0.0912196 -0.746008 0.00310005 0.999995 0.000369601 -0.00152582 0.0912203 8.52727e-05 -0.995831 2.45415
-0.995815 0.00277395 -0.0913548 -0.749218 0.00272534 0.999996 0.000656913 -0.00189464 0.0913563 0.000405191 -0.995818 2.4243
-0.995811 0.00254709 -0.0913969 -0.751135 0.00250056 0.999997 0.000623537 -0.00169879 0.0913982 0.000392381 -0.995814 2.40264
-0.995792 0.0026518 -0.0916091 -0.752832 0.00257692 0.999996 0.000935574 -0.00145592 0.0916112 0.000695567 -0.995795 2.387
-0.995704 0.00260562 -0.0925619 -0.752081 0.00245219 0.999995 0.0017713 -0.00301083 0.0925661 0.00153671 -0.995705 2.37217
-0.995684 0.00269058 -0.0927744 -0.75426 0.00253935 0.999995 0.00174802 -0.00299544 0.0927787 0.00150488 -0.995686 2.3484
-0.995686 0.00286943 -0.0927381 -0.757787 0.0027006 0.999994 0.00194591 -0.00315418 0.0927432 0.00168707 -0.995689 2.31431
-0.995707 0.00237348 -0.0925283 -0.761525 0.00220422 0.999996 0.00193143 -0.00293247 0.0925325 0.00171918 -0.995708 2.27322
-0.995701 0.00296912 -0.0925819 -0.765576 0.0028093 0.999994 0.00185651 -0.00327695 0.0925869 0.00158844 -0.995703 2.22773
-0.995731 0.00372252 -0.0922279 -0.767845 0.00371686 0.999993 0.000233132 -0.00222025 0.0922281 -0.000110662 -0.995738 2.19007
-0.995732 0.00370553 -0.0922134 -0.771431 0.00368626 0.999993 0.000379296 -0.00186022 0.0922141 3.77553e-05 -0.995739 2.15023
-0.996002 0.00350272 -0.0892582 -0.775443 0.00346979 0.999994 0.000524059 -0.00171142 0.0892595 0.000212257 -0.996008 2.10463
-0.997779 0.00328617 -0.0665364 -0.775798 0.00327067 0.999995 0.000341801 -0.00164638 0.0665371 0.000123423 -0.997784 2.0559
-0.999504 0.00329741 -0.0313303 -0.775159 0.00330311 0.999995 -0.000130153 -0.00214592 0.0313297 -0.000233576 -0.999509 2.00768
-0.999933 0.00211923 0.0113999 -0.77062 0.00211557 0.999998 -0.0003334 -0.00109539 -0.0114006 -0.00030926 -0.999935 1.97146
-0.998333 0.00200356 0.0576807 -0.765818 0.0019838 0.999998 -0.000399775 -0.00121169 -0.0576814 -0.000284681 -0.998335 1.94489
-0.994762 0.00266675 0.102181 -0.759977 0.00267271 0.999996 -7.85327e-05 -0.00107104 -0.102181 0.000194979 -0.994766 1.91171
-0.991745 0.00293699 0.12819 -0.755184 0.00292185 0.999996 -0.000306158 -0.000700589 -0.12819 7.09208e-05 -0.99175 1.87145
-0.989914 0.00302529 0.141638 -0.749519 0.00300004 0.999995 -0.000391798 -0.000489656 -0.141639 3.70746e-05 -0.989918 1.82456
-0.988959 0.00179401 0.148179 -0.744409 0.00165101 0.999998 -0.00108804 -0.000986018 -0.148181 -0.000831386 -0.98896 1.77481
-0.988442 0.00171745 0.151589 -0.738242 0.00158873 0.999998 -0.000970254 -0.000897863 -0.15159 -0.000718206 -0.988443 1.72261
-0.988191 0.00223816 0.153214 -0.731504 0.00213805 0.999997 -0.000818147 -0.000970028 -0.153215 -0.000480907 -0.988193 1.66674
-0.988049 0.00221937 0.154125 -0.723804 0.00207873 0.999997 -0.00107363 -0.000530898 -0.154127 -0.000740409 -0.988051 1.61149
-0.987935 0.00203527 0.154854 -0.716593 0.00191517 0.999998 -0.000924801 -0.0021566 -0.154855 -0.000617073 -0.987937 1.55597
-0.987906 0.00227516 0.155039 -0.708592 0.00215251 0.999997 -0.000958954 -0.00240259 -0.155041 -0.000613633 -0.987908 1.49841
-0.987887 0.00211639 0.155161 -0.699855 0.00197772 0.999997 -0.00104806 -0.00230214 -0.155163 -0.000728497 -0.987889 1.43997
-0.987949 0.00225071 0.154764 -0.691302 0.00204085 0.999997 -0.00151484 -0.00276988 -0.154767 -0.00118073 -0.98795 1.38041
-0.987925 0.000219105 0.15493 -0.681426 0.000132276 1 -0.00057075 -0.00209265 -0.15493 -0.000543364 -0.987925 1.32429
-0.987965 0.000278999 0.154679 -0.672011 0.000265285 1 -0.000109302 -0.00169863 -0.154679 -6.69523e-05 -0.987965 1.26446
-0.987889 0.000895624 0.15516 -0.663279 0.000798516 0.999999 -0.000688186 -0.00194825 -0.155161 -0.000555954 -0.987889 1.20575
-0.987914 0.000777558 0.154999 -0.653381 0.000671538 1 -0.000736367 -0.00128053 -0.154999 -0.00062338 -0.987914 1.14671
-0.987887 0.000918694 0.155172 -0.644661 0.000808317 0.999999 -0.00077441 -0.00111913 -0.155173 -0.000639601 -0.987887 1.08802
-0.987967 0.000417584 0.154663 -0.633915 0.000221411 0.999999 -0.00128561 -0.00167793 -0.154664 -0.0012359 -0.987966 1.02863
-0.987948 0.000308065 0.154787 -0.62443 3.51095e-05 0.999998 -0.00176616 -0.00170088 -0.154787 -0.00173944 -0.987946 0.970028
-0.987897 0.000786763 0.155109 -0.615689 0.000549027 0.999999 -0.00157553 -0.00214185 -0.15511 -0.0014713 -0.987896 0.911085
-0.987892 0.000835123 0.15514 -0.606297 0.000626903 0.999999 -0.00139107 -0.00214562 -0.155141 -0.00127696 -0.987892 0.852913
-0.987921 0.000589744 0.154959 -0.595392 0.000363956 0.999999 -0.00148545 -0.000541278 -0.15496 -0.00141111 -0.98792 0.795185
-0.987892 0.000921108 0.155141 -0.587883 0.000584895 0.999997 -0.00221278 -0.00245844 -0.155142 -0.00209525 -0.98789 0.732837
-0.987825 0.000154512 0.155571 -0.578271 -0.000152084 0.999998 -0.00195887 -0.0023086 -0.155571 -0.00195868 -0.987823 0.674404
-0.987884 0.000947707 0.15519 -0.569043 0.000612684 0.999997 -0.00220661 -0.00272559 -0.155192 -0.00208479 -0.987882 0.614097
-0.987863 0.000923927 0.155327 -0.558756 0.00059996 0.999998 -0.00213257 -0.00283183 -0.155329 -0.0020135 -0.987861 0.555504
-0.987854 0.000507975 0.155382 -0.549916 0.000155115 0.999997 -0.00228303 -0.00184326 -0.155383 -0.0022312 -0.987852 0.498421
-0.987884 0.00040319 0.155195 -0.541216 7.72686e-05 0.999998 -0.0021061 -0.00234383 -0.155196 -0.00206859 -0.987882 0.439526
-0.987846 0.000960135 0.155432 -0.534786 0.000632679 0.999997 -0.0021562 -0.00261281 -0.155434 -0.00203165 -0.987844 0.395871
-0.98789 0.00051622 0.155157 -0.529664 0.000167685 0.999997 -0.00225942 -0.00269945 -0.155157 -0.00220604 -0.987887 0.364452
-0.987839 0.000864759 0.15548 -0.525948 0.000518795 0.999997 -0.0022657 -0.00283153 -0.155482 -0.00215748 -0.987836 0.341552
-0.987846 0.000613608 0.155438 -0.523619 0.000277897 0.999998 -0.0021815 -0.00293077 -0.155439 -0.00211179 -0.987843 0.324483
-0.987844 0.000729034 0.155444 -0.521306 0.000335171 0.999997 -0.00256 -0.00244057 -0.155445 -0.00247678 -0.987841 0.313684
-0.987838 0.000852903 0.155484 -0.520162 0.000501291 0.999997 -0.0023006 -0.00249787 -0.155486 -0.00219468 -0.987836 0.304843
-0.987851 0.000563171 0.155402 -0.518849 0.000181601 0.999997 -0.00246956 -0.00250407 -0.155403 -0.00241134 -0.987848 0.298819
-0.987844 0.000439476 0.155448 -0.518289 0.00010288 0.999998 -0.00217336 -0.00230821 -0.155449 -0.00213095 -0.987842 0.29458
-0.987344 0.000573047 0.158593 -0.51752 0.000170969 0.999997 -0.00254891 -0.00244449 -0.158594 -0.00248954 -0.987341 0.291625
-0.983481 0.000583963 0.181008 -0.513753 0.000103951 0.999996 -0.00266135 -0.00245822 -0.181009 -0.00259857 -0.983478 0.29106
-0.976341 0.000513253 0.216236 -0.508376 -7.46348e-05 0.999996 -0.00271056 -0.00236891 -0.216236 -0.00266257 -0.976337 0.292668
-0.966054 0.000589354 0.258339 -0.502496 -5.29787e-05 0.999997 -0.00247943 -0.00267335 -0.258339 -0.00240895 -0.966051 0.295448
-0.953058 0.000393687 0.302786 -0.496446 -0.000314528 0.999997 -0.00229023 -0.00256594 -0.302786 -0.00227796 -0.953056 0.299371
-0.937741 0.000973255 0.347333 -0.490631 0.000177473 0.999997 -0.00232293 -0.00244628 -0.347334 -0.00211666 -0.937739 0.303931
-0.919603 0.000444599 0.392849 -0.484686 -0.000611097 0.999997 -0.00256222 -0.00265614 -0.392848 -0.00259629 -0.9196 0.309021
-0.899126 0.000663687 0.437689 -0.478997 -0.00055855 0.999996 -0.00266374 -0.00250899 -0.437689 -0.00263951 -0.899122 0.314906
-0.876094 0.0012462 0.482139 -0.473738 7.83339e-05 0.999997 -0.00244238 -0.00247071 -0.482141 -0.00210199 -0.876091 0.320539
-0.851069 0.00120668 0.525053 -0.468835 -0.000207819 0.999997 -0.00263505 -0.00287843 -0.525054 -0.00235173 -0.851066 0.326863
-0.823667 0.000944747 0.567073 -0.463988 -0.000490684 0.999997 -0.00237871 -0.00276091 -0.567074 -0.00223752 -0.823664 0.333078
-0.794393 0.0011937 0.607403 -0.459891 -0.000194776 0.999998 -0.00221998 -0.00252695 -0.607404 -0.00188185 -0.794391 0.339958
-0.762441 0.00122918 0.647056 -0.455779 -0.000190538 0.999998 -0.00212416 -0.00237275 -0.647057 -0.00174283 -0.762439 0.347243
-0.729781 0.00130631 0.68368 -0.452375 -0.000398623 0.999997 -0.0023362 -0.00257921 -0.683681 -0.00197745 -0.729778 0.35435
-0.694346 0.00153942 0.71964 -0.448927 -0.000109707 0.999997 -0.00224499 -0.00263746 -0.719641 -0.00163775 -0.694344 0.361877
-0.657157 0.00137418 0.753752 -0.445924 -0.000466731 0.999997 -0.00223004 -0.00269857 -0.753753 -0.00181728 -0.657155 0.369216
-0.61935 0.00110276 0.785114 -0.443935 -0.000983837 0.999997 -0.0021807 -0.00284225 -0.785114 -0.00212304 -0.619347 0.376536
-0.57942 0.000924828 0.815029 -0.441855 -0.00133553 0.999997 -0.00208417 -0.00278465 -0.815028 -0.0022961 -0.579417 0.384297
-0.537811 0.00109599 0.843065 -0.440119 -0.00155984 0.999996 -0.00229506 -0.00310778 -0.843064 -0.00254935 -0.537807 0.392548
-0.495193 0.00125737 0.868782 -0.438888 -0.00115407 0.999997 -0.00210508 -0.00319812 -0.868782 -0.00204506 -0.49519 0.400257
-0.451112 0.00136035 0.892466 -0.438185 -0.00152641 0.999996 -0.0022958 -0.00326859 -0.892466 -0.00239793 -0.451108 0.408323
-0.406213 0.00105467 0.913778 -0.437037 -0.00150669 0.999997 -0.00182398 -0.00291783 -0.913777 -0.0021177 -0.40621 0.41604
-0.359958 0.00128492 0.932968 -0.437243 -0.00155188 0.999997 -0.00197599 -0.00275429 -0.932967 -0.00215913 -0.359955 0.424109
-0.312716 0.000990836 0.949846 -0.437383 -0.00173647 0.999997 -0.00161485 -0.00295521 -0.949845 -0.00215437 -0.312714 0.432172
-0.265077 0.00102137 0.964227 -0.43805 -0.00197814 0.999997 -0.00160307 -0.00275625 -0.964225 -0.00233231 -0.265075 0.440403
-0.216271 0.00131727 0.976333 -0.439678 -0.00132889 0.999998 -0.00164357 -0.00320193 -0.976333 -0.00165289 -0.216268 0.448153
-0.170362 0.00129595 0.985381 -0.44008 -0.0018259 0.999997 -0.00163085 -0.00267769 -0.98538 -0.00207704 -0.17036 0.455733
-0.14372 0.00152083 0.989617 -0.439295 -0.00205971 0.999996 -0.00183591 -0.00263651 -0.989616 -0.00230218 -0.143716 0.459685
-0.129706 0.00137855 0.991551 -0.42367 -0.00178251 0.999997 -0.00162347 -0.00279885 -0.991551 -0.00197802 -0.129704 0.459147
-0.122768 0.00146188 0.992434 -0.396746 -0.00208405 0.999996 -0.00173082 -0.00286967 -0.992433 -0.00228077 -0.122764 0.45667
-0.118943 0.00130736 0.9929 -0.359034 -0.00185906 0.999997 -0.00153941 -0.00260227 -0.992899 -0.00202896 -0.118941 0.4524
-0.117161 0.00151367 0.993112 -0.317086 -0.00159952 0.999997 -0.00171287 -0.0028442 -0.993112 -0.00178919 -0.117158 0.447342
-0.116145 0.00137269 0.993231 -0.26966 -0.00182015 0.999997 -0.00159489 -0.00257144 -0.993231 -0.00199307 -0.116142 0.441533
-0.115689 0.00167798 0.993284 -0.2194 -0.00143344 0.999997 -0.00185627 -0.00283799 -0.993284 -0.00163856 -0.115687 0.435142
-0.115469 0.00143447 0.99331 -0.166704 -0.00171593 0.999997 -0.0016436 -0.00206544 -0.99331 -0.00189423 -0.115466 0.430334
-0.115399 0.00196355 0.993317 -0.108724 -0.00166706 0.999996 -0.00217042 -0.00255878 -0.993318 -0.00190639 -0.115395 0.4232
-0.115003 0.00139123 0.993364 -0.0553378 -0.00120393 0.999998 -0.0015399 -0.00267848 -0.993364 -0.00137304 -0.115002 0.416276
-0.115378 0.00147848 0.993321 0.00193074 -0.00117267 0.999998 -0.00162463 -0.0026456 -0.993321 -0.00135229 -0.115376 0.409383
