1 -0 0 -0 -0 1 -0 0 0 -0 1 0
1 -0.000246301 -3.25558e-05 -6.32133e-05 0.000246305 1 0.000128906 0.000194483 3.2524e-05 -0.000128914 1 -0.00014193
1 -9.39177e-05 7.35233e-05 -0.000231333 9.39148e-05 1 3.89695e-05 0.000128774 -7.3527e-05 -3.89626e-05 1 0.000135698
1 -0.000102905 0.000131902 -0.000266081 0.000102899 1 5.18183e-05 0.000209103 -0.000131907 -5.18047e-05 1 0.000138908
1 -0.000161914 7.47855e-05 -0.000237232 0.000161911 1 4.16045e-05 0.00019334 -7.47923e-05 -4.15924e-05 1 0.000119668
1 -0.000161451 9.45729e-05 -0.000252015 0.000161443 1 8.27874e-05 0.000378539 -9.45862e-05 -8.27721e-05 1 -1.01636e-05
1 -0.000158879 0.000190592 -0.000254588 0.000158852 1 0.000143274 0.000251385 -0.000190615 -0.000143244 1 1.56107e-05
1 -0.000189297 0.000200878 -0.0003446 0.000189282 1 7.03428e-05 0.00027323 -0.000200891 -7.03048e-05 1 0.000366579
1 5.31695e-05 0.000133411 -0.000259374 -5.31805e-05 1 8.27775e-05 0.000316098 -0.000133406 -8.27846e-05 1 7.1301e-05
1 -0.000203622 0.000183634 -0.000251944 0.000203608 1 7.8481e-05 0.000246405 -0.00018365 -7.84436e-05 1 8.427e-05
1 -0.000251044 0.000164579 -0.000279984 0.000251021 1 0.000137013 0.00016139 -0.000164613 -0.000136971 1 -7.59279e-05
1 -4.13999e-05 0.000178859 -0.000217381 4.13887e-05 1 6.23202e-05 0.000351008 -0.000178861 -6.23128e-05 1 0.000327071
1 -0.000233462 0.000110316 -0.00024928 0.000233451 1 0.000101833 0.00021841 -0.00011034 -0.000101807 1 -0.000171614
1 3.59025e-05 0.000195697 -0.000308683 -3.59176e-05 1 7.70984e-05 0.000264544 -0.000195694 -7.71055e-05 1 -6.08355e-05
1 -0.000101419 0.000127974 -0.000354547 0.000101418 1 8.29042e-06 0.000141746 -0.000127975 -8.27744e-06 1 6.55979e-05
1 -0.000130771 0.000177297 -0.000216758 0.000130753 1 0.000105932 0.000143513 -0.000177311 -0.000105908 1 1.23853e-05
1 -5.66993e-05 0.000115939 -0.000216691 5.66837e-05 1 0.000134913 0.00019137 -0.000115947 -0.000134906 1 7.78925e-05
1 -0.000104783 0.000150318 -0.000306575 0.000104774 1 5.85739e-05 0.000126028 -0.000150324 -5.85581e-05 1 0.000140394
1 -8.38409e-05 0.000200602 -0.000270944 8.38272e-05 1 6.87139e-05 0.000175474 -0.000200607 -6.86971e-05 1 0.000199592
1 -0.000206579 0.000195971 -0.000250639 0.000206565 1 7.061e-05 9.70803e-05 -0.000195986 -7.05695e-05 1 0.000276085
1 -0.00016366 0.000114742 -0.000179259 0.000163639 1 0.000180211 0.000285635 -0.000114772 -0.000180192 1 0.000109069
1 -0.000132525 0.000166008 -0.000356252 0.000132495 1 0.000184459 0.000235717 -0.000166033 -0.000184437 1 -0.000101499
1 -4.68275e-05 0.000195643 -0.000297776 4.68006e-05 1 0.000137526 0.000292714 -0.000195649 -0.000137516 1 0.000205994
1 -0.00024249 0.000155601 -0.000175537 0.000242473 1 0.000106534 0.000297921 -0.000155627 -0.000106496 1 3.29734e-05
1 -3.62935e-05 0.000211047 -0.000186337 3.62777e-05 1 7.48594e-05 0.000255538 -0.00021105 -7.48517e-05 1 0.000170008
1 9.55992e-05 0.000188581 -0.000228532 -9.55934e-05 1 -3.04959e-05 0.0002984 -0.000188584 3.04778e-05 1 0.000256122
1 -2.69129e-05 0.000234856 -0.000191386 2.69098e-05 1 1.30357e-05 0.000190503 -0.000234857 -1.30294e-05 1 0.000289636
1 0.000242479 0.000145661 -8.53291e-05 -0.000242479 1 -1.45716e-06 0.000218123 -0.000145661 1.42184e-06 1 0.000277595
1 -8.75425e-05 0.000151858 -0.000178199 8.75292e-05 1 8.72293e-05 0.000195205 -0.000151865 -8.7216e-05 1 -0.000143483
1 -0.000153913 0.000104246 -0.000329164 0.000153899 1 0.00013905 0.000236472 -0.000104268 -0.000139034 1 -1.83176e-05
1 -1.33016e-05 8.16189e-05 -0.000259397 1.32946e-05 1 8.52696e-05 0.00021467 -8.162e-05 -8.52685e-05 1 1.3815e-05
1 -0.000150563 9.97793e-05 -0.000190352 0.000150553 1 9.60203e-05 0.000142314 -9.97938e-05 -9.60053e-05 1 -0.000140979
1 0.000111999 0.000137822 -0.00022491 -0.000112 1 8.39134e-06 0.000324999 -0.000137821 -8.40677e-06 1 6.50243e-05
1 3.62459e-05 7.60105e-05 -0.000126013 -3.6254e-05 1 0.000106434 0.000388314 -7.60067e-05 -0.000106437 1 3.52791e-05
1 0.000629634 2.14865e-05 -0.000164489 -0.00062963 1 -0.000194492 -8.10928e-05 -2.1609e-05 0.000194478 1 0.000657218
1 0.000741197 1.71266e-05 -0.000266392 -0.000741194 1 -0.000178918 4.53352e-06 -1.72592e-05 0.000178905 1 0.000876153
1 0.0007374 8.24057e-05 -0.000220843 -0.000737389 1 -0.000130969 -7.03959e-05 -8.25023e-05 0.000130908 1 0.000797746
1 0.000855882 -3.68471e-05 -0.000219256 -0.000855889 1 -0.000211676 -7.131e-05 3.6666e-05 0.000211708 1 0.00089809
1 0.000709361 5.23901e-05 -0.000122318 -0.00070935 1 -0.000213128 -7.22904e-05 -5.25413e-05 0.000213091 1 0.000866697
1 0.000589764 -5.31829e-05 -0.000284983 -0.000589768 1 -7.66102e-05 -2.65904e-06 5.31377e-05 7.66415e-05 1 0.000779944
1 0.000744711 -7.44185e-06 -0.000217359 -0.000744711 1 -0.000115686 -6.64736e-05 7.35569e-06 0.000115692 1 0.000701659
1 0.000535611 5.71046e-05 -9.53854e-05 -0.000535605 1 -0.00011055 -9.03857e-05 -5.71638e-05 0.000110519 1 0.00071353
1 0.000748243 1.15777e-05 5.89722e-05 -0.000748242 1 -0.000120932 -0.00013204 -1.16682e-05 0.000120923 1 0.000749501
1 0.000612825 4.27805e-05 -0.00010406 -0.000612819 1 -0.000137188 -0.000208718 -4.28645e-05 0.000137162 1 0.000705867
1 0.000746113 2.58408e-05 -0.00017106 -0.00074611 1 -0.000135107 -0.000109821 -2.59416e-05 0.000135088 1 0.0011696
1 0.000514624 -3.47818e-05 -7.40492e-05 -0.000514627 1 -8.71454e-05 -0.000157188 3.47369e-05 8.71633e-05 1 0.000798045
1 0.000596632 0.000100384 -0.000169219 -0.000596621 1 -0.000115142 -8.74132e-05 -0.000100453 0.000115082 1 0.000945865
1 0.000497725 -4.44902e-05 -0.000135769 -0.000497724 1 1.73747e-05 -2.94574e-05 4.44988e-05 -1.73526e-05 1 0.000528829
1 0.000654143 8.1508e-05 1.20107e-05 -0.000654128 1 -0.000178103 -8.65759e-05 -8.16244e-05 0.000178049 1 0.000950819
1 0.000483446 -6.99852e-06 -3.30698e-06 -0.000483446 1 -6.78124e-05 -0.000136184 6.96573e-06 6.78158e-05 1 0.000735108
1 0.000548568 2.97385e-05 -0.000101756 -0.000548567 1 -3.0894e-05 1.35295e-05 -2.97554e-05 3.08777e-05 1 0.000607568
1 0.000579256 1.15429e-05 -0.000171011 -0.000579254 1 -0.000167725 -8.0609e-05 -1.16401e-05 0.000167718 1 0.000860863
1 0.00054001 -6.67855e-05 0.000127747 -0.000540014 1 -5.55181e-05 -7.98751e-05 6.67555e-05 5.55542e-05 1 0.000817218
1 -0.00014687 8.28089e-05 -0.000175765 0.000146851 1 0.000232247 -9.80245e-06 -8.2843e-05 -0.000232235 1 0.000714818
1 2.6363e-05 -0.000152492 -6.33944e-06 -2.63452e-05 1 0.000116742 4.05394e-05 0.000152495 -0.000116738 1 0.000652929
1 0.000121173 0.00014855 -0.000334702 -0.000121186 1 8.40859e-05 -0.000117526 -0.00014854 -8.41039e-05 1 0.001003
1 0.000133856 -3.80058e-05 -4.1808e-06 -0.000133853 1 8.39796e-05 5.22622e-05 3.80171e-05 -8.39745e-05 1 0.000966531
1 0.000108846 0.000251128 -0.000475462 -0.000108876 1 0.00011777 -9.1131e-05 -0.000251115 -0.000117797 1 0.00124921
1 0.000171915 -0.0001297 -8.28529e-06 -0.000171875 1 0.000308461 -0.000258209 0.000129753 -0.000308439 1 0.000850414
1 9.1588e-06 -0.000184863 -5.01492e-05 -9.10218e-06 1 0.00030632 -0.000193103 0.000184866 -0.000306318 1 0.00114933
1 -3.81047e-05 -0.000158807 -0.000152018 3.8132e-05 1 0.000171766 -0.000370804 0.000158801 -0.000171772 1 0.000978317
1 0.000183985 -0.000236362 -0.000194306 -0.000183954 1 0.000133735 -0.000735538 0.000236387 -0.000133692 1 0.000719074
1 0.00023525 -0.000180929 -0.000115372 -0.000235226 1 0.000134237 -0.000789085 0.000180961 -0.000134194 1 0.000630479
1 -0.000300871 -9.14865e-06 -0.000438067 0.000300875 1 0.000389308 -0.000312668 9.03152e-06 -0.000389311 1 0.000630094
1 -0.000465637 1.71454e-06 -0.000276649 0.000465636 1 0.00052693 -0.000245048 -1.9599e-06 -0.00052693 1 0.00057984
1 -0.000432874 1.96714e-05 -0.000320648 0.000432864 1 0.000498581 -0.000190411 -1.98872e-05 -0.000498572 1 0.00055051
1 -0.000140762 -0.000212901 -0.000272567 0.000140837 1 0.000348228 -0.000803135 0.000212852 -0.000348258 1 0.000964665
1 -0.000111134 -0.000200282 -0.000335857 0.00011118 1 0.000230019 -0.000756689 0.000200256 -0.000230041 1 0.000934946
1 -0.000104452 -0.000163177 -0.000193926 0.000104489 1 0.000226851 -0.000849341 0.000163153 -0.000226868 1 0.001158
1 7.43566e-05 -0.000130519 -5.37858e-05 -7.43213e-05 1 0.000270862 -0.000869268 0.000130539 -0.000270852 1 0.00105182
1 0.000134861 -4.66459e-05 0.000107462 -0.000134852 1 0.000205562 -0.000938841 4.66736e-05 -0.000205556 1 0.00122271
1 0.000160402 -4.99606e-05 0.000229007 -0.000160393 1 0.00018012 -0.000931996 4.99895e-05 -0.000180112 1 0.0013782
1 9.37212e-05 -5.62742e-05 0.000228013 -9.37092e-05 1 0.000213389 -0.000919187 5.62942e-05 -0.000213384 1 0.00136014
1 0.000148461 -6.40719e-06 9.58555e-05 -0.00014846 1 0.000180577 -0.00088046 6.434e-06 -0.000180576 1 0.00112362
1 0.000142773 -1.49738e-05 0.000279732 -0.00014277 1 0.000204047 -0.000875616 1.50029e-05 -0.000204045 1 0.0013825
1 7.87077e-05 -8.08541e-05 0.000101226 -7.8696e-05 1 0.000145409 -0.00089366 8.08656e-05 -0.000145403 1 0.00131671
1 -1.5141e-05 -9.09013e-05 -0.000101304 1.51584e-05 1 0.000191188 -0.000882651 9.08984e-05 -0.00019119 1 0.00117983
1 -7.15965e-05 -0.000200946 -0.00011255 7.16436e-05 1 0.000234282 -0.000829201 0.000200929 -0.000234297 1 0.00117932
1 0.00012204 -0.000146102 -6.11573e-05 -0.000122003 1 0.000257123 -0.000712828 0.000146133 -0.000257105 1 0.000983526
1 0.000103344 -0.000146546 -0.000176281 -0.000103309 1 0.000239466 -0.000763635 0.000146571 -0.000239451 1 0.00117956
1 -8.29909e-05 -0.000163847 -5.79915e-05 8.30353e-05 1 0.000271101 -0.000794937 0.000163824 -0.000271115 1 0.000977672
1 -0.000147805 -0.000300636 -0.000299375 0.000147895 1 0.000300127 -0.000736217 0.000300592 -0.000300171 1 0.000746943
1 -0.000134429 -0.000240382 -0.000327087 0.000134514 1 0.000355362 -0.000708834 0.000240334 -0.000355395 1 0.000739454
1 -0.000153309 -0.000276917 -0.000302323 0.000153409 1 0.000357732 -0.000709268 0.000276862 -0.000357774 1 0.000784141
1 -0.000220313 -0.00020672 -0.000220016 0.00022037 1 0.000276627 -0.000800515 0.000206659 -0.000276673 1 0.000980035
1 -0.000134266 -0.000227524 -0.000220087 0.000134328 1 0.00027434 -0.000781389 0.000227487 -0.000274371 1 0.0008841
1 -9.98496e-05 -0.000222537 -0.000224526 9.99136e-05 1 0.000287395 -0.000790203 0.000222508 -0.000287417 1 0.000843723
1 -0.000219444 -0.000289899 -0.000428542 0.000219546 1 0.000351095 -0.00069935 0.000289822 -0.000351158 1 0.000752379
1 -0.000321774 -0.000315336 -0.000382357 0.000321891 1 0.000372917 -0.000685829 0.000315216 -0.000373019 1 0.000682432
1 -0.000165838 -0.000304312 -0.000373117 0.000165922 1 0.000279042 -0.000738084 0.000304266 -0.000279093 1 0.000721641
1 -0.000230343 -0.000239383 -0.00044918 0.000230438 1 0.000395961 -0.000695186 0.000239292 -0.000396016 1 0.000670698
1 -0.000294834 -0.000243341 -0.000284121 0.000294931 1 0.000400603 -0.000584487 0.000243223 -0.000400675 1 0.000694667
1 -0.000204847 -0.000224367 -0.000196094 0.000204919 1 0.000320712 -0.000709175 0.000224301 -0.000320758 1 0.000879789
1 0.0001446 -0.000153797 -0.000182604 -0.000144564 1 0.000231859 -0.000803781 0.000153831 -0.000231837 1 0.000943741
1 -0.000137505 -0.000219116 -9.4574e-05 0.00013755 1 0.000209476 -0.000832192 0.000219087 -0.000209506 1 0.000839371
1 -0.000125229 -0.000212438 -0.000110179 0.000125282 1 0.000248716 -0.000841485 0.000212407 -0.000248743 1 0.000976164
1 2.04874e-05 -0.000185146 -7.76798e-05 -2.04398e-05 1 0.000256907 -0.000795349 0.000185151 -0.000256904 1 0.00104621
1 -5.43436e-05 -0.00019736 -0.000238073 5.43995e-05 1 0.000283458 -0.000791372 0.000197344 -0.000283469 1 0.00108735
1 -0.000149269 -0.000311458 -0.000344622 0.000149356 1 0.000281127 -0.000718475 0.000311416 -0.000281174 1 0.000791116
1 -5.77761e-05 -0.000212849 -0.000265778 5.78412e-05 1 0.000305765 -0.000660533 0.000212832 -0.000305777 1 0.000774687
1 -8.52823e-05 -0.000266752 -0.00035103 8.53498e-05 1 0.000252988 -0.000816474 0.00026673 -0.000253011 1 0.000705399
1 -8.101e-05 -0.00026347 -0.000416475 8.10828e-05 1 0.000276643 -0.000711078 0.000263448 -0.000276665 1 0.000871206
1 -2.77399e-05 -0.000217272 -0.000275485 2.78098e-05 1 0.00032179 -0.000741576 0.000217263 -0.000321796 1 0.000850112
1 -0.000168754 -0.000239647 -0.000242231 0.000168823 1 0.000287009 -0.00068405 0.000239599 -0.000287049 1 0.000815401
1 -0.000158132 -0.000243099 -0.000288582 0.00015821 1 0.000319909 -0.000657434 0.000243049 -0.000319947 1 0.000675187
1 6.2274e-05 -0.000230289 -0.000322838 -6.22159e-05 1 0.000252523 -0.000679012 0.000230305 -0.000252509 1 0.000875387
1 -0.000202782 -0.000245925 -0.000371944 0.00020285 1 0.000278289 -0.000803715 0.000245869 -0.000278339 1 0.000754167
1 -0.000282225 -0.000250894 -0.000376773 0.000282308 1 0.000331978 -0.000673466 0.0002508 -0.000332049 1 0.000777877
1 -0.000220373 -0.000192972 -0.000345169 0.000220429 1 0.000287953 -0.000741434 0.000192909 -0.000287996 1 0.000946132
1 -9.0196e-05 -0.000198651 -0.000340976 9.02459e-05 1 0.000251214 -0.000691732 0.000198628 -0.000251232 1 0.000901133
1 -7.0536e-05 -0.000309536 -0.000400701 7.06314e-05 1 0.000308257 -0.00063331 0.000309515 -0.000308279 1 0.000686644
1 -0.000209022 -0.000265193 -0.000347162 0.000209102 1 0.000301111 -0.000716643 0.00026513 -0.000301166 1 0.00081098
1 -0.000256522 -0.000253306 -0.000404101 0.000256602 1 0.000315818 -0.000760778 0.000253225 -0.000315883 1 0.000834808
1 -0.000212411 -0.000239323 -0.000383634 0.000212463 1 0.000215692 -0.000786784 0.000239277 -0.000215743 1 0.000789116
1 -0.000318482 -0.000272615 -0.000394923 0.000318551 1 0.000251882 -0.00079884 0.000272535 -0.000251969 1 0.000867696
1 -0.000133312 -0.000299903 -0.000301417 0.000133406 1 0.000312997 -0.000749638 0.000299861 -0.000313037 1 0.000811055
1 9.08077e-05 -0.000219473 -0.000222175 -9.07522e-05 1 0.00025253 -0.000722857 0.000219496 -0.000252511 1 0.000974454
1 -0.000169421 -0.000218079 -0.000358093 0.000169493 1 0.000329174 -0.000672757 0.000218023 -0.000329211 1 0.000845319
1 -0.000206692 -0.000235748 -0.000316431 0.000206741 1 0.000210006 -0.000785351 0.000235704 -0.000210055 1 0.000939471
1 -1.75022e-05 -0.000274208 -0.000240364 1.75769e-05 1 0.000272505 -0.000839457 0.000274203 -0.00027251 1 0.00104877
1 -0.000114054 -0.000232011 -0.000228835 0.000114105 1 0.000219713 -0.000898886 0.000231986 -0.000219739 1 0.000915121
1 -0.000114405 -0.000181283 -0.000221997 0.00011446 1 0.000304124 -0.000729444 0.000181248 -0.000304145 1 0.000946218
1 -0.000174133 -0.00024366 -0.000343209 0.0001742 1 0.000276214 -0.000823611 0.000243612 -0.000276256 1 0.000844472
1 -1.34292e-05 -0.000166092 -0.000280473 1.34746e-05 1 0.000273662 -0.000789952 0.000166088 -0.000273664 1 0.00111631
1 6.4724e-06 -0.000204434 -0.000324371 -6.43442e-06 1 0.000185748 -0.000869918 0.000204435 -0.000185746 1 0.000748148
1 -9.71948e-05 -0.000157706 -0.000226425 9.72403e-05 1 0.000288723 -0.000816829 0.000157678 -0.000288739 1 0.000875498
1 -9.23376e-05 -0.000175094 -0.000225113 9.23811e-05 1 0.000248739 -0.000724322 0.000175071 -0.000248755 1 0.000883822
1 -0.00019695 -0.000270482 -0.000290931 0.000197018 1 0.00025206 -0.000783671 0.000270433 -0.000252113 1 0.000901363
1 -0.000264142 -0.000269561 -0.000364779 0.000264215 1 0.000270105 -0.000757889 0.00026949 -0.000270176 1 0.00076594
1 -3.85023e-05 -0.000234748 -0.000313899 3.85746e-05 1 0.000308046 -0.000717247 0.000234736 -0.000308055 1 0.000881345
1 -0.000175549 -0.000249163 -0.000294948 0.000175605 1 0.000224062 -0.000808798 0.000249124 -0.000224105 1 0.000843252
1 -0.000150941 -0.000198881 -0.000253458 0.000151006 1 0.000327025 -0.000722189 0.000198832 -0.000327055 1 0.000910382
1 -0.000319503 -0.000244245 -0.000364649 0.000319571 1 0.000274908 -0.000779444 0.000244157 -0.000274986 1 0.000987346
1 -0.000103444 -0.000221207 -0.000224209 0.000103505 1 0.000277793 -0.00073118 0.000221178 -0.000277816 1 0.000935419
1 -0.000254391 -0.000209338 -0.00026178 0.000254444 1 0.000255865 -0.000789101 0.000209273 -0.000255918 1 0.000857987
1 -0.000259353 -0.000223374 -0.000334669 0.000259418 1 0.000290451 -0.000737135 0.000223299 -0.000290509 1 0.000776725
1 -3.26135e-05 -0.000229916 -0.000234005 3.2663e-05 1 0.000215099 -0.000789727 0.000229909 -0.000215107 1 0.000867372
1 -4.30492e-05 -0.000213055 -0.000369978 4.31012e-05 1 0.000244247 -0.000822035 0.000213045 -0.000244256 1 0.000895469
1 -0.000130705 -0.000215483 -0.00033843 0.000130768 1 0.000291961 -0.000821912 0.000215445 -0.000291989 1 0.000806773
1 -0.000140957 -0.000241977 -0.000322676 0.000141022 1 0.000272462 -0.000788412 0.000241939 -0.000272496 1 0.000900383
1 -9.48009e-05 -0.000195366 -0.000293099 9.48467e-05 1 0.000234608 -0.000824129 0.000195344 -0.000234626 1 0.000813247
1 -0.00018236 -0.000194473 -0.000344155 0.00018242 1 0.00031238 -0.000718807 0.000194416 -0.000312416 1 0.000887693
1 -0.000156438 -0.000226018 -0.000324287 0.000156499 1 0.000269035 -0.000764812 0.000225976 -0.00026907 1 0.00077861
1 1.82878e-06 -0.000212493 -0.000365062 -1.77181e-06 1 0.000268091 -0.000733044 0.000212493 -0.00026809 1 0.000941004
1 -0.000111659 -0.000152082 -0.00027184 0.000111702 1 0.00028016 -0.000679111 0.000152051 -0.000280177 1 0.00115366
1 -0.000102529 -0.000138717 -0.000334449 0.000102563 1 0.000241741 -0.000789016 0.000138692 -0.000241755 1 0.0013676
1 -0.000173742 -0.000138759 -0.00010893 0.000173785 1 0.000308249 -0.000852979 0.000138705 -0.000308273 1 0.00172582
1 -0.000295697 -1.48541e-05 -6.48666e-05 0.000295703 1 0.000411852 -0.000679636 1.47323e-05 -0.000411856 1 0.00182414
1 -9.69791e-05 1.71993e-05 -2.89375e-05 9.69703e-05 1 0.00050818 -0.000491764 -1.72486e-05 -0.000508179 1 0.00200013
1 2.47564e-05 -3.97339e-05 -1.1414e-05 -2.47361e-05 1 0.000511902 -0.000429607 3.97466e-05 -0.000511902 1 0.00230403
1 9.35127e-05 -0.000119807 0.000105278 -9.34431e-05 1 0.000580459 -0.000467105 0.000119861 -0.000580448 1 0.00266223
1 -0.000191292 -5.41497e-05 0.000190128 0.000191316 1 0.000441832 -0.000784308 5.40652e-05 -0.000441843 1 0.00283562
1 -4.20575e-05 -6.2162e-05 -7.82819e-05 4.2084e-05 1 0.00042669 -0.000886598 6.21441e-05 -0.000426693 1 0.00351188
1 -0.000300785 -0.000208436 -0.000351688 0.000300872 1 0.000419155 -0.000767691 0.000208309 -0.000419218 1 0.00393956
1 -0.000319105 -2.41442e-05 -6.2589e-05 0.000319118 1 0.000558815 -0.000740938 2.39659e-05 -0.000558823 1 0.00400582
1 -0.000477919 -2.2132e-05 -0.000226193 0.000477927 1 0.000382892 -0.000801951 2.19491e-05 -0.000382903 1 0.00500157
1 -0.000451453 3.70363e-05 0.000107662 0.000451429 1 0.000637728 -0.000597905 -3.73242e-05 -0.000637711 1 0.00516266
1 -0.000558007 -1.03654e-06 -4.81678e-05 0.000558008 1 0.000772776 -0.000466972 6.05324e-07 -0.000772776 1 0.00586851
1 -0.000520558 -6.52412e-05 -0.000151811 0.000520609 1 0.000781212 -0.000319211 6.48345e-05 -0.000781246 1 0.0062876
1 -0.000241719 -0.000255147 -0.000328314 0.000241908 1 0.000740299 -0.000329485 0.000254968 -0.00074036 1 0.00700713
1 -0.000487866 -0.000103753 -9.72073e-05 0.000487934 1 0.000650123 -0.000496629 0.000103436 -0.000650174 1 0.00709461
1 -0.000402963 -0.000271294 -0.000180637 0.000403155 1 0.000708098 -0.000547743 0.000271009 -0.000708207 1 0.00746272
1 -0.000541038 -0.000266103 -0.00047923 0.000541212 1 0.000654426 -0.000577906 0.000265748 -0.00065457 1 0.00778002
1 -0.000854846 -0.000242276 -0.00071358 0.000855034 0.999999 0.000777885 -0.000623889 0.000241611 -0.000778092 1 0.00815051
1 -0.000654005 -0.000271502 -0.000708016 0.000654277 0.999999 0.00100203 -0.000167211 0.000270846 -0.0010022 0.999999 0.00803755
0.999999 -0.00112557 -0.000446497 -0.000932052 0.00112606 0.999999 0.00111329 1.6677e-05 0.000445243 -0.0011138 0.999999 0.00810761
1 -0.000757238 -0.000262369 -0.000965606 0.000757473 0.999999 0.000895541 -0.000347283 0.00026169 -0.00089574 1 0.00917497
1 -0.000951973 -6.97494e-05 -0.000807361 0.000952042 0.999999 0.00100237 -0.000304186 6.87951e-05 -0.00100243 0.999999 0.00920974
1 -0.000971481 -0.000164785 -0.000601211 0.000971628 0.999999 0.000889208 -0.000434574 0.000163921 -0.000889368 1 0.00949055
1 -0.00062442 9.30055e-05 0.000180367 0.000624325 0.999999 0.00102049 6.52993e-05 -9.36426e-05 -0.00102044 0.999999 0.00900227
1 -0.000244554 8.5098e-05 -5.43018e-05 0.000244459 0.999999 0.00112201 -1.13807e-05 -8.53723e-05 -0.00112198 0.999999 0.00958024
1 -0.000674309 0.000125635 -2.27334e-05 0.000674164 0.999999 0.00115377 6.36809e-05 -0.000126413 -0.00115369 0.999999 0.00956203
1 -0.000711373 0.000217418 0.000127384 0.000711111 0.999999 0.00120318 0.000507828 -0.000218274 -0.00120302 0.999999 0.00991842
1 -0.000903553 0.000101653 0.000302077 0.000903472 0.999999 0.000794281 -0.000198938 -0.000102371 -0.000794189 1 0.010664
0.999999 -0.0010047 0.000102355 0.000149169 0.00100462 0.999999 0.000824806 -0.00032876 -0.000103183 -0.000824703 1 0.010854
0.999999 -0.00116231 0.000182837 0.00027157 0.00116218 0.999999 0.000673845 -0.000488926 -0.00018362 -0.000673632 1 0.0109945
1 -0.000824435 0.000213496 0.000380945 0.000824292 0.999999 0.000667734 -0.000330453 -0.000214046 -0.000667557 1 0.0113056
1 -0.000922184 0.000178233 0.000246851 0.000922048 0.999999 0.00075821 -0.000309719 -0.000178932 -0.000758045 1 0.0115784
1 -0.000822157 0.000181543 0.000545872 0.000822027 0.999999 0.000711656 -0.000140633 -0.000182128 -0.000711507 1 0.0122298
0.999999 -0.000988916 0.000172282 0.000290883 0.000988803 0.999999 0.000653477 -0.000333222 -0.000172928 -0.000653306 1 0.0126782
0.999999 -0.00103033 5.60217e-05 0.00024244 0.00103029 0.999999 0.000835003 -3.85514e-05 -5.68819e-05 -0.000834945 1 0.0132449
0.999999 -0.00109215 -5.51518e-05 0.000110237 0.00109219 0.999999 0.000715852 -0.000206063 5.43699e-05 -0.000715912 1 0.0136769
0.999999 -0.00129332 0.000169652 0.000247078 0.00129321 0.999999 0.000606234 -0.000176676 -0.000170436 -0.000606014 1 0.0137019
0.999999 -0.00106679 0.0001763 0.000227465 0.00106672 0.999999 0.000434818 -0.000273538 -0.000176764 -0.00043463 1 0.0141478
0.999999 -0.00102376 0.000340302 0.000369168 0.00102359 0.999999 0.000503186 -0.000253613 -0.000340817 -0.000502838 1 0.0142355
1 -0.000784713 0.00029466 0.000461527 0.000784593 1 0.000409235 -0.000528731 -0.000294981 -0.000409004 1 0.0145788
0.999999 -0.00101153 0.00039899 0.000296627 0.00101135 0.999999 0.000449043 -0.000427906 -0.000399444 -0.000448639 1 0.0154051
0.999999 -0.00138932 0.000285445 0.000233736 0.00138922 0.999999 0.000353036 -0.000423685 -0.000285935 -0.000352639 1 0.0155557
0.999999 -0.00122918 0.000246733 0.000148494 0.00122908 0.999999 0.000395844 -0.000248195 -0.00024722 -0.000395541 1 0.0165941
0.999999 -0.00151144 0.00024664 6.16539e-05 0.00151134 0.999999 0.000396413 -0.000262662 -0.000247239 -0.00039604 1 0.016666
0.999999 -0.00167814 0.000178468 0.000398733 0.00167808 0.999999 0.000332559 8.05528e-05 -0.000179026 -0.000332259 1 0.016785
0.999999 -0.00153501 0.000293077 0.000245591 0.00153491 0.999999 0.000325099 -6.11517e-05 -0.000293576 -0.000324648 1 0.0173308
0.999999 -0.00146882 0.000211221 -4.8496e-05 0.00146879 0.999999 0.00017375 -0.00024415 -0.000211476 -0.00017344 1 0.0175806
0.999999 -0.00100814 0.000341292 0.000201926 0.00100806 0.999999 0.000245771 -9.32808e-05 -0.00034154 -0.000245427 1 0.0178429
0.999999 -0.00133395 9.64448e-05 -0.000166099 0.00133395 0.999999 3.78537e-05 -0.000379867 -9.64952e-05 -3.7725e-05 1 0.0190291
0.999999 -0.00130565 0.000281777 0.000257898 0.00130558 0.999999 0.000260677 -9.77016e-05 -0.000282117 -0.000260309 1 0.0193946
0.999999 -0.00131781 0.000120165 0.000270798 0.00131779 0.999999 0.000210766 -0.000277579 -0.000120443 -0.000210607 1 0.0199721
0.999999 -0.00101224 1.80881e-05 4.46886e-05 0.00101224 0.999999 3.83414e-05 -0.000345661 -1.81269e-05 -3.83231e-05 1 0.0205447
0.999999 -0.00110719 7.02047e-05 6.81323e-05 0.00110719 0.999999 -5.9797e-05 -0.000425343 -7.01384e-05 5.98747e-05 1 0.0209909
0.999999 -0.00125851 0.000111941 0.00031856 0.0012585 0.999999 0.00014889 -0.000438248 -0.000112129 -0.000148749 1 0.0209033
0.999999 -0.0012941 0.000289865 0.000381991 0.00129409 0.999999 3.33278e-05 -0.000313794 -0.000289908 -3.29527e-05 1 0.0212215
0.999999 -0.00137472 0.000374857 0.000545729 0.00137472 0.999999 9.04206e-06 -0.000482379 -0.000374869 -8.52673e-06 1 0.0216476
0.999999 -0.000931574 0.000548432 0.000501256 0.000931646 1 -0.000129983 -0.000581891 -0.000548311 0.000130494 1 0.0224149
0.999999 -0.000934019 0.000399804 0.000665808 0.00093417 0.999999 -0.000378477 -0.000491789 -0.000399451 0.00037885 1 0.0231048
0.999999 -0.00106869 0.000699767 0.000858903 0.00106886 0.999999 -0.000240878 -0.000239486 -0.000699509 0.000241626 1 0.0247773
1 -0.000761924 0.000629674 0.000347141 0.000762047 1 -0.000195039 -0.000327124 -0.000629526 0.000195518 1 0.0260088
1 -0.000718374 0.000639248 0.000392398 0.00071856 1 -0.000290515 -0.000461874 -0.000639039 0.000290974 1 0.0271625
0.999999 -0.00124513 0.000481024 0.000260953 0.00124525 0.999999 -0.000237307 0.0001221 -0.000480728 0.000237905 1 0.0288458
0.999999 -0.00115544 0.000406944 0.000114873 0.00115552 0.999999 -0.000205208 4.81189e-05 -0.000406706 0.000205678 1 0.0298843
0.999999 -0.00098511 0.00056094 0.000544712 0.000985182 1 -0.000127062 -0.000189468 -0.000560815 0.000127614 1 0.0315957
1 -0.000673714 0.0004255 0.000817707 0.000673838 1 -0.000293217 -0.000228849 -0.000425303 0.000293504 1 0.0325547
1 -0.000827834 0.00034016 0.000281272 0.00082787 1 -0.000104664 -0.000239412 -0.000340073 0.000104945 1 0.0331964
0.999999 -0.00110511 0.000331332 -1.16871e-05 0.00110515 0.999999 -0.000139037 -7.29464e-05 -0.000331179 0.000139403 1 0.0352527
0.999999 -0.00117445 0.00024595 -0.000229936 0.00117452 0.999999 -0.000310237 -0.000361612 -0.000245586 0.000310526 1 0.0360578
0.999999 -0.00113054 0.00017893 -0.000176297 0.00113058 0.999999 -0.000222409 -0.000199122 -0.000178678 0.000222611 1 0.0371768
1 -0.000497341 0.00032019 -9.86128e-05 0.000497384 1 -0.000134521 -5.97043e-05 -0.000320123 0.00013468 1 0.0383059
0.999999 -0.00145897 0.000200047 0.00013993 0.00145897 0.999999 1.05677e-05 4.97601e-05 -0.000200062 -1.02758e-05 1 0.0387518
0.999999 -0.00112348 0.000294911 0.000154852 0.00112356 0.999999 -0.000261375 6.88603e-05 -0.000294617 0.000261707 1 0.0396074
0.999999 -0.00163192 0.00019176 0.000253105 0.00163196 0.999999 -0.000220792 -0.000299412 -0.000191399 0.000221105 1 0.0402673
0.999999 -0.00129677 6.90484e-05 -0.000197612 0.00129679 0.999999 -0.000256128 -4.67873e-05 -6.87162e-05 0.000256217 1 0.041031
1 -0.000652982 2.17869e-05 -0.000892853 0.000652977 1 0.000252182 0.000120215 -2.19516e-05 -0.000252168 1 0.0424654
1 -0.000688727 0.000251467 -0.000953331 0.000688702 1 9.70073e-05 0.000138521 -0.000251534 -9.68341e-05 1 0.0432796
1 -0.000138536 0.0003584 -0.000902614 0.00013856 1 -6.69547e-05 0.000201506 -0.000358391 6.70043e-05 1 0.0434497
1 -0.000381609 2.79548e-05 -0.000663854 0.000381613 1 -0.000129456 -0.000352801 -2.79054e-05 0.000129467 1 0.0456642
1 -0.000412491 -0.000208234 -0.000781568 0.000412442 1 -0.000235927 6.81032e-05 0.000208331 0.000235841 1 0.0463085
1 -0.000822791 6.31361e-05 -0.00033741 0.000822796 1 -7.40412e-05 0.000139262 -6.30752e-05 7.40931e-05 1 0.0479675
1 -0.000900398 3.01412e-05 -0.000124836 0.000900406 1 -0.000242688 -0.00034645 -2.99227e-05 0.000242715 1 0.0484879
1 -0.000444458 0.000291234 -0.000410572 0.000444563 1 -0.000360332 -3.10419e-05 -0.000291074 0.000360462 1 0.050342
0.999999 -0.00125195 0.000236976 -0.000381828 0.00125204 0.999999 -0.000386242 -0.000172495 -0.000236492 0.000386538 1 0.050697
1 -0.000866523 0.000209421 -0.000440467 0.00086662 1 -0.000465319 0.000166254 -0.000209017 0.000465501 1 0.0512771
0.999999 -0.00135732 2.60239e-05 -0.00056898 0.00135733 0.999999 -0.000631719 -0.000143411 -2.51664e-05 0.000631754 1 0.0533396
1 -0.000570246 8.37441e-05 -0.000652925 0.000570309 1 -0.000754637 -2.41794e-05 -8.33137e-05 0.000754684 1 0.0540285
1 -0.000620038 -5.05491e-05 -0.000666052 0.000619989 0.999999 -0.000960444 2.70296e-05 5.11445e-05 0.000960413 1 0.0554852
1 -0.000785588 -0.00020008 -0.000431386 0.000785396 0.999999 -0.000962044 0.000124366 0.000200836 0.000961887 1 0.0565782
1 -0.000706089 -0.000237686 -0.000871765 0.000705788 0.999999 -0.00126225 -2.12603e-05 0.000238577 0.00126208 0.999999 0.0576808
1 -0.000449417 -0.000363185 -0.000875383 0.000448961 0.999999 -0.0012551 -0.000218707 0.000363748 0.00125493 0.999999 0.0593969
1 -0.000224928 -0.00026521 -0.000285891 0.000224545 0.999999 -0.00144391 -0.000461126 0.000265535 0.00144385 0.999999 0.0606306
1 -0.000542935 0.000160579 0.000271028 0.000543172 0.999999 -0.00147535 -0.000465911 -0.000159777 0.00147544 0.999999 0.061713
1 -0.000294443 0.000227234 4.37503e-05 0.00029478 0.999999 -0.00148463 -0.000518642 -0.000226797 0.0014847 0.999999 0.06228
1 -0.000221522 9.4692e-05 -0.000445747 0.000221666 0.999999 -0.00152242 -0.000265807 -9.43546e-05 0.00152244 0.999999 0.0633932
1 -0.000340592 0.000186924 -0.000346192 0.000340863 0.999999 -0.00144955 -0.000572765 -0.00018643 0.00144961 0.999999 0.0636667
1 -0.000571053 -7.98069e-06 -0.000611588 0.000571042 0.999999 -0.00134436 -1.03435e-05 8.74839e-06 0.00134435 0.999999 0.065549
1 -0.000157216 0.00013826 9.54913e-06 0.000157451 0.999999 -0.00169798 -0.000219886 -0.000137993 0.001698 0.999999 0.0660074
1 -0.000490471 0.000110685 -0.000609518 0.00049065 0.999999 -0.00162876 -0.00044355 -0.000109886 0.00162882 0.999999 0.067503
1 -0.000652391 -5.19521e-05 -0.000602535 0.000652298 0.999998 -0.00177549 -5.3428e-05 5.31104e-05 0.00177545 0.999998 0.0685567
1 -0.000652498 -0.000206966 -0.000822069 0.0006521 0.999998 -0.00191594 -0.000659422 0.000208215 0.00191581 0.999998 0.0708954
1 -0.000278729 -0.00014823 -0.000904006 0.000278472 0.999998 -0.00173546 -0.000219226 0.000148714 0.00173542 0.999998 0.0720037
1 -0.000885313 -9.95983e-05 -0.00101046 0.000885114 0.999998 -0.00197569 -0.000377066 0.000101347 0.0019756 0.999998 0.0728124
1 -0.000780314 9.21739e-06 -0.000935255 0.000780329 0.999998 -0.00185369 -0.000208689 -7.77092e-06 0.00185369 0.999998 0.0744598
1 -0.000849457 -3.25025e-05 -0.000793029 0.00084938 0.999997 -0.00231092 -0.000280785 3.44654e-05 0.00231089 0.999997 0.0768229
1 -0.000987799 0.000124208 -0.00093697 0.000988092 0.999997 -0.00238184 -0.000201771 -0.000121854 0.00238196 0.999997 0.0781012
0.999999 -0.00108005 -8.4765e-05 -0.00115792 0.00107984 0.999996 -0.00242575 -0.000248937 8.73846e-05 0.00242565 0.999997 0.079836
0.999999 -0.00135143 9.69592e-05 -0.000879325 0.00135169 0.999995 -0.00276946 -0.000529844 -9.3216e-05 0.00276959 0.999996 0.0825451
0.999999 -0.00118465 0.000140663 -0.000885497 0.00118507 0.999995 -0.00302134 -0.000178119 -0.000137083 0.00302151 0.999995 0.0847912
0.999999 -0.00139913 -0.000126669 -0.00124561 0.00139869 0.999993 -0.00338043 -0.000106079 0.000131398 0.00338025 0.999994 0.0866997
0.999999 -0.00119639 -0.000246854 -0.00131824 0.00119547 0.999992 -0.00369238 -0.000440243 0.00025127 0.00369208 0.999993 0.0880034
1 -0.000429118 -0.000178814 -0.00152224 0.000428412 0.999992 -0.00392871 -0.000342598 0.000180498 0.00392864 0.999992 0.0917058
1 -0.000799766 -0.000124194 -0.000876241 0.000799256 0.999991 -0.00405347 -0.00029785 0.000127435 0.00405337 0.999992 0.0922102
1 -0.000680023 -0.000339729 -0.00152574 0.000678478 0.99999 -0.00452801 -0.000344733 0.000342804 0.00452778 0.99999 0.0955135
1 -0.000526313 -0.000296746 -0.00165593 0.000524957 0.99999 -0.00455023 -0.000725431 0.000299138 0.00455007 0.99999 0.0974594
0.999999 -0.000731586 -0.000698374 -0.00170544 0.000728182 0.999988 -0.00486273 -0.000564506 0.000701924 0.00486222 0.999988 0.100872
0.999999 -0.00135077 -0.000374147 -0.00101275 0.00134896 0.999987 -0.00481581 0.000132814 0.000380648 0.0048153 0.999988 0.101862
0.999999 -0.00111567 -0.000441264 -0.000995359 0.00111349 0.999987 -0.00490983 -0.000214757 0.000446736 0.00490934 0.999988 0.103105
0.999999 -0.000960898 -0.000651138 -0.00155045 0.000957432 0.999985 -0.00530169 -0.000387247 0.000656223 0.00530107 0.999986 0.105481
0.999999 -0.00115661 -0.000567348 -0.00117394 0.00115341 0.999984 -0.00561004 -0.00049369 0.000573827 0.00560938 0.999984 0.108174
1 -0.000632505 -0.000696212 -0.00129363 0.000628636 0.999984 -0.00554316 -0.000345671 0.000699708 0.00554272 0.999984 0.11157
1 -0.000809331 -0.000280415 -0.00128972 0.000807614 0.999981 -0.00607218 -0.000681251 0.000285324 0.00607195 0.999982 0.114727
1 -0.000680477 -0.000202376 -0.00156327 0.000679245 0.999982 -0.00602405 -0.000554 0.000206471 0.00602391 0.999982 0.117147
0.999999 -0.00120659 -0.000345857 -0.00173145 0.00120434 0.999979 -0.00643845 -0.000533144 0.000353618 0.00643803 0.999979 0.119973
0.999999 -0.00131914 -0.000338025 -0.00155118 0.00131689 0.999977 -0.006581 -0.000444391 0.000346699 0.00658055 0.999978 0.12132
0.999999 -0.00147263 -0.000479062 -0.00156658 0.00146935 0.999976 -0.0067751 -0.000490282 0.000489028 0.00677439 0.999977 0.122373
0.999999 -0.00159044 -0.000185159 -0.00087682 0.00158908 0.999974 -0.00709597 -0.000748335 0.00019644 0.00709567 0.999975 0.124502
1 -0.000810255 -0.000558504 -0.00110426 0.000806215 0.999974 -0.00719654 -0.00101166 0.00056432 0.00719608 0.999974 0.125647
0.999999 -0.00101421 -0.000518925 -0.00128183 0.00101041 0.999973 -0.00726838 -0.000803121 0.000526283 0.00726786 0.999973 0.127735
0.999999 -0.0014658 -0.000674352 -0.00126169 0.00146086 0.999973 -0.00726525 -0.0007103 0.000684983 0.00726425 0.999973 0.128987
1 -0.000720468 -0.000588961 -0.00141809 0.000716081 0.999972 -0.00741457 -0.000270139 0.000594287 0.00741415 0.999972 0.132054
0.999999 -0.000869462 -0.0005714 -0.00219815 0.000865519 0.999976 -0.006864 0.000536954 0.000577354 0.0068635 0.999976 0.133779
1 -0.000615252 -0.000608758 -0.00217235 0.000611027 0.999976 -0.0069158 0.000627944 0.000612998 0.00691542 0.999976 0.135191
1 -0.000444965 -0.000496109 -0.00178208 0.000441692 0.999978 -0.00657717 0.000795138 0.000499025 0.00657695 0.999978 0.137951
1 -0.000520282 -0.000589019 -0.0019187 0.000516216 0.999976 -0.00688359 -7.42764e-05 0.000592586 0.00688328 0.999976 0.139964
0.999999 -0.00074686 -0.000993273 -0.00187405 0.000740144 0.999977 -0.00674425 -0.000215019 0.000998287 0.00674351 0.999977 0.141739
1 -0.000216472 -0.000854094 -0.00192162 0.000210366 0.999974 -0.00714314 -0.00015343 0.000855619 0.00714296 0.999974 0.144836
1 -0.000535613 -0.000640167 -0.00212965 0.000531075 0.999975 -0.00706749 0.000214753 0.000643936 0.00706714 0.999975 0.14638
1 -0.000380745 -0.000460936 -0.00218866 0.000377391 0.999974 -0.00725504 4.75044e-05 0.000463686 0.00725487 0.999974 0.147395
1 -0.00044596 -0.000466405 -0.00254675 0.000442605 0.999974 -0.00716933 -1.44971e-05 0.00046959 0.00716912 0.999974 0.149678
1 -0.000495065 -0.000541885 -0.00244336 0.000491161 0.999974 -0.00717985 -2.69891e-05 0.000545425 0.00717959 0.999974 0.150319
1 -0.000588752 -0.000434387 -0.00199665 0.000585499 0.999972 -0.00745141 8.16363e-05 0.000438762 0.00745115 0.999972 0.151739
1 -0.00033046 -0.000393023 -0.0021593 0.000327604 0.999974 -0.00724499 0.000195504 0.000395407 0.00724486 0.999974 0.154867
1 -0.000451132 -0.000732737 -0.00185357 0.000445955 0.999975 -0.00705036 0.000210392 0.000735899 0.00705003 0.999975 0.157914
1 -0.000471079 -0.000852634 -0.0020082 0.000464918 0.999974 -0.00721189 0.000322314 0.00085601 0.00721149 0.999974 0.159436
1 -8.72251e-05 -0.000756936 -0.00160656 8.16766e-05 0.999973 -0.00732709 0.000335183 0.000757554 0.00732703 0.999973 0.161722
1 -0.000113885 -0.000891627 -0.00150841 0.000107206 0.999972 -0.00748726 0.000485143 0.000892455 0.00748717 0.999972 0.164195
1 0.000328641 -0.000309828 -0.00179575 -0.000330958 0.999972 -0.00751056 0.000171072 0.000307351 0.00751066 0.999972 0.166584
1 0.000564173 -0.000403879 -0.00206091 -0.000567268 0.99997 -0.00770491 0.00022276 0.00039952 0.00770513 0.99997 0.169042
1 -0.000107204 -0.000345383 -0.00189631 0.00010449 0.999969 -0.00784951 0.000360077 0.000346214 0.00784947 0.999969 0.170223
1 -0.000411531 -9.57208e-05 -0.00248732 0.000410782 0.99997 -0.00769737 0.00107708 9.88856e-05 0.00769733 0.99997 0.171701
1 -0.000148461 -0.000324945 -0.00259058 0.000145797 0.999967 -0.00818121 0.00107147 0.000326148 0.00818116 0.999966 0.172753
1 0.000872039 -0.000407384 -0.00284345 -0.000875382 0.999965 -0.00827798 0.000674175 0.000400151 0.00827833 0.999966 0.177273
1 0.000828956 -0.000525762 -0.00204102 -0.000833209 0.999967 -0.00814068 0.000309894 0.000518996 0.00814112 0.999967 0.178302
0.999999 0.000870053 -0.000547835 -0.00179577 -0.000874529 0.999966 -0.00822466 0.000678194 0.00054066 0.00822513 0.999966 0.179536
0.999999 0.000983592 -0.000299677 -0.00124489 -0.000986032 0.999965 -0.00825208 0.000521751 0.00029155 0.00825237 0.999966 0.181209
1 0.000207564 -0.000376094 -0.0016044 -0.00021071 0.999965 -0.00838365 0.000659473 0.000374341 0.00838373 0.999965 0.182584
1 0.000472997 -0.000369746 -0.00254935 -0.000476202 0.999962 -0.00871484 0.000508858 0.00036561 0.00871501 0.999962 0.185948
1 0.000515011 -0.00021319 -0.00176946 -0.000516826 0.999963 -0.00859983 0.00059598 0.000208753 0.00859994 0.999963 0.187265
1 0.000379387 -0.00029531 -0.0020902 -0.000381861 0.999964 -0.00842391 0.000464238 0.000292104 0.00842403 0.999964 0.188662
0.999999 0.000998203 -7.60782e-05 -0.0019508 -0.000998835 0.999961 -0.00881749 0.000580255 6.72735e-05 0.00881756 0.999961 0.191663
1 0.000525954 -0.000167673 -0.0018111 -0.000527387 0.999962 -0.00866651 0.000413572 0.000163108 0.00866659 0.999962 0.193567
1 0.000532666 -4.97227e-05 -0.0020353 -0.000533082 0.999961 -0.00878896 0.00051798 4.50392e-05 0.00878899 0.999961 0.194532
1 0.000502889 -3.00752e-05 -0.00198545 -0.000503129 0.999963 -0.00861167 0.000617807 2.57434e-05 0.00861168 0.999963 0.196314
1 0.000414051 -0.000148242 -0.00220754 -0.000415319 0.999962 -0.008656 0.000643002 0.000144653 0.00865606 0.999963 0.197713
1 0.00078561 -0.000343675 -0.00192288 -0.000788464 0.999965 -0.00838335 0.000785815 0.000337077 0.00838361 0.999965 0.199281
1 0.000834789 -0.000132429 -0.00198563 -0.000835859 0.999965 -0.00829499 0.000545395 0.0001255 0.0082951 0.999966 0.200914
1 9.171e-05 -6.18861e-06 -0.00172379 -9.17564e-05 0.999968 -0.00797222 0.00061386 5.45728e-06 0.00797223 0.999968 0.203935
1 4.90151e-05 9.1374e-06 -0.00170712 -4.89415e-05 0.999969 -0.0078863 0.000367077 -9.52366e-06 0.0078863 0.999969 0.205915
1 0.000498229 0.00025454 -0.00238493 -0.000496241 0.99997 -0.0077527 0.00077097 -0.000258395 0.00775257 0.99997 0.206914
1 0.000181869 -4.64509e-05 -0.00193188 -0.000182229 0.999969 -0.00788783 0.000789324 4.50149e-05 0.00788784 0.999969 0.209474
1 0.000653676 0.000226854 -0.00195727 -0.000651818 0.999967 -0.00809369 0.000665889 -0.000232138 0.00809354 0.999967 0.211696
1 0.000416988 0.00022833 -0.00173603 -0.000415133 0.999967 -0.00806454 0.000486982 -0.000231686 0.00806445 0.999967 0.213366
1 0.000112027 0.00017537 -0.00150941 -0.000110624 0.999968 -0.00797695 0.000616063 -0.000176259 0.00797693 0.999968 0.216692
1 0.000506295 0.000226257 -0.00216037 -0.000504462 0.999968 -0.00803064 0.000627188 -0.000230315 0.00803053 0.999968 0.21726
1 0.000358183 0.000323329 -0.00151529 -0.000355589 0.999968 -0.007989 0.000572032 -0.000326181 0.00798888 0.999968 0.219135
1 0.000513296 0.000220412 -0.00194844 -0.000511506 0.999968 -0.00804553 0.000613951 -0.000224535 0.00804541 0.999968 0.220708
1 0.000708476 0.000387443 -0.0022194 -0.000705261 0.999966 -0.00823638 0.000438836 -0.000393265 0.0082361 0.999966 0.222946
1 0.000796822 0.000351288 -0.00194785 -0.000793764 0.999963 -0.00862179 0.000404568 -0.000358145 0.00862151 0.999963 0.225276
0.999999 0.00108315 0.000200412 -0.00203559 -0.00108137 0.999962 -0.00866581 0.000631701 -0.000209791 0.00866558 0.999962 0.228513
0.999999 0.00103771 0.000322955 -0.0018956 -0.00103496 0.999964 -0.00839192 0.000750979 -0.000331652 0.00839158 0.999965 0.229382
0.999999 0.000940167 0.000385663 -0.00161911 -0.000936899 0.999964 -0.00838626 0.000559763 -0.000393533 0.0083859 0.999965 0.231673
0.999999 0.000990594 0.000369838 -0.00187618 -0.000987411 0.999963 -0.0085103 0.000680199 -0.000378255 0.00850993 0.999964 0.234549
0.999999 0.0016081 0.000633151 -0.00165472 -0.00160279 0.999964 -0.00830709 0.000959612 -0.000646487 0.00830606 0.999965 0.238848
