1 -0 0 -0 -0 1 -0 0 0 -0 1 0
1 4.54931e-06 1.13388e-05 -1.19105e-06 -4.54929e-06 1 -1.73616e-06 4.72743e-07 -1.13388e-05 1.73611e-06 1 -4.95789e-06
1 4.5505e-06 1.13401e-05 -1.19087e-06 -4.55048e-06 1 -1.73659e-06 4.72765e-07 -1.13401e-05 1.73654e-06 1 -4.95851e-06
1 4.55168e-06 1.13413e-05 -1.19069e-06 -4.55166e-06 1 -1.73701e-06 4.72788e-07 -1.13413e-05 1.73696e-06 1 -4.95913e-06
1 4.55286e-06 1.13425e-05 -1.19052e-06 -4.55284e-06 1 -1.73744e-06 4.7281e-07 -1.13426e-05 1.73739e-06 1 -4.95975e-06
1 4.55404e-06 1.13438e-05 -1.19034e-06 -4.55403e-06 1 -1.73787e-06 4.72832e-07 -1.13438e-05 1.73782e-06 1 -4.96037e-06
1 4.55523e-06 1.1345e-05 -1.19016e-06 -4.55521e-06 1 -1.7383e-06 4.72855e-07 -1.1345e-05 1.73825e-06 1 -4.96099e-06
1 4.55641e-06 1.13463e-05 -1.18998e-06 -4.55639e-06 1 -1.73872e-06 4.72877e-07 -1.13463e-05 1.73867e-06 1 -4.96161e-06
1 4.55759e-06 1.13475e-05 -1.1898e-06 -4.55757e-06 1 -1.73915e-06 4.729e-07 -1.13475e-05 1.7391e-06 1 -4.96223e-06
1 4.55878e-06 1.13488e-05 -1.18962e-06 -4.55876e-06 1 -1.73958e-06 4.72922e-07 -1.13488e-05 1.73953e-06 1 -4.96285e-06
1 4.55996e-06 1.135e-05 -1.18944e-06 -4.55994e-06 1 -1.74001e-06 4.72944e-07 -1.135e-05 1.73996e-06 1 -4.96347e-06
1 4.56114e-06 1.13512e-05 -1.18927e-06 -4.56112e-06 1 -1.74043e-06 4.72967e-07 -1.13512e-05 1.74038e-06 1 -4.96409e-06
1 4.56232e-06 1.13525e-05 -1.18909e-06 -4.5623e-06 1 -1.74086e-06 4.72989e-07 -1.13525e-05 1.74081e-06 1 -4.96471e-06
1 4.56351e-06 1.13537e-05 -1.18891e-06 -4.56349e-06 1 -1.74129e-06 4.73012e-07 -1.13537e-05 1.74124e-06 1 -4.96533e-06
1 4.56469e-06 1.1355e-05 -1.18873e-06 -4.56467e-06 1 -1.74172e-06 4.73034e-07 -1.1355e-05 1.74167e-06 1 -4.96595e-06
1 4.56587e-06 1.13562e-05 -1.18855e-06 -4.56585e-06 1 -1.74214e-06 4.73056e-07 -1.13562e-05 1.74209e-06 1 -4.96657e-06
1 4.56705e-06 1.13575e-05 -1.18837e-06 -4.56703e-06 1 -1.74257e-06 4.73079e-07 -1.13575e-05 1.74252e-06 1 -4.96719e-06
1 4.56824e-06 1.13587e-05 -1.18819e-06 -4.56822e-06 1 -1.743e-06 4.73101e-07 -1.13587e-05 1.74295e-06 1 -4.96781e-06
1 4.56942e-06 1.13599e-05 -1.18802e-06 -4.5694e-06 1 -1.74343e-06 4.73124e-07 -1.13599e-05 1.74338e-06 1 -4.96843e-06
1 4.5706e-06 1.13612e-05 -1.18784e-06 -4.57058e-06 1 -1.74385e-06 4.73146e-07 -1.13612e-05 1.7438e-06 1 -4.96905e-06
1 4.57178e-06 1.13624e-05 -1.18766e-06 -4.57176e-06 1 -1.74428e-06 4.73169e-07 -1.13624e-05 1.74423e-06 1 -4.96967e-06
1 0.000462822 -2.44858e-05 0.00103065 -0.000462817 1 0.000192663 0.000694273 2.4575e-05 -0.000192652 1 0.000907268
1 0.000219922 -8.27181e-05 0.000347939 -0.000219941 1 -0.000225819 0.000672125 8.26685e-05 0.000225837 1 0.00539276
1 0.000531863 8.12504e-05 0.00119939 -0.000531879 1 0.000191967 0.000981323 -8.11482e-05 -0.00019201 1 0.0153245
1 0.000469652 3.70442e-05 0.000942442 -0.000469663 1 0.000311404 0.000897479 -3.6898e-05 -0.000311421 1 0.0310999
1 0.000867923 -0.000409622 0.000226834 -0.000867925 1 -3.27772e-06 0.000696043 0.000409619 3.63324e-06 1 0.0477638
0.999997 0.000268413 -0.00225525 0.00441096 -0.000267277 1 0.000503792 0.00044832 0.00225538 -0.000503188 0.999997 0.0690775
0.999998 0.00037212 -0.00187622 0.00464685 -0.000371077 1 0.000556205 0.000305516 0.00187643 -0.000555508 0.999998 0.0872218
0.999999 0.000168878 -0.00170952 0.00476135 -0.000168133 1 0.000435908 9.86564e-05 0.0017096 -0.00043562 0.999998 0.103115
0.999998 9.66297e-05 -0.00198298 0.00472837 -9.55386e-05 1 0.000550327 0.000807775 0.00198304 -0.000550137 0.999998 0.117466
0.999998 0.000248029 -0.00200627 0.0041978 -0.000246897 1 0.000564779 0.00104041 0.00200641 -0.000564282 0.999998 0.139953
0.999998 -0.00180655 -0.00088914 -0.000431289 0.00180642 0.999998 -0.000149708 -0.00181912 0.000889409 0.000148102 1 0.161011
0.999998 -0.00177518 -0.000696118 -0.000469627 0.00177528 0.999998 0.000143779 -0.00106632 0.000695862 -0.000145014 1 0.184062
0.999998 -0.00195446 -0.000456837 -0.00361852 0.00195459 0.999998 0.000281496 -0.00164029 0.000456286 -0.000282388 1 0.211724
1 -0.000790863 -0.000285579 -0.00400813 0.000790914 1 0.000178632 -0.0022828 0.000285438 -0.000178858 1 0.232991
0.999998 -0.00178674 -0.000357368 -0.00340213 0.00178677 0.999998 7.75758e-05 -0.00194424 0.000357229 -7.82142e-05 1 0.265173
0.999999 -0.000795255 -0.000929281 -0.00138723 0.000795386 1 0.00014026 -0.0009901 0.000929169 -0.000140999 1 0.286105
0.999999 -0.000373909 -0.00107138 -0.00179825 0.000374343 1 0.000404916 -0.000350758 0.00107123 -0.000405317 0.999999 0.314479
0.999999 -0.000979489 -0.00106066 -0.00205692 0.000979636 1 0.000137758 -0.000309926 0.00106053 -0.000138797 0.999999 0.335488
0.999999 -0.00112396 -0.000646042 -0.00202171 0.00112385 0.999999 -0.000175125 -0.000972443 0.000646238 0.000174398 1 0.356154
0.999999 -0.000568971 -0.00106187 -0.00290806 0.000569518 1 0.000515425 -0.00103201 0.00106157 -0.000516029 0.999999 0.377783
0.999999 -0.00141862 -0.000731045 -0.000547474 0.00141903 0.999999 0.000564038 -0.00226551 0.000730244 -0.000565075 1 0.401046
0.999998 -0.00146989 -0.000981152 -0.000568667 0.00147006 0.999999 0.000165048 -0.00205492 0.000980908 -0.00016649 1 0.42646
0.999999 -0.00144932 -0.000896989 -0.00171773 0.00144934 0.999999 3.00647e-05 -0.00239042 0.000896945 -3.13647e-05 1 0.451396
0.999998 -0.00166835 -0.000930499 -0.000453622 0.00166841 0.999999 6.17336e-05 -0.00240547 0.000930395 -6.3286e-05 1 0.481953
0.999998 -0.0017597 -0.000985076 -0.00136569 0.00176003 0.999998 0.000337128 -0.00211877 0.000984481 -0.000338861 0.999999 0.511678
0.999999 -0.00129686 -0.000732238 -0.00257145 0.00129757 0.999999 0.000976116 -0.00246216 0.000730971 -0.000977065 0.999999 0.539419
0.999999 -0.00126421 -0.000700427 -0.00240846 0.00126491 0.999999 0.00100077 -0.00158682 0.000699161 -0.00100165 0.999999 0.565532
0.999999 -0.00125704 -0.00100033 -0.00298857 0.00125747 0.999999 0.000430697 -0.00321489 0.000999785 -0.000431954 0.999999 0.593644
0.999998 -0.00137993 -0.00121183 -0.00241658 0.00138065 0.999999 0.000600571 -0.00286414 0.001211 -0.000602243 0.999999 0.62244
0.999998 -0.00135273 -0.00149042 -0.00244606 0.00135395 0.999999 0.000817329 -0.00345813 0.00148931 -0.000819345 0.999999 0.652939
0.999998 -0.00157457 -0.00110487 -0.00265434 0.00157613 0.999998 0.00141427 -0.00205567 0.00110264 -0.00141601 0.999998 0.684011
0.999998 -0.00137935 -0.0015661 -0.00277081 0.0013816 0.999998 0.00143734 -0.0019947 0.00156412 -0.0014395 0.999998 0.709305
0.999998 -0.00142905 -0.00122802 -0.00308852 0.00143013 0.999999 0.000881669 -0.00204029 0.00122676 -0.000883423 0.999999 0.728508
0.999998 -0.00156962 -0.00134468 -0.002845 0.00157189 0.999997 0.00169168 -0.00222117 0.00134202 -0.00169379 0.999998 0.744653
0.999998 -0.00175711 -0.00123174 -0.00301557 0.0017587 0.999998 0.00129218 -0.00225553 0.00122947 -0.00129435 0.999998 0.756829
0.999999 -0.00110774 -0.00113839 -0.00251503 0.0011097 0.999998 0.00172392 -0.00247932 0.00113648 -0.00172518 0.999998 0.762093
0.999998 -0.00142132 -0.00101459 -0.00285483 0.00142283 0.999998 0.00149056 -0.00262304 0.00101247 -0.001492 0.999998 0.768543
0.999999 -0.000934276 -0.00128258 -0.00215816 0.000936083 0.999999 0.00140863 -0.00283601 0.00128127 -0.00140983 0.999998 0.775502
0.999999 -0.000975655 -0.000969101 -0.00249601 0.000976885 0.999999 0.00126947 -0.00304527 0.000967862 -0.00127042 0.999999 0.779826
0.999999 -0.000787953 -0.00111281 -0.00248559 0.000789892 0.999998 0.00174294 -0.00294763 0.00111143 -0.00174382 0.999998 0.783063
0.999999 -0.000687093 -0.00120172 -0.00211249 0.000689221 0.999998 0.00177146 -0.00186619 0.0012005 -0.00177229 0.999998 0.7852
0.999999 -0.000301605 -0.00143001 -0.00197335 0.000303999 0.999999 0.00167444 -0.00199062 0.00142951 -0.00167487 0.999998 0.787128
0.999999 -0.000282239 -0.00120327 -0.00181794 0.000284366 0.999998 0.00176817 -0.00177694 0.00120277 -0.00176851 0.999998 0.789053
0.999999 -0.000340587 -0.00114791 -0.00200474 0.000342694 0.999998 0.00183565 -0.00162605 0.00114728 -0.00183605 0.999998 0.790698
0.999999 -0.000514594 -0.00115059 -0.00232268 0.000516361 0.999999 0.00153605 -0.00185935 0.0011498 -0.00153664 0.999998 0.791579
0.999999 -0.000661619 -0.000853787 -0.00222415 0.000663285 0.999998 0.00195214 -0.00203125 0.000852493 -0.00195271 0.999998 0.791918
0.999999 -0.000883676 -0.000622543 -0.00246127 0.000885043 0.999997 0.00219923 -0.00215201 0.000620598 -0.00219978 0.999997 0.792505
0.999999 -0.000590206 -0.00161792 -0.0017294 0.000593452 0.999998 0.00200633 -0.00268395 0.00161673 -0.00200728 0.999997 0.792536
0.999998 -0.000702171 -0.0016333 -0.00146972 0.000705796 0.999997 0.00221957 -0.00263927 0.00163174 -0.00222072 0.999996 0.792748
0.999999 -0.00020833 -0.00161183 -0.0015387 0.000211562 0.999998 0.00200549 -0.00251387 0.0016114 -0.00200583 0.999997 0.793188
0.999999 -0.000408264 -0.00156053 -0.00142342 0.000411519 0.999998 0.00208652 -0.00245067 0.00155967 -0.00208716 0.999997 0.793496
0.999999 -0.000254471 -0.00147755 -0.00128462 0.000257244 0.999998 0.00187654 -0.00245083 0.00147707 -0.00187692 0.999997 0.793691
0.999999 -0.000423005 -0.00149451 -0.00132497 0.000425719 0.999998 0.0018162 -0.0022785 0.00149373 -0.00181684 0.999997 0.793598
0.999999 -0.000355331 -0.0015174 -0.00122013 0.000358103 0.999998 0.00182708 -0.00224383 0.00151675 -0.00182762 0.999997 0.793586
0.999999 -0.00034871 -0.00152608 -0.00124203 0.000351263 0.999999 0.00167292 -0.00219762 0.00152549 -0.00167346 0.999997 0.793767
0.999999 -0.000339494 -0.00153179 -0.00126389 0.000342274 0.999998 0.00181489 -0.00223285 0.00153117 -0.00181541 0.999997 0.79375
0.999999 -0.000474923 -0.00150328 -0.00139641 0.000477627 0.999998 0.00179896 -0.00235857 0.00150242 -0.00179968 0.999997 0.793833
0.999999 -0.000445376 -0.00152223 -0.00133212 0.000448064 0.999998 0.00176609 -0.00224824 0.00152144 -0.00176677 0.999997 0.793948
0.999999 -0.000642984 -0.00153752 -0.00144153 0.000645658 0.999998 0.00173987 -0.00248659 0.0015364 -0.00174086 0.999997 0.794029
0.999999 -0.000593385 -0.00151102 -0.00149535 0.00059596 0.999998 0.00170432 -0.00238014 0.00151 -0.00170521 0.999997 0.794049
0.999999 -0.000676997 -0.00156974 -0.001507 0.000679776 0.999998 0.00177028 -0.00239952 0.00156854 -0.00177134 0.999997 0.794052
0.999999 -0.000722251 -0.0014468 -0.00149729 0.000724789 0.999998 0.0017545 -0.00242865 0.00144553 -0.00175555 0.999997 0.794057
0.999998 -0.000977317 -0.00144908 -0.00168242 0.000980005 0.999998 0.00185558 -0.00235116 0.00144726 -0.001857 0.999997 0.793857
0.999999 -0.000853641 -0.00149878 -0.00150862 0.000856322 0.999998 0.0017888 -0.00236818 0.00149725 -0.00179008 0.999997 0.793906
0.999999 -0.000809834 -0.00144808 -0.00169112 0.000812381 0.999998 0.00175868 -0.00234168 0.00144666 -0.00175986 0.999997 0.79392
0.999998 -0.000948607 -0.00150772 -0.00152874 0.000951393 0.999998 0.00184845 -0.00246728 0.00150596 -0.00184988 0.999997 0.794024
0.999998 -0.000939793 -0.00150522 -0.00151866 0.0009425 0.999998 0.00179829 -0.00243832 0.00150353 -0.00179971 0.999997 0.793866
0.999999 -0.000892246 -0.00147194 -0.00144846 0.000895014 0.999998 0.00188056 -0.00246811 0.00147026 -0.00188187 0.999997 0.793872
0.999999 -0.000786288 -0.00149049 -0.00150099 0.000788957 0.999998 0.00179116 -0.00230003 0.00148908 -0.00179233 0.999997 0.793863
0.999998 -0.000905347 -0.00149835 -0.00142048 0.000908136 0.999998 0.0018614 -0.00237221 0.00149667 -0.00186276 0.999997 0.793888
0.999998 -0.000868439 -0.00151107 -0.00142167 0.000871347 0.999998 0.00192517 -0.00241407 0.00150939 -0.00192648 0.999997 0.793878
0.999999 -0.000838831 -0.00147002 -0.00153264 0.000841636 0.999998 0.00190809 -0.00242041 0.00146841 -0.00190932 0.999997 0.793831
0.999998 -0.000921719 -0.00152277 -0.00152831 0.000924706 0.999998 0.00196179 -0.00245857 0.00152095 -0.0019632 0.999997 0.793841
0.999998 -0.000880099 -0.00153596 -0.00131619 0.000883172 0.999998 0.00200134 -0.00248823 0.00153419 -0.00200269 0.999997 0.793778
0.999999 -0.000851151 -0.00148976 -0.00152054 0.000853988 0.999998 0.00190492 -0.00242419 0.00148813 -0.00190618 0.999997 0.793764
0.999998 -0.000742484 -0.00157877 -0.0014366 0.000745632 0.999998 0.00199437 -0.00236952 0.00157728 -0.00199554 0.999997 0.793731
0.999998 -0.000780457 -0.00160727 -0.00145165 0.000783548 0.999998 0.00192313 -0.00231749 0.00160577 -0.00192439 0.999997 0.79372
0.999998 -0.000927013 -0.00157181 -0.00155312 0.000930009 0.999998 0.00190603 -0.0023977 0.00157004 -0.00190749 0.999997 0.793817
0.999998 -0.00089173 -0.00155922 -0.00154971 0.000894757 0.999998 0.00194191 -0.00237623 0.00155748 -0.0019433 0.999997 0.793824
0.999998 -0.000891473 -0.00153355 -0.00148154 0.000894443 0.999998 0.00193727 -0.00242567 0.00153182 -0.00193864 0.999997 0.793821
0.999998 -0.000801921 -0.00157439 -0.00139752 0.000804975 0.999998 0.0019398 -0.00238979 0.00157283 -0.00194107 0.999997 0.793752
0.999998 -0.000801977 -0.00157449 -0.00139739 0.00080503 0.999998 0.00193987 -0.00238989 0.00157293 -0.00194114 0.999997 0.793752
0.999999 -0.000709964 -0.00156833 -0.00140995 0.0007131 0.999998 0.00199967 -0.00240842 0.0015669 -0.00200079 0.999997 0.79371
0.999999 -0.000707845 -0.00156937 -0.00140826 0.000710981 0.999998 0.00199803 -0.00240622 0.00156795 -0.00199914 0.999997 0.79371
0.999999 -0.000609442 -0.00156587 -0.00146084 0.000612582 0.999998 0.0020054 -0.00237228 0.00156465 -0.00200636 0.999997 0.793696
0.999999 -0.000653883 -0.00156436 -0.00145929 0.000657069 0.999998 0.00203705 -0.0024198 0.00156303 -0.00203808 0.999997 0.793693
0.999999 -0.000653883 -0.00156436 -0.00145929 0.000657069 0.999998 0.00203705 -0.0024198 0.00156303 -0.00203808 0.999997 0.793693
0.999999 -0.000653883 -0.00156436 -0.00145929 0.000657069 0.999998 0.00203705 -0.0024198 0.00156303 -0.00203808 0.999997 0.793693
0.999999 -0.000730551 -0.00153999 -0.0014645 0.000733683 0.999998 0.00203402 -0.00244744 0.0015385 -0.00203515 0.999997 0.793714
0.999999 -0.000730551 -0.00153999 -0.0014645 0.000733683 0.999998 0.00203402 -0.00244744 0.0015385 -0.00203515 0.999997 0.793714
0.999999 -0.000730551 -0.00153999 -0.0014645 0.000733683 0.999998 0.00203402 -0.00244744 0.0015385 -0.00203515 0.999997 0.793714
0.999999 -0.000730551 -0.00153999 -0.0014645 0.000733683 0.999998 0.00203402 -0.00244744 0.0015385 -0.00203515 0.999997 0.793714
0.999999 -0.000730551 -0.00153999 -0.0014645 0.000733683 0.999998 0.00203402 -0.00244744 0.0015385 -0.00203515 0.999997 0.793714
0.999999 -0.000651395 -0.000920335 -0.0020524 0.000653194 0.999998 0.00195553 -0.00214162 0.00091906 -0.00195613 0.999998 0.797695
1 -0.000476509 -0.000630318 -0.00202942 0.000477746 0.999998 0.00196284 -0.00163546 0.000629381 -0.00196314 0.999998 0.806825
1 -0.000362969 -0.00082156 -0.00213754 0.000364482 0.999998 0.00184306 -0.0017557 0.00082089 -0.00184336 0.999998 0.819686
0.999999 -0.00113266 -0.00085142 -0.00280032 0.00113449 0.999997 0.00214728 -0.00262145 0.000848986 -0.00214824 0.999997 0.834506
0.999999 -0.00139253 -0.000898234 -0.0027227 0.00139371 0.999998 0.0013138 -0.00250058 0.000896403 -0.00131505 0.999999 0.853824
0.999999 -0.000541912 -0.00129722 -0.00244715 0.00054357 0.999999 0.00127782 -0.00194962 0.00129653 -0.00127852 0.999998 0.881865
0.999999 -0.000277934 -0.00139141 -0.00285987 0.000279591 0.999999 0.00119056 -0.00178543 0.00139107 -0.00119095 0.999998 0.897625
0.999999 -0.000630201 -0.00142128 -0.00296784 0.000631743 0.999999 0.00108519 -0.00249627 0.0014206 -0.00108609 0.999998 0.917568
0.999998 -0.00115082 -0.00173684 -0.00319205 0.00115272 0.999999 0.00109177 -0.00250674 0.00173558 -0.00109377 0.999998 0.937362
0.999996 -0.00061491 -0.00276051 -0.00145849 0.000618608 0.999999 0.00133913 -0.00273895 0.00275968 -0.00134084 0.999995 0.957529
0.999999 -0.00125305 -0.000888509 -0.00381321 0.00125429 0.999998 0.00140054 -0.00139141 0.000886752 -0.00140165 0.999999 0.997761
0.999998 -0.00150916 -0.00104265 -0.00484625 0.00151024 0.999998 0.00103939 -0.00148387 0.00104108 -0.00104096 0.999999 1.02573
0.999998 -0.00173578 -0.00120484 -0.00444373 0.00173766 0.999997 0.00156279 -0.000963042 0.00120212 -0.00156488 0.999998 1.05848
0.999999 -0.00128247 -0.000946719 -0.00449227 0.00128359 0.999998 0.00118192 -0.00123581 0.000945202 -0.00118313 0.999999 1.08419
0.999997 -0.00181289 -0.00146475 -0.00416047 0.00181386 0.999998 0.000661451 -0.00166557 0.00146354 -0.000664106 0.999999 1.1156
0.999997 -0.00185616 -0.00145223 -0.00480738 0.00185771 0.999998 0.00106579 -0.000973747 0.00145025 -0.00106848 0.999998 1.1496
0.999998 -0.00156492 -0.00112574 -0.00444988 0.00156636 0.999998 0.00127497 -0.00115289 0.00112374 -0.00127673 0.999999 1.17999
0.999996 -0.00228882 -0.00162843 -0.00486283 0.00229101 0.999996 0.00134097 -0.00109548 0.00162536 -0.0013447 0.999998 1.20715
0.999997 -0.00187327 -0.00169363 -0.00556886 0.00187507 0.999998 0.00106455 -0.00123759 0.00169163 -0.00106772 0.999998 1.23856
0.999998 -0.00119206 -0.00166081 -0.00591158 0.00119427 0.999998 0.00132496 -0.000570239 0.00165923 -0.00132694 0.999998 1.2736
0.999997 -0.00170877 -0.00201276 -0.00646949 0.00171204 0.999997 0.00162592 0.000480569 0.00200997 -0.00162936 0.999997 1.30319
0.999996 -0.00172609 -0.00203528 -0.00553949 0.00172919 0.999997 0.00152268 -7.74838e-05 0.00203264 -0.00152619 0.999997 1.3339
0.999996 -0.00215566 -0.00202163 -0.00596408 0.00215745 0.999997 0.000886711 0.000264733 0.00201971 -0.000891069 0.999998 1.36661
0.999996 -0.00189471 -0.00187077 -0.00692132 0.00189749 0.999997 0.00148551 0.000298 0.00186795 -0.00148905 0.999997 1.39084
0.999998 -0.00148927 -0.00135279 -0.00478762 0.00149094 0.999998 0.00123925 0.000593642 0.00135094 -0.00124126 0.999998 1.42609
0.999997 -0.00105926 -0.00211954 -0.00485085 0.00106258 0.999998 0.0015672 -0.000268742 0.00211788 -0.00156945 0.999997 1.45535
0.999997 -0.000611376 -0.00239146 -0.00523346 0.000616273 0.999998 0.0020473 7.99606e-05 0.0023902 -0.00204876 0.999995 1.48338
0.999998 -0.000952707 -0.00200981 -0.00523288 0.000956599 0.999998 0.00193654 -0.000294315 0.00200796 -0.00193846 0.999996 1.51731
0.999996 -0.000926088 -0.00247909 -0.00709969 0.000930976 0.999998 0.00197135 0.000747265 0.00247725 -0.00197365 0.999995 1.54739
0.999998 -0.000971377 -0.00146923 -0.00480224 0.000973587 0.999998 0.00150432 0.000474919 0.00146777 -0.00150575 0.999998 1.58414
0.999998 -0.000193885 -0.00187462 -0.00572035 0.000196368 0.999999 0.00132455 0.00128306 0.00187436 -0.00132491 0.999997 1.61395
0.999998 -0.000191607 -0.00176807 -0.00592384 0.000194327 0.999999 0.00153795 0.00176888 0.00176777 -0.00153829 0.999997 1.64144
0.999997 -0.00044448 -0.00224655 -0.00563455 0.000448242 0.999998 0.00167437 0.00142006 0.0022458 -0.00167537 0.999996 1.66931
0.999996 -0.000100818 -0.00265585 -0.00509848 0.00010404 0.999999 0.00121304 0.000933447 0.00265572 -0.00121331 0.999996 1.7021
0.999995 0.000111248 -0.00308185 -0.00517395 -0.000105615 0.999998 0.0018278 0.00133784 0.00308205 -0.00182747 0.999994 1.72411
0.999999 -0.00113527 -0.0012948 -0.00892206 0.00113626 0.999999 0.00076502 0.000187144 0.00129393 -0.00076649 0.999999 1.76278
1 -0.000205425 -0.000962185 -0.0084753 0.000206585 0.999999 0.0012048 -0.000270702 0.000961937 -0.00120499 0.999999 1.79103
0.999999 -0.000740461 -0.000986834 -0.00945393 0.000741444 0.999999 0.000995825 -0.000275563 0.000986096 -0.000996556 0.999999 1.82315
0.999998 -0.00125385 -0.00154118 -0.00864603 0.00125573 0.999998 0.00121956 -0.000374491 0.00153965 -0.00122149 0.999998 1.85012
0.999999 -0.00107154 -0.00133854 -0.0100359 0.00107194 0.999999 0.000296181 -0.00115604 0.00133822 -0.000297616 0.999999 1.88735
0.999997 0.000102427 -0.00224789 -0.00898816 -0.000101109 1 0.00058618 1.15084e-05 0.00224795 -0.000585952 0.999997 1.91661
0.999997 0.000175127 -0.0022645 -0.00917731 -0.000173652 1 0.000651704 -0.000382258 0.00226461 -0.000651309 0.999997 1.94451
0.999997 0.000412397 -0.00248309 -0.00880752 -0.000410538 1 0.000749144 8.43851e-05 0.00248339 -0.000748122 0.999997 1.97564
0.999998 0.000215982 -0.00222327 -0.00984308 -0.000214432 1 0.000697287 -0.000550644 0.00222342 -0.000696808 0.999997 2.00514
0.999998 -0.000287294 -0.00190873 -0.00920861 0.000288061 1 0.000401915 -0.000307913 0.00190861 -0.000402464 0.999998 2.03228
0.999997 -0.00111361 -0.0020583 -0.00817522 0.00111553 0.999999 0.000927717 0.000820091 0.00205726 -0.00093001 0.999997 2.07228
0.999997 -0.000744679 -0.00236677 -0.00820002 0.000746507 0.999999 0.000771675 0.000865387 0.00236619 -0.000773439 0.999997 2.10446
0.999997 -0.000713874 -0.00249643 -0.0083816 0.000715505 1 0.000652363 0.00150544 0.00249596 -0.000654147 0.999997 2.13222
0.999997 -0.00144099 -0.00203244 -0.00852661 0.00144136 0.999999 0.000179795 0.001017 0.00203218 -0.000182724 0.999998 2.16513
0.999996 -0.00139486 -0.00227853 -0.00929025 0.00139565 0.999999 0.000343373 1.93356e-05 0.00227804 -0.000346551 0.999997 2.19771
0.999998 -0.000980307 -0.0018652 -0.00982385 0.00098201 0.999999 0.000912372 -0.000109869 0.00186431 -0.000914201 0.999998 2.22523
0.999997 -0.00157319 -0.00196273 -0.0107798 0.00157576 0.999998 0.00130898 0.000401827 0.00196067 -0.00131206 0.999997 2.26119
0.999998 -0.000409139 -0.0017647 -0.00877115 0.000411266 0.999999 0.00120477 -6.88228e-05 0.0017642 -0.0012055 0.999998 2.28952
0.999999 0.000432519 -0.00164816 -0.00896213 -0.000430886 0.999999 0.000991305 0.000164608 0.00164859 -0.000990594 0.999998 2.32297
0.999999 -0.000132656 -0.00166878 -0.00976616 0.000133503 1 0.000507548 -0.00205839 0.00166872 -0.00050777 0.999998 2.35626
0.999997 -0.00124966 -0.00205953 -0.0109111 0.00125115 0.999999 0.000720066 0.000301321 0.00205863 -0.00072264 0.999998 2.38711
0.999998 -0.000938836 -0.00198232 -0.0109176 0.000940952 0.999999 0.00106695 0.000989557 0.00198132 -0.00106881 0.999997 2.41505
0.999998 -0.00107257 -0.00193386 -0.0104924 0.00107411 0.999999 0.000797472 0.00100953 0.001933 -0.000799548 0.999998 2.44336
0.999996 -0.0020162 -0.00188057 -0.0116377 0.00201727 0.999998 0.000567343 0.000327316 0.00187942 -0.000571134 0.999998 2.47457
0.999998 -0.00110514 -0.00192377 -0.0100182 0.00110614 0.999999 0.000518541 -1.32574e-05 0.00192319 -0.000520668 0.999998 2.50662
0.999995 0.00299087 -0.00142097 -0.000924901 -0.00299049 0.999995 0.000268272 0.000792395 0.00142176 -0.000264021 0.999999 2.54814
0.999994 0.00288813 -0.001684 -0.000722677 -0.00288771 0.999996 0.000251141 0.000938385 0.00168472 -0.000246277 0.999999 2.57619
0.999994 0.00322372 -0.00139665 -0.00087517 -0.00322293 0.999995 0.000562658 0.00126596 0.00139845 -0.000558154 0.999999 2.61205
0.999996 0.00252699 -0.0014616 -0.000133566 -0.00252592 0.999997 0.00073626 0.00118934 0.00146346 -0.000732565 0.999999 2.63938
0.999993 0.0032811 -0.0015633 0.000439368 -0.00328128 0.999995 -0.000112905 0.000287426 0.00156293 0.000118034 0.999999 2.67638
0.999964 0.00850462 0.000708547 0.0121717 -0.00850406 0.999964 -0.000782368 0.00177792 -0.000715175 0.000776314 0.999999 2.7167
0.999968 0.00799568 0.000674715 0.0117572 -0.00799506 0.999968 -0.000916534 0.00138274 -0.000682021 0.000911111 0.999999 2.74479
0.999951 0.0097416 0.00167925 0.0147375 -0.00974034 0.999952 -0.000755764 0.00264949 -0.00168654 0.000739371 0.999998 2.77497
0.99996 0.00888595 0.000610763 0.011868 -0.00888578 0.99996 -0.000283496 0.00183489 -0.000613258 0.000278057 1 2.80532
0.999964 0.00849951 0.000767503 0.0123521 -0.00849874 0.999963 -0.00100879 0.0023693 -0.000776049 0.00100223 0.999999 2.84037
0.999992 0.00393235 -0.000450106 0.000752643 -0.00393273 0.999992 -0.000846483 0.00128898 0.000446774 0.000848247 1 2.86756
0.999994 0.00353397 -0.000600035 0.000490174 -0.00353413 0.999994 -0.000258813 0.0020564 0.000599116 0.000260932 1 2.89958
0.999993 0.00364197 -0.00065855 0.000719605 -0.0036425 0.999993 -0.000813122 0.0012504 0.000655584 0.000815515 0.999999 2.92724
0.999994 0.00332728 -0.000865825 0.000165852 -0.0033278 0.999994 -0.000593706 0.00161503 0.000863845 0.000596584 0.999999 2.96002
0.999994 0.00338478 -0.0007903 -0.00118207 -0.00338494 0.999994 -0.000196652 0.00108507 0.000789629 0.000199326 1 2.98868
0.999994 0.00341343 -0.000679927 -0.00132164 -0.0034137 0.999994 -0.000394847 0.00174665 0.000678576 0.000397165 1 3.02489
0.999994 0.00349002 -0.000516234 -0.000870883 -0.00349028 0.999994 -0.000489141 0.00150584 0.000514524 0.00049094 1 3.05333
0.999996 0.00282346 -0.000602283 -0.00150703 -0.00282385 0.999996 -0.000647471 0.00136753 0.000600452 0.000649169 1 3.08883
0.999995 0.00304907 -0.000183526 -0.00178894 -0.00304909 0.999995 -0.000113025 0.00122106 0.000183181 0.000113584 1 3.12417
0.999998 0.00157086 -0.000928882 -0.00376993 -0.00157011 0.999998 0.000813832 0.00216991 0.000930159 -0.000812372 0.999999 3.15608
0.999998 0.00167096 -0.00115589 -0.0043422 -0.00166979 0.999998 0.00101515 0.00208578 0.00115758 -0.00101322 0.999999 3.18407
0.999997 0.00199431 -0.00150573 -0.00419701 -0.00199278 0.999997 0.0010212 0.00320282 0.00150777 -0.0010182 0.999998 3.21762
0.999998 0.0016998 -0.00137448 -0.00485852 -0.0016991 0.999998 0.000512503 0.00196903 0.00137535 -0.000510166 0.999999 3.2417
0.999997 0.00137233 -0.00177037 -0.006165 -0.00137101 0.999999 0.000747715 0.00220916 0.0017714 -0.000745286 0.999998 3.27009
0.999989 0.00452215 -0.0014666 -0.00214068 -0.00452478 0.999988 -0.00179607 0.00304233 0.00145846 0.00180268 0.999997 3.29837
0.999992 0.00364258 -0.00133006 -0.00278768 -0.0036452 0.999991 -0.00196958 0.00304557 0.00132287 0.00197441 0.999997 3.32647
0.999985 0.00530558 -0.00118316 -0.00184922 -0.00530752 0.999985 -0.00164044 0.00266125 0.00117444 0.0016467 0.999998 3.3621
0.999993 0.00317888 -0.00200345 -0.000637434 -0.00318233 0.999993 -0.00172183 0.00313492 0.00199796 0.00172819 0.999997 3.39011
0.999992 0.00333743 -0.00219946 -0.0021345 -0.0033399 0.999994 -0.00112183 0.00294085 0.0021957 0.00112917 0.999997 3.42682
0.999996 0.00259321 -0.00127111 -0.00239715 -0.00259321 0.999997 7.58976e-06 0.00305886 0.00127112 -4.29348e-06 0.999999 3.4525
0.999997 0.00240326 -0.000788508 -0.0024436 -0.00240364 0.999997 -0.000483468 0.00339683 0.000787344 0.000485361 1 3.48364
0.999996 0.00277176 -0.000924038 -0.00227239 -0.00277241 0.999996 -0.000702567 0.00345988 0.000922087 0.000705126 0.999999 3.51968
0.999996 0.00249417 -0.00115696 -0.0027432 -0.00249405 0.999997 9.98427e-05 0.00358601 0.0011572 -9.69568e-05 0.999999 3.55181
0.999998 0.00192204 -0.000386238 -0.00237883 -0.00192216 0.999998 -0.000310975 0.00337349 0.000385639 0.000311717 1 3.58526
0.999998 0.00175093 -0.000141188 -0.00739579 -0.00175093 0.999998 -6.73117e-05 0.00214389 0.00014107 6.75588e-05 1 3.61227
0.999997 0.00229572 -0.00019174 -0.00725644 -0.0022957 0.999997 8.41684e-05 0.002164 0.000191933 -8.3728e-05 1 3.64
0.999997 0.00241622 -1.20468e-05 -0.00700219 -0.00241622 0.999997 -1.67634e-05 0.00265872 1.20063e-05 1.67925e-05 1 3.66775
0.999998 0.00192428 2.16788e-05 -0.00649072 -0.00192428 0.999998 -0.000114344 0.00263475 -2.18987e-05 0.000114303 1 3.69563
0.999997 0.00225203 8.92502e-05 -0.00784227 -0.00225202 0.999997 -0.000129076 0.00237607 -8.95406e-05 0.000128875 1 3.72729
0.999996 0.00268704 -0.000853898 -0.00458581 -0.00268726 0.999996 -0.000261004 0.00267178 0.000853193 0.000263298 1 3.75852
0.999995 0.00288283 -0.0014997 -0.00505297 -0.00288345 0.999996 -0.000410253 0.00239977 0.00149851 0.000414575 0.999999 3.79437
0.999994 0.00341932 -0.000866871 -0.00391386 -0.00341969 0.999994 -0.000430735 0.00264695 0.000865393 0.000433697 1 3.82559
0.999995 0.00307941 -0.00068255 -0.00390205 -0.00308002 0.999995 -0.000892823 0.00233484 0.000679797 0.000894921 0.999999 3.85877
0.999996 0.0026281 -0.000875041 -0.00496024 -0.00262837 0.999996 -0.000311078 0.00218549 0.000874221 0.000313376 1 3.89037
0.999996 0.00271954 -0.00118885 -0.00346701 -0.00271953 0.999996 1.28287e-05 0.00237587 0.00118888 -9.59557e-06 0.999999 3.92168
0.999996 0.00234213 -0.00128076 -0.00425177 -0.00234247 0.999997 -0.000266253 0.00259482 0.00128013 0.000269252 0.999999 3.95374
0.999997 0.00236154 -0.000917126 -0.00315311 -0.00236197 0.999997 -0.000468643 0.00225273 0.000916017 0.000470808 0.999999 3.97759
0.999997 0.0021139 -0.000766868 -0.0033015 -0.00211372 0.999998 0.000234774 0.00255685 0.000767362 -0.000233153 1 4.00924
0.999997 0.00207856 -0.000958771 -0.00331231 -0.00207838 0.999998 0.000194957 0.00244438 0.000959174 -0.000192964 1 4.04104
0.999995 0.00294537 -0.00096522 -0.00623272 -0.00294541 0.999996 -3.52638e-05 0.00193568 0.000965111 3.81066e-05 1 4.07384
0.999993 0.00347967 -0.00099894 -0.00550414 -0.00347973 0.999994 -6.62096e-05 0.00244658 0.000998703 6.96852e-05 0.999999 4.10142
0.999995 0.00310038 -0.00100511 -0.00602849 -0.00310026 0.999995 0.000117789 0.0025093 0.00100547 -0.000114672 0.999999 4.13384
0.999996 0.00264371 -0.000717145 -0.00645143 -0.00264357 0.999996 0.000205094 0.00292103 0.000717685 -0.000203197 1 4.16173
0.999997 0.00236892 -0.000421629 -0.00731221 -0.00236883 0.999997 0.00020884 0.00311615 0.000422122 -0.000207841 1 4.19294
0.999995 0.00285287 -0.00111926 -0.00533727 -0.00285331 0.999996 -0.000398046 0.0026409 0.00111812 0.000401238 0.999999 4.23138
0.999993 0.0033001 -0.0014665 -0.00489158 -0.00330043 0.999995 -0.000221677 0.00266797 0.00146576 0.000226516 0.999999 4.25955
0.999998 0.00119456 -0.00146637 -0.00584311 -0.00119504 0.999999 -0.0003316 0.00210991 0.00146597 0.000333352 0.999999 4.29161
0.999994 0.00324572 -0.000956565 -0.00429337 -0.00324564 0.999995 8.79828e-05 0.00276112 0.000956846 -8.48776e-05 1 4.31956
0.999992 0.00386145 -0.00107102 -0.00460638 -0.00386163 0.999993 -0.000171445 0.00322839 0.00107035 0.00017558 0.999999 4.35026
0.999994 0.0031583 -0.00151441 -0.00634324 -0.00315947 0.999995 -0.000766747 0.00289328 0.00151198 0.000771527 0.999999 4.37703
0.999994 0.00335339 -0.00120189 -0.00664005 -0.00335441 0.999994 -0.000852974 0.00320305 0.00119902 0.000857 0.999999 4.40913
0.999994 0.0033534 -0.00121589 -0.00702769 -0.00335385 0.999994 -0.000370478 0.00354482 0.00121464 0.000374554 0.999999 4.43701
0.999989 0.00448462 -0.00116865 -0.00654287 -0.00448571 0.999989 -0.000938571 0.00334704 0.00116443 0.000943803 0.999999 4.46944
0.999993 0.00301506 -0.00239096 -0.0104591 -0.00301651 0.999995 -0.000603075 0.00328638 0.00238913 0.000610283 0.999997 4.49806
0.999995 0.00269939 -0.00166418 -0.0069216 -0.00270095 0.999996 -0.000938047 -0.00178588 0.00166164 0.000942537 0.999998 4.52616
0.999995 0.00263605 -0.00148392 -0.00690398 -0.00263771 0.999996 -0.00111806 -0.00173861 0.00148097 0.00112197 0.999998 4.55389
0.999996 0.00243076 -0.00140176 -0.00658479 -0.00243208 0.999997 -0.000943257 -0.00176894 0.00139946 0.000946663 0.999999 4.58169
0.999995 0.00261331 -0.00159362 -0.00712823 -0.00261439 0.999996 -0.000680404 -0.00204346 0.00159184 0.000684567 0.999998 4.61792
0.999996 0.00238228 -0.00142312 -0.00672006 -0.0023842 0.999996 -0.00134897 -0.0020696 0.0014199 0.00135236 0.999998 4.64595
0.999993 0.00263709 -0.00248305 -0.00652961 -0.00263574 0.999996 0.000547586 0.00142145 0.00248448 -0.000541038 0.999997 4.67987
0.999992 0.00316063 -0.00249674 -0.00591734 -0.00315895 0.999995 0.000678443 0.000956885 0.00249887 -0.000670551 0.999997 4.71516
0.999994 0.00235571 -0.00263502 -0.00738953 -0.00235458 0.999997 0.000431819 0.00111911 0.00263603 -0.000425612 0.999996 4.74358
0.999995 0.00223275 -0.00236334 -0.00742432 -0.0022313 0.999997 0.000615553 -0.0001132 0.00236471 -0.000610276 0.999997 4.7833
0.999995 0.00165618 -0.00270165 -0.00768735 -0.0016538 0.999998 0.000879923 0.00119067 0.0027031 -0.000875451 0.999996 4.81152
0.999994 0.00280229 -0.00226428 -0.0084647 -0.00280347 0.999996 -0.000521904 0.00305851 0.00226281 0.000528249 0.999997 4.84578
0.999994 0.00233341 -0.00240461 -0.00895605 -0.00233443 0.999997 -0.000423327 0.00257427 0.00240361 0.000428938 0.999997 4.87742
0.999997 0.00138141 -0.00188914 -0.00972355 -0.00138224 0.999999 -0.000436214 0.00263057 0.00188853 0.000438824 0.999998 4.90961
0.999996 0.0019398 -0.00200578 -0.00898166 -0.00194086 0.999998 -0.000525405 0.00265944 0.00200476 0.000529296 0.999998 4.93755
0.999993 0.00309271 -0.00224483 -0.00832303 -0.00309407 0.999995 -0.000600592 0.00172462 0.00224296 0.000607533 0.999997 4.96613
0.999997 0.00173019 -0.00148336 -0.0105085 -0.00173131 0.999998 -0.000757317 0.00243212 0.00148205 0.000759883 0.999999 5.00383
0.999998 0.00177215 -0.00130221 -0.0115485 -0.00177323 0.999998 -0.000832521 0.00268177 0.00130074 0.000834828 0.999999 5.03506
0.999996 0.00238472 -0.00133238 -0.0103984 -0.00238564 0.999997 -0.000694672 0.0029058 0.00133072 0.000697848 0.999999 5.06757
0.999995 0.00252488 -0.00163499 -0.00943639 -0.00252584 0.999997 -0.000587457 0.00216957 0.0016335 0.000591584 0.999998 5.09981
0.999995 0.00258536 -0.00175157 -0.00993903 -0.00258661 0.999996 -0.000713325 0.00223597 0.00174972 0.000717852 0.999998 5.13312
0.999989 0.00412327 -0.0020471 -0.0101088 -0.00412234 0.999991 0.000459228 0.00208878 0.00204897 -0.000450785 0.999998 5.16479
0.999985 0.00481367 -0.00245511 -0.0102038 -0.00481244 0.999988 0.000507587 0.00250312 0.00245753 -0.000495765 0.999997 5.1965
0.999988 0.0041675 -0.00239839 -0.00987113 -0.00416695 0.999991 0.000235081 0.00248422 0.00239935 -0.000225084 0.999997 5.22531
0.99999 0.00383205 -0.00250133 -0.0108488 -0.00383118 0.999993 0.000356327 0.00205006 0.00250268 -0.00034674 0.999997 5.25616
0.99999 0.00410679 -0.00181806 -0.0109774 -0.00410566 0.999991 0.000628827 0.00192109 0.00182063 -0.000621356 0.999998 5.28973
0.999991 0.00419776 -0.00110639 -0.0125581 -0.00419766 0.999991 9.57597e-05 0.00267757 0.00110679 -9.11146e-05 0.999999 5.32076
0.999989 0.00453196 -0.00127284 -0.0121828 -0.00453143 0.99999 0.000420429 0.00314207 0.00127473 -0.000414656 0.999999 5.35246
0.999987 0.00497226 -0.00118481 -0.0115433 -0.0049726 0.999988 -0.000285284 0.00334584 0.00118338 0.000291172 0.999999 5.38562
0.999991 0.00412972 -0.001123 -0.0131898 -0.00412989 0.999991 -0.000152292 0.00209256 0.00112236 0.000156929 0.999999 5.41112
0.99999 0.00429545 -0.00142757 -0.0137556 -0.00429579 0.999991 -0.00023581 0.00278007 0.00142654 0.00024194 0.999999 5.44829
0.999981 0.00587247 -0.00160143 -0.0115816 -0.00587357 0.999983 -0.000684634 0.00091932 0.00159738 0.000694028 0.999998 5.48034
0.99998 0.00620907 -0.00120396 -0.0118625 -0.0062097 0.999981 -0.000514417 0.0023618 0.00120074 0.000521883 0.999999 5.51188
0.999976 0.00672121 -0.00150775 -0.0122646 -0.00672169 0.999977 -0.000312964 0.0014686 0.00150561 0.000323091 0.999999 5.54359
0.999978 0.00648582 -0.00134672 -0.0118308 -0.00648631 0.999979 -0.000361859 0.00219105 0.00134434 0.000370586 0.999999 5.57244
0.999983 0.00569753 -0.00119055 -0.0123694 -0.00569863 0.999983 -0.000915499 0.000720487 0.00118531 0.000922268 0.999999 5.59999
0.999991 0.00387049 -0.00189092 -0.0124947 -0.00387002 0.999992 0.000251649 0.00208069 0.00189188 -0.000244329 0.999998 5.63125
0.999987 0.00482166 -0.00171282 -0.0134059 -0.00482213 0.999988 -0.000270895 0.00198894 0.00171149 0.000279151 0.999998 5.66795
0.999986 0.00493689 -0.00181736 -0.0129418 -0.00493666 0.999988 0.000130623 0.00195562 0.00181798 -0.000121649 0.999998 5.69435
0.999987 0.00471118 -0.00210082 -0.0129285 -0.00471171 0.999989 -0.000250753 0.00178137 0.00209962 0.000260648 0.999998 5.73169
0.99999 0.00395339 -0.00223507 -0.0136758 -0.00395339 0.999992 2.30666e-06 0.00130376 0.00223506 6.52947e-06 0.999998 5.76036
0.99998 0.00563621 -0.00289253 -0.00979655 -0.00563937 0.999984 -0.00108411 0.00281036 0.00288637 0.0011004 0.999995 5.79604
0.999981 0.00551211 -0.00266791 -0.00985876 -0.00551449 0.999984 -0.000887751 0.00290032 0.00266298 0.000902446 0.999996 5.83177
0.999982 0.00551473 -0.00244329 -0.0107402 -0.00551813 0.999984 -0.00138759 0.00330051 0.0024356 0.00140105 0.999996 5.86391
0.999978 0.00600085 -0.00297351 -0.00847908 -0.00600399 0.999981 -0.0010479 0.00254105 0.00296717 0.00106573 0.999995 5.89993
0.99998 0.00580774 -0.00268038 -0.0101064 -0.00581062 0.999983 -0.00106994 0.00243269 0.00267412 0.0010855 0.999996 5.93194
0.999975 0.00650186 -0.00269913 -0.0111593 -0.00650523 0.999978 -0.00123946 0.00108854 0.00269101 0.00125699 0.999996 5.96196
0.999979 0.00587986 -0.00265913 -0.0119875 -0.0058833 0.999982 -0.00128837 0.00151374 0.00265151 0.00130398 0.999996 5.9901
0.999978 0.0059882 -0.00285112 -0.0113626 -0.00599151 0.999981 -0.00115297 0.001271 0.00284416 0.00117003 0.999995 6.02213
0.999982 0.00435203 -0.00424373 -0.0123457 -0.00436246 0.999987 -0.00245026 0.00121326 0.00423301 0.00246873 0.999988 6.06016
0.999976 0.00527709 -0.00442909 -0.00888923 -0.00528966 0.999982 -0.00283234 0.000634494 0.00441406 0.0028557 0.999986 6.09098
0.999976 0.00667416 -0.00209363 -0.0128691 -0.00667398 0.999978 9.17851e-05 0.000623698 0.00209419 -7.78101e-05 0.999998 6.11707
0.999971 0.00721425 -0.00244014 -0.0128328 -0.00721399 0.999974 0.000114512 0.00116992 0.00244091 -9.69059e-05 0.999997 6.14924
0.999969 0.00759389 -0.00196901 -0.0121431 -0.00759282 0.999971 0.000552492 0.00188408 0.00197315 -0.000537525 0.999998 6.18003
0.999967 0.00783297 -0.00235633 -0.0139302 -0.00783454 0.999969 -0.00065555 0.000407264 0.00235113 0.000673989 0.999997 6.20865
0.999971 0.0073319 -0.00217679 -0.015135 -0.00733174 0.999973 7.871e-05 0.00183631 0.00217731 -6.2748e-05 0.999998 6.24418
0.999993 0.00296181 -0.00214615 -0.0174062 -0.00296306 0.999995 -0.000578421 0.0028509 0.00214443 0.000584776 0.999998 6.27294
0.999993 0.00295065 -0.0020797 -0.0164035 -0.00295161 0.999996 -0.00045641 0.00287965 0.00207834 0.000462546 0.999998 6.30435
0.999994 0.00279009 -0.00210069 -0.0167998 -0.00279064 0.999996 -0.000258953 0.00370992 0.00209996 0.000264813 0.999998 6.32815
0.999996 0.00135238 -0.00250301 -0.024044 -0.00135579 0.999998 -0.00136222 0.00132916 0.00250117 0.0013656 0.999996 6.37623
0.999995 0.00170268 -0.0025884 -0.0242341 -0.00170601 0.999998 -0.00128553 0.00153339 0.0025862 0.00128994 0.999996 6.40817
0.999999 -0.00104827 -0.00123979 -0.0194942 0.00105061 0.999998 0.00189152 0.00824585 0.00123781 -0.00189282 0.999997 6.42783
0.999998 -0.00149477 -0.00110874 -0.0189249 0.00149689 0.999997 0.00191316 0.00843439 0.00110588 -0.00191481 0.999998 6.4558
0.999999 -0.000636901 -0.00106569 -0.0199836 0.000639416 0.999997 0.00236121 0.00907932 0.00106418 -0.00236189 0.999997 6.4863
0.999998 -0.00128061 -0.00161008 -0.0214029 0.00128323 0.999998 0.00162608 0.00723704 0.001608 -0.00162814 0.999997 6.51949
0.999998 0.000156414 -0.00180969 -0.0181556 -0.000154001 0.999999 0.00133375 0.00965876 0.00180989 -0.00133347 0.999997 6.55813
0.999998 -0.000287835 -0.00193886 -0.0180455 0.000289183 1 0.000695147 0.00936079 0.00193866 -0.000695707 0.999998 6.58564
0.999998 0.000567936 -0.0018059 -0.0173007 -0.000566204 0.999999 0.000959284 0.00992516 0.00180645 -0.00095826 0.999998 6.6167
0.999998 0.00052993 -0.0017196 -0.0180033 -0.000528531 1 0.000814126 0.0105818 0.00172003 -0.000813216 0.999998 6.64593
0.999997 0.000357509 -0.00253694 -0.0193615 -0.000355636 1 0.000738682 0.00889943 0.0025372 -0.000737777 0.999997 6.68421
0.999999 -0.000534448 -0.000966712 -0.0193779 0.00053569 0.999999 0.00128493 0.0113255 0.000966024 -0.00128545 0.999999 6.70481
0.999989 0.00453833 0.0011599 -0.00859054 -0.0045395 0.999989 0.00100792 0.00948358 -0.00115531 -0.00101317 0.999999 6.72682
1 -0.000788176 -0.000378006 -0.0194591 0.000788781 0.999998 0.00160165 0.0104052 0.000376743 -0.00160195 0.999999 6.77377
0.999999 0.000666222 -0.000809041 -0.0190654 -0.000665675 1 0.000676146 0.0109221 0.000809491 -0.000675607 0.999999 6.80603
0.999999 0.000803172 -0.00137971 -0.0182898 -0.000801568 0.999999 0.00116289 0.0118529 0.00138064 -0.00116178 0.999998 6.83651
0.999999 0.000204156 -0.00145064 -0.0189617 -0.000202701 0.999999 0.00100331 0.0115055 0.00145084 -0.00100302 0.999998 6.86624
0.999999 0.000702962 -0.00126855 -0.0197395 -0.000701321 0.999999 0.00129407 0.0116769 0.00126946 -0.00129318 0.999998 6.89751
0.999999 0.000421912 -0.00104292 -0.019096 -0.000420916 0.999999 0.000955393 0.0120481 0.00104332 -0.000954953 0.999999 6.93042
0.999999 0.000384982 -0.000993315 -0.0199442 -0.000383624 0.999999 0.00136688 0.0113144 0.00099384 -0.00136649 0.999999 6.95799
