1 -0 0 -0 -0 1 -0 0 0 -0 1 -0
1 4.54931e-06 1.13388e-05 -1.19105e-06 -4.54929e-06 1 -1.73616e-06 4.72743e-07 -1.13388e-05 1.73611e-06 1 -4.95789e-06
1 4.5505e-06 1.13401e-05 -1.19087e-06 -4.55048e-06 1 -1.73659e-06 4.72765e-07 -1.13401e-05 1.73654e-06 1 -4.95851e-06
1 4.55168e-06 1.13413e-05 -1.19069e-06 -4.55166e-06 1 -1.73701e-06 4.72788e-07 -1.13413e-05 1.73696e-06 1 -4.95913e-06
1 4.55286e-06 1.13425e-05 -1.19052e-06 -4.55284e-06 1 -1.73744e-06 4.7281e-07 -1.13426e-05 1.73739e-06 1 -4.95975e-06
1 4.55404e-06 1.13438e-05 -1.19034e-06 -4.55403e-06 1 -1.73787e-06 4.72832e-07 -1.13438e-05 1.73782e-06 1 -4.96037e-06
1 4.55523e-06 1.1345e-05 -1.19016e-06 -4.55521e-06 1 -1.7383e-06 4.72855e-07 -1.1345e-05 1.73825e-06 1 -4.96099e-06
1 4.55641e-06 1.13463e-05 -1.18998e-06 -4.55639e-06 1 -1.73872e-06 4.72877e-07 -1.13463e-05 1.73867e-06 1 -4.96161e-06
1 4.55759e-06 1.13475e-05 -1.1898e-06 -4.55757e-06 1 -1.73915e-06 4.729e-07 -1.13475e-05 1.7391e-06 1 -4.96223e-06
1 4.55878e-06 1.13488e-05 -1.18962e-06 -4.55876e-06 1 -1.73958e-06 4.72922e-07 -1.13488e-05 1.73953e-06 1 -4.96285e-06
1 4.55996e-06 1.135e-05 -1.18944e-06 -4.55994e-06 1 -1.74001e-06 4.72944e-07 -1.135e-05 1.73996e-06 1 -4.96347e-06
1 4.56114e-06 1.13512e-05 -1.18927e-06 -4.56112e-06 1 -1.74043e-06 4.72967e-07 -1.13512e-05 1.74038e-06 1 -4.96409e-06
1 4.56232e-06 1.13525e-05 -1.18909e-06 -4.5623e-06 1 -1.74086e-06 4.72989e-07 -1.13525e-05 1.74081e-06 1 -4.96471e-06
1 4.56351e-06 1.13537e-05 -1.18891e-06 -4.56349e-06 1 -1.74129e-06 4.73012e-07 -1.13537e-05 1.74124e-06 1 -4.96533e-06
1 4.56469e-06 1.1355e-05 -1.18873e-06 -4.56467e-06 1 -1.74172e-06 4.73034e-07 -1.1355e-05 1.74167e-06 1 -4.96595e-06
1 4.56587e-06 1.13562e-05 -1.18855e-06 -4.56585e-06 1 -1.74214e-06 4.73056e-07 -1.13562e-05 1.74209e-06 1 -4.96657e-06
1 4.56705e-06 1.13575e-05 -1.18837e-06 -4.56703e-06 1 -1.74257e-06 4.73079e-07 -1.13575e-05 1.74252e-06 1 -4.96719e-06
1 4.56824e-06 1.13587e-05 -1.18819e-06 -4.56822e-06 1 -1.743e-06 4.73101e-07 -1.13587e-05 1.74295e-06 1 -4.96781e-06
1 4.56942e-06 1.13599e-05 -1.18801e-06 -4.5694e-06 1 -1.74343e-06 4.73124e-07 -1.13599e-05 1.74338e-06 1 -4.96843e-06
1 4.5706e-06 1.13612e-05 -1.18784e-06 -4.57058e-06 1 -1.74385e-06 4.73146e-07 -1.13612e-05 1.7438e-06 1 -4.96905e-06
1 4.57178e-06 1.13624e-05 -1.18766e-06 -4.57176e-06 1 -1.74428e-06 4.73168e-07 -1.13624e-05 1.74423e-06 1 -4.96967e-06
1 0.000580703 0.000201778 0.000488848 -0.000580912 0.999999 0.00103347 -0.000180622 -0.000201178 -0.00103359 0.999999 0.00069777
1 0.000337898 0.000143496 -0.000192853 -0.000337986 1 0.000614993 -0.000198917 -0.000143288 -0.000615042 1 0.00518343
1 0.000649745 0.000307514 0.000660879 -0.000650062 0.999999 0.00103276 0.00011853 -0.000306843 -0.00103296 0.999999 0.0151147
1 0.000587506 0.000263322 0.000407494 -0.000587809 0.999999 0.0011522 4.79813e-05 -0.000262645 -0.00115236 0.999999 0.0308903
0.999999 0.000985849 -0.00018338 -0.000304367 -0.000985695 0.999999 0.000837573 -0.000139359 0.000184205 -0.000837392 1 0.0475545
1 0.000790205 0.00021515 -0.000750663 -0.000790153 1 -0.000241155 0.000757801 -0.000215341 0.000240985 1 0.0702372
0.999999 0.000893782 0.000594205 -0.000470028 -0.00089367 1 -0.00018894 0.000601336 -0.000594374 0.000188409 1 0.0883807
0.999999 0.000690838 0.000760842 -0.00031638 -0.000690603 1 -0.000309324 0.000382559 -0.000761055 0.000308798 1 0.104274
1 0.000618305 0.00048744 -0.000313537 -0.00061821 1 -0.000194761 0.00108099 -0.000487561 0.00019446 1 0.118625
1 0.00076967 0.000464154 -0.000788443 -0.000769587 1 -0.000180297 0.00129712 -0.000464293 0.00017994 1 0.141114
0.999994 -0.0018432 -0.00289992 0.00309013 0.00184373 0.999998 0.000182411 -0.00280718 0.00289958 -0.000187757 0.999996 0.160097
0.999995 -0.00181124 -0.00270691 0.00300541 0.00181254 0.999998 0.000475904 -0.00204672 0.00270604 -0.000480808 0.999996 0.183147
0.999994 -0.00207318 -0.00284401 0.00274715 0.00207589 0.999997 0.000949957 -0.00241983 0.00284203 -0.000955855 0.999996 0.210194
0.999995 -0.000770298 -0.00300705 0.00221232 0.000772394 0.999999 0.000695906 -0.00323648 0.00300652 -0.000698225 0.999995 0.231434
0.999995 -0.00171546 -0.00262073 0.00251826 0.00171653 0.999998 0.00040621 -0.00237529 0.00262003 -0.000410706 0.999996 0.26439
0.999999 -0.00140388 0.000421031 -0.00437277 0.00140208 0.99999 0.00423918 -0.00671332 -0.000426978 -0.00423859 0.999991 0.283759
1 -0.00083539 0.000331825 -0.00393967 0.00083393 0.99999 0.00437659 -0.00565988 -0.000335478 -0.00437632 0.99999 0.311892
0.999998 -0.0018239 0.000328002 -0.00493482 0.00182241 0.999988 0.00448934 -0.00605445 -0.000336187 -0.00448873 0.99999 0.332559
0.999998 -0.00163651 0.00064738 -0.0044542 0.00163394 0.999991 0.00394281 -0.00646703 -0.000653826 -0.00394175 0.999992 0.353658
0.999999 -0.00103332 0.000264296 -0.00530278 0.00103211 0.999989 0.00452742 -0.00608328 -0.000268971 -0.00452714 0.99999 0.375609
0.999998 -0.00201611 -0.000547281 -0.0019978 0.00201848 0.999988 0.0043672 -0.00735419 0.00053847 -0.0043683 0.99999 0.398745
0.999997 -0.00217747 -0.000870698 -0.00183569 0.00218088 0.99999 0.00393585 -0.00702801 0.000862119 -0.00393774 0.999992 0.424477
0.999998 -0.00196267 -0.000816865 -0.00307262 0.00196583 0.999991 0.00388854 -0.00698741 0.000809226 -0.00389013 0.999992 0.449199
0.999997 -0.00228903 -0.000785708 -0.00192621 0.00229201 0.99999 0.00382093 -0.00723766 0.000776954 -0.00382272 0.999992 0.479596
0.999997 -0.00233085 -0.000840607 -0.00266483 0.00233431 0.999989 0.00413542 -0.00678124 0.000830958 -0.00413737 0.999991 0.509364
0.999996 -0.00249773 -0.00160931 -0.00162303 0.00250622 0.999983 0.00529822 -0.00789557 0.00159605 -0.00530223 0.999985 0.538684
0.999996 -0.00248696 -0.00158128 -0.00154775 0.00249537 0.999983 0.0053428 -0.00690962 0.00156796 -0.00534672 0.999984 0.564776
0.999995 -0.002657 -0.00175369 -0.00227031 0.00266516 0.999986 0.00466596 -0.00829123 0.00174127 -0.00467061 0.999988 0.592775
0.999994 -0.00285242 -0.00204309 -0.00164126 0.00286243 0.999984 0.00491202 -0.00778033 0.00202905 -0.00491784 0.999986 0.621566
0.999993 -0.00286754 -0.0023318 -0.00154511 0.00287956 0.999982 0.00517056 -0.00803125 0.00231694 -0.00517724 0.999984 0.651951
0.999995 -0.00166419 -0.00283116 -0.000821094 0.00167849 0.999986 0.00505517 -0.00752391 0.00282271 -0.00505989 0.999983 0.683009
0.999994 -0.00137144 -0.00329891 -0.000979929 0.00138812 0.999986 0.00505957 -0.00735122 0.00329192 -0.00506411 0.999982 0.70832
0.999995 -0.00145519 -0.00292647 -0.00145081 0.00146867 0.999988 0.00460961 -0.00744255 0.00291973 -0.00461388 0.999985 0.727393
0.999994 -0.00157766 -0.00301482 -0.000873572 0.00159361 0.999985 0.00529733 -0.00725273 0.00300642 -0.00530211 0.999981 0.743415
0.999994 -0.00185677 -0.00306325 -0.00135687 0.00187194 0.999986 0.00495779 -0.00742509 0.003054 -0.00496349 0.999983 0.756015
0.999994 -0.00212304 -0.0027948 -0.00096834 0.00214937 0.999953 0.00945468 -0.0114142 0.0027746 -0.00946063 0.999951 0.762187
0.999994 -0.00238177 -0.00261934 -0.00135113 0.00240603 0.999954 0.00929481 -0.0114375 0.00259708 -0.00930106 0.999953 0.768675
0.999994 -0.00184257 -0.00293626 -0.00077572 0.00186876 0.999958 0.0089397 -0.011364 0.00291966 -0.00894513 0.999956 0.775758
0.999995 -0.0018851 -0.00266046 -0.000847658 0.00190908 0.999957 0.00903839 -0.0115558 0.00264331 -0.00904342 0.999956 0.779893
0.999994 -0.00195776 -0.00288483 -0.00104141 0.00198444 0.999955 0.00927503 -0.0116865 0.00286654 -0.0092807 0.999953 0.7831
0.999992 -0.00267671 -0.0028526 -0.00150647 0.00270277 0.999954 0.00917093 -0.0118648 0.00282792 -0.00917856 0.999954 0.785737
0.999995 -0.00155254 -0.00281328 -0.000624005 0.00157896 0.999954 0.00941271 -0.0115522 0.00279853 -0.0094171 0.999952 0.78776
0.999994 -0.00203951 -0.00273199 -0.000994122 0.00206504 0.999954 0.00937697 -0.0114544 0.00271273 -0.00938256 0.999952 0.789839
0.999994 -0.00222345 -0.00270474 -0.00143466 0.00224802 0.999956 0.00911606 -0.011247 0.00268436 -0.00912208 0.999955 0.791378
0.999994 -0.00204983 -0.00261719 -0.00112715 0.00207376 0.999956 0.00917373 -0.0113322 0.00259827 -0.00917911 0.999954 0.791725
0.999995 -0.00118017 -0.00301369 -0.000901055 0.00120385 0.999968 0.00786545 -0.00920807 0.00300431 -0.00786903 0.999965 0.792848
0.999995 -0.00128568 -0.00281233 -0.000921257 0.00130764 0.999969 0.00782196 -0.00913412 0.00280218 -0.0078256 0.999965 0.793671
0.999995 -0.00126682 -0.00300623 -0.00113461 0.00129038 0.999968 0.00784808 -0.00972745 0.00299619 -0.00785192 0.999965 0.794264
0.999995 -0.00142589 -0.00298976 -0.00110458 0.00145006 0.999966 0.00809755 -0.00958395 0.00297812 -0.00810184 0.999963 0.794732
0.999995 -0.00111271 -0.00298203 -0.00124193 0.00113592 0.999969 0.0077953 -0.00943609 0.00297326 -0.00779865 0.999965 0.795055
0.999995 -0.00107118 -0.00287516 -0.0011149 0.00109444 0.999967 0.00810092 -0.00931789 0.00286639 -0.00810403 0.999963 0.79493
0.999995 -0.000973738 -0.00293044 -0.00120523 0.000996716 0.999969 0.0078497 -0.00937437 0.0029227 -0.00785258 0.999965 0.795649
0.999995 -0.00104131 -0.00296265 -0.00116734 0.00106408 0.99997 0.00769589 -0.00949603 0.00295455 -0.00769901 0.999966 0.79538
0.999995 -0.00104208 -0.00293358 -0.00100363 0.00106484 0.999969 0.00776527 -0.00916382 0.0029254 -0.00776835 0.999966 0.795251
0.999995 -0.000986057 -0.00305225 -0.000751599 0.00100979 0.999969 0.0077839 -0.00923716 0.00304448 -0.00778694 0.999965 0.795273
0.999995 -0.00110913 -0.00298935 -0.000666652 0.00113238 0.999969 0.00778597 -0.00928381 0.00298062 -0.00778932 0.999965 0.795461
0.999995 -0.000831373 -0.00296517 -0.000797061 0.000854309 0.99997 0.00774236 -0.00897282 0.00295865 -0.00774485 0.999966 0.795468
0.999995 -0.000992637 -0.00299462 -0.000871972 0.00101555 0.99997 0.00765859 -0.00905383 0.00298693 -0.00766159 0.999966 0.795909
0.999995 -0.00109755 -0.00300287 -0.00107871 0.00112055 0.99997 0.00766713 -0.00919442 0.00299437 -0.00767046 0.999966 0.79595
0.999995 -0.00102734 -0.0028955 -0.000995117 0.00104985 0.999969 0.00778357 -0.0092657 0.00288742 -0.00778658 0.999966 0.796213
0.999995 -0.00109556 -0.00287655 -0.0011017 0.00111809 0.999969 0.00784147 -0.00917375 0.00286787 -0.00784464 0.999965 0.796299
0.999996 -0.00105144 -0.0027273 -0.00115218 0.0010729 0.999968 0.00788077 -0.00918134 0.00271893 -0.00788366 0.999965 0.796176
0.999995 -0.00132136 -0.00276439 -0.000950319 0.00134348 0.999967 0.0080159 -0.00929916 0.00275371 -0.00801958 0.999964 0.796316
0.999996 -0.0012158 -0.0027033 -0.00112769 0.00123698 0.999968 0.00784465 -0.00933119 0.00269367 -0.00784796 0.999966 0.796295
0.999996 -0.00125669 -0.00264245 -0.00119923 0.0012773 0.999969 0.0078138 -0.00934464 0.00263255 -0.00781714 0.999966 0.796285
0.999995 -0.00131957 -0.00275963 -0.00108234 0.00134125 0.999968 0.00786973 -0.00941645 0.00274916 -0.0078734 0.999965 0.796511
0.999996 -0.00124134 -0.00272896 -0.0011866 0.00126263 0.999969 0.00781399 -0.00936784 0.00271917 -0.0078174 0.999966 0.79625
0.999995 -0.00147122 -0.00274089 -0.00104386 0.00149293 0.999967 0.00793782 -0.00945696 0.00272912 -0.00794187 0.999965 0.79633
0.999995 -0.00134996 -0.00276059 -0.00105306 0.00137156 0.999968 0.00784036 -0.00932101 0.00274992 -0.00784411 0.999965 0.796322
0.999995 -0.00140012 -0.00277144 -0.00104445 0.00142173 0.999968 0.00781108 -0.00933974 0.00276042 -0.00781498 0.999966 0.796295
0.999995 -0.001416 -0.00272783 -0.00107066 0.00143746 0.999968 0.00788208 -0.0093761 0.00271658 -0.00788596 0.999965 0.796383
0.999996 -0.00127402 -0.00268183 -0.00115038 0.00129506 0.999968 0.00785895 -0.00931874 0.00267174 -0.00786239 0.999966 0.796252
0.999995 -0.00146517 -0.00276094 -0.00108413 0.00148697 0.999968 0.0079121 -0.00939348 0.00274926 -0.00791617 0.999965 0.796316
0.999995 -0.00143762 -0.00274671 -0.00102435 0.00145938 0.999967 0.00793831 -0.0094408 0.00273521 -0.00794228 0.999965 0.796378
0.999995 -0.00136538 -0.00278606 -0.00107462 0.00138733 0.999968 0.00788949 -0.00935552 0.0027752 -0.00789332 0.999965 0.796207
0.999995 -0.00123396 -0.00277005 -0.00116695 0.00125573 0.999968 0.0078715 -0.00930299 0.00276025 -0.00787495 0.999965 0.796164
0.999995 -0.00133934 -0.00284826 -0.0010724 0.00136182 0.999968 0.00790339 -0.00932035 0.00283759 -0.00790723 0.999965 0.796206
0.999995 -0.00121092 -0.00286072 -0.00109131 0.00123332 0.999969 0.00783937 -0.00917694 0.00285114 -0.00784286 0.999965 0.79624
0.999995 -0.00128152 -0.00281774 -0.00112549 0.00130371 0.999968 0.00788988 -0.0092536 0.00280754 -0.00789352 0.999965 0.796318
0.999995 -0.00125361 -0.0028324 -0.000986152 0.00127617 0.999967 0.0079797 -0.00916065 0.0028223 -0.00798327 0.999964 0.796013
0.999996 -0.00109717 -0.00274026 -0.00103661 0.00111876 0.999968 0.00788829 -0.00899895 0.00273152 -0.00789132 0.999965 0.795905
0.999996 -0.00109712 -0.00274085 -0.0010353 0.00111871 0.999968 0.00788847 -0.008999 0.00273211 -0.0078915 0.999965 0.795903
0.999996 -0.00100207 -0.00280359 -0.00102316 0.00102412 0.999968 0.0078759 -0.00899042 0.00279561 -0.00787873 0.999965 0.795913
0.999996 -0.00108098 -0.00276047 -0.00109523 0.00110277 0.999968 0.0079041 -0.00903274 0.00275184 -0.00790711 0.999965 0.79602
0.999996 -0.00112687 -0.00271816 -0.00110563 0.00114847 0.999968 0.0079586 -0.00904635 0.0027091 -0.00796169 0.999965 0.796031
0.999995 -0.00126444 -0.00282026 -0.000942206 0.00128717 0.999967 0.00807113 -0.00917073 0.00280996 -0.00807473 0.999963 0.796002
0.999995 -0.00126413 -0.00282262 -0.000943185 0.00128686 0.999967 0.00806682 -0.00917211 0.00281233 -0.00807041 0.999963 0.796002
0.999995 -0.00126413 -0.00282262 -0.000943185 0.00128686 0.999967 0.00806682 -0.00917211 0.00281233 -0.00807041 0.999963 0.796002
0.999995 -0.00127247 -0.0027928 -0.000929033 0.00129484 0.999967 0.00802272 -0.00916436 0.0027825 -0.00802629 0.999964 0.796003
0.999995 -0.00127247 -0.0027928 -0.000929033 0.00129484 0.999967 0.00802272 -0.00916436 0.0027825 -0.00802629 0.999964 0.796003
0.999995 -0.00127247 -0.0027928 -0.000929033 0.00129484 0.999967 0.00802272 -0.00916436 0.0027825 -0.00802629 0.999964 0.796003
0.999995 -0.00127247 -0.0027928 -0.000929033 0.00129484 0.999967 0.00802272 -0.00916436 0.0027825 -0.00802629 0.999964 0.796003
0.999995 -0.00127247 -0.0027928 -0.000929033 0.00129484 0.999967 0.00802272 -0.00916436 0.0027825 -0.00802629 0.999964 0.796003
0.999994 -0.00148964 -0.00304991 -0.000780079 0.00151395 0.999967 0.00798505 -0.00969329 0.00303792 -0.00798962 0.999963 0.7983
0.999994 -0.00172587 -0.00308413 -0.000662347 0.00174682 0.999975 0.00680397 -0.00846702 0.00307231 -0.00680931 0.999972 0.807846
0.999994 -0.00106882 -0.00336088 -0.000305875 0.00109131 0.999977 0.00669854 -0.00796276 0.00335364 -0.00670217 0.999972 0.821021
0.999994 -0.00103017 -0.00342266 -0.000429104 0.00105522 0.999973 0.00732774 -0.0081542 0.00341501 -0.00733131 0.999967 0.835908
0.999992 -0.0020447 -0.00354184 -0.0010075 0.00206864 0.999975 0.00676902 -0.00822173 0.00352791 -0.00677629 0.999971 0.854874
0.999995 -0.000845108 -0.0030644 -0.00109085 0.000866887 0.999974 0.0071127 -0.00776971 0.00305831 -0.00711532 0.99997 0.882428
0.999995 -0.00141469 -0.00280696 -0.000762608 0.00143973 0.999959 0.00893768 -0.00951385 0.0027942 -0.00894167 0.999956 0.897392
0.999997 -0.000795146 -0.00249841 -0.00105838 0.000817438 0.99996 0.00893419 -0.00957509 0.00249121 -0.00893621 0.999957 0.917287
0.999995 -0.00124465 -0.00300779 -0.00154814 0.00127238 0.999957 0.00923473 -0.00935712 0.00299617 -0.00923851 0.999953 0.937352
0.999994 -0.00145068 -0.003055 -0.00187742 0.00147817 0.999958 0.00901282 -0.0092753 0.0030418 -0.00901728 0.999955 0.957992
0.999994 -0.00138082 -0.00302765 -0.00171584 0.00140821 0.999958 0.0090637 -0.00938546 0.00301501 -0.00906791 0.999954 0.998268
0.999988 -0.00125639 -0.00469582 -0.000919178 0.0012993 0.999957 0.00914632 -0.0107521 0.00468413 -0.00915231 0.999947 1.02518
0.999985 -0.0023994 -0.00494969 -0.00141411 0.00244279 0.999958 0.00877967 -0.0109425 0.00492842 -0.00879163 0.999949 1.05743
0.999987 -0.00145892 -0.00485797 -0.00233096 0.0015021 0.999959 0.00889701 -0.00994015 0.00484479 -0.00890419 0.999949 1.08363
0.999988 -0.00112548 -0.00479672 -0.00124407 0.00116511 0.999965 0.00826649 -0.00921639 0.00478725 -0.00827197 0.999954 1.11354
0.999988 -0.00161345 -0.00465649 -0.00263736 0.00165521 0.999958 0.00897959 -0.00979641 0.00464181 -0.00898719 0.999949 1.14823
0.999993 -0.00153019 -0.00351792 -0.00320657 0.00156293 0.999955 0.00932362 -0.00970409 0.00350349 -0.00932905 0.99995 1.17974
0.999993 -0.00152479 -0.00354128 -0.00317609 0.00155734 0.999956 0.00920641 -0.0094065 0.00352708 -0.00921186 0.999951 1.2071
0.999989 -0.002644 -0.00396727 -0.00397301 0.00267667 0.999962 0.00825101 -0.00975834 0.00394531 -0.00826154 0.999958 1.23856
0.999991 -0.00174151 -0.00388027 -0.00519605 0.00177451 0.999962 0.00851662 -0.00965769 0.00386529 -0.00852343 0.999956 1.27497
0.999992 -0.000810448 -0.00393674 -0.0048926 0.000846585 0.999957 0.00918636 -0.00857698 0.00392913 -0.00918962 0.99995 1.3033
0.999998 -0.00110269 -0.00193172 -0.00631383 0.00113169 0.999886 0.0150782 -0.0180473 0.00191487 -0.0150804 0.999884 1.32508
0.999997 -0.00133973 -0.00189246 -0.00637079 0.00136808 0.999886 0.0150588 -0.0167644 0.00187207 -0.0150614 0.999885 1.35728
0.999996 -0.00213573 -0.00174667 -0.00646075 0.00216108 0.99989 0.014644 -0.0171256 0.00171521 -0.0146478 0.999891 1.38211
0.999997 -0.000885625 -0.00229081 -0.00570881 0.000919869 0.999887 0.0149907 -0.0160144 0.00227728 -0.0149928 0.999885 1.41695
0.999998 -0.000444172 -0.00178338 -0.00483381 0.00047085 0.999888 0.0149871 -0.0171409 0.00177652 -0.0149879 0.999886 1.44305
0.999997 -0.00212787 -0.000988519 -0.00775158 0.00213657 0.999958 0.00888342 -0.00763658 0.000969575 -0.00888551 0.99996 1.4755
0.999997 -0.001985 -0.00139264 -0.00734977 0.00199731 0.999958 0.00889295 -0.00753268 0.00137493 -0.0088957 0.999959 1.51136
0.999996 -0.00258118 -0.00117153 -0.00887125 0.00259146 0.999957 0.00886512 -0.00648957 0.0011486 -0.00886812 0.99996 1.54055
0.999998 -0.00162311 -0.00144124 -0.0084749 0.0016361 0.999958 0.00905503 -0.00572967 0.00142648 -0.00905736 0.999958 1.57618
0.999998 -0.00189931 -0.00113087 -0.00826165 0.00190896 0.999961 0.00859795 -0.00671301 0.00111449 -0.00860009 0.999962 1.60346
0.999993 -0.00211257 -0.00320119 -0.00544316 0.00214084 0.999959 0.00885488 -0.00870366 0.00318235 -0.00886166 0.999956 1.63524
0.999992 -0.00230642 -0.00331998 -0.00549582 0.00233469 0.999961 0.00853532 -0.00861459 0.00330016 -0.008543 0.999958 1.66302
0.999993 -0.00242943 -0.00297678 -0.00616271 0.00245523 0.999959 0.00869622 -0.00847844 0.00295553 -0.00870346 0.999958 1.69546
0.999992 -0.00256092 -0.00296319 -0.00620598 0.0025861 0.99996 0.0085237 -0.00847635 0.00294124 -0.0085313 0.999959 1.71932
0.999992 -0.00254983 -0.00318527 -0.00633933 0.00257757 0.999959 0.00873617 -0.00820642 0.00316286 -0.0087443 0.999957 1.7545
0.999993 -0.00106339 -0.00362777 -0.00445639 0.00109644 0.999958 0.00912228 -0.00755071 0.00361792 -0.0091262 0.999952 1.78616
0.999992 -0.00166846 -0.00364439 -0.00497261 0.00170152 0.999957 0.00908643 -0.00694366 0.00362908 -0.00909256 0.999952 1.81768
0.999991 -0.00170526 -0.00385551 -0.00521709 0.00173884 0.99996 0.00872156 -0.006886 0.00384048 -0.00872819 0.999955 1.84583
0.999993 -0.000961326 -0.00374351 -0.00555213 0.00099611 0.999956 0.0093009 -0.00633143 0.00373441 -0.00930455 0.99995 1.8818
0.999993 -0.00151935 -0.00328943 -0.00669013 0.00154825 0.99996 0.00879981 -0.00669069 0.00327592 -0.00880485 0.999956 1.91622
0.999994 0.000303682 -0.00352767 -0.00569965 -0.000270344 0.999955 0.00944714 -0.0059077 0.00353038 -0.00944613 0.999949 1.94061
0.999993 0.000478922 -0.00363206 -0.00563088 -0.000444737 0.999956 0.00940702 -0.00586897 0.0036364 -0.00940534 0.999949 1.97177
0.999994 -2.53957e-05 -0.00352375 -0.00641713 5.74887e-05 0.999959 0.00910782 -0.00574844 0.00352337 -0.00910797 0.999952 2.00093
0.999993 0.000573241 -0.00368972 -0.00613485 -0.000540035 0.999959 0.00899429 -0.00545665 0.00369472 -0.00899224 0.999953 2.02932
0.999994 0.000220081 -0.00333944 -0.00600999 -0.000189091 0.999957 0.00927742 -0.00471265 0.00334134 -0.00927673 0.999951 2.0687
0.999994 0.00035579 -0.00356671 -0.00565934 -0.000324995 0.999963 0.00863094 -0.00470509 0.00356965 -0.00862973 0.999956 2.10189
0.999993 0.00106444 -0.00349256 -0.00501375 -0.00103375 0.999961 0.00877747 -0.0038673 0.00350177 -0.0087738 0.999955 2.13081
0.999992 -5.3251e-05 -0.00399167 -0.00628773 8.96639e-05 0.999958 0.0091226 -0.002947 0.00399102 -0.00912289 0.99995 2.16171
0.999994 -0.000145533 -0.00360095 -0.00638227 0.000176172 0.999964 0.0085097 -0.00331151 0.00359958 -0.00851028 0.999957 2.19308
0.999992 0.000217489 -0.00393664 -0.00715752 -0.000182092 0.99996 0.00898986 -0.00254526 0.00393844 -0.00898907 0.999952 2.21927
0.999996 0.000529638 -0.00262754 -0.00708176 -0.000506526 0.999961 0.00878896 -0.00394086 0.0026321 -0.0087876 0.999958 2.25629
0.999996 0.00141448 -0.00250107 -0.00635552 -0.00139398 0.999966 0.0081786 -0.00309889 0.00251255 -0.00817508 0.999963 2.28547
0.999996 0.000845956 -0.00254235 -0.00680631 -0.000826 0.999969 0.00784043 -0.00286428 0.0025489 -0.00783831 0.999966 2.3211
0.999995 0.00187368 -0.00253582 -0.00668454 -0.0018524 0.999963 0.00836679 -0.00294625 0.0025514 -0.00836205 0.999962 2.35134
0.999996 0.00147665 -0.0023989 -0.00768513 -0.0014564 0.999963 0.00841939 -0.00223022 0.00241124 -0.00841587 0.999962 2.38322
0.999996 0.000715905 -0.00281353 -0.00847413 -0.000689325 0.999955 0.0094369 -0.00256351 0.00282016 -0.00943492 0.999952 2.40927
0.999995 0.000934261 -0.00316072 -0.00861517 -0.000903156 0.999951 0.00982801 -0.00203308 0.00316975 -0.0098251 0.999947 2.43759
0.999996 0.000619237 -0.00259689 -0.0077574 -0.000595435 0.999958 0.00915645 -0.00241605 0.00260245 -0.00915487 0.999955 2.46988
0.999996 0.000535083 -0.00294608 -0.00755219 -0.000508878 0.99996 0.00888842 -0.00185867 0.00295072 -0.00888688 0.999956 2.50159
0.999995 0.000497889 -0.00304396 -0.00898117 -0.000469279 0.999956 0.0093923 -0.00207591 0.0030485 -0.00939083 0.999951 2.53328
0.999998 4.55394e-05 -0.00178723 -0.010489 -3.08229e-05 0.999966 0.00823341 0.0013797 0.00178755 -0.00823334 0.999965 2.56105
0.999998 0.000253414 -0.00193757 -0.0104098 -0.000237295 0.999965 0.00831497 0.00165564 0.00193961 -0.00831449 0.999964 2.5963
0.999998 0.000409928 -0.00171165 -0.0107893 -0.000395606 0.999965 0.00835944 0.00202441 0.00171502 -0.00835875 0.999964 2.62443
0.999997 0.00117715 -0.00226195 -0.00936972 -0.0011589 0.999967 0.00804963 0.00142501 0.00227135 -0.00804698 0.999965 2.66148
0.999997 0.00128387 -0.0022465 -0.0114402 -0.00126489 0.999964 0.00842934 0.00334664 0.00225724 -0.00842647 0.999962 2.69726
0.999997 -0.000576292 -0.00228624 -0.0120546 0.000591038 0.999979 0.00645452 0.00319752 0.00228247 -0.00645586 0.999977 2.72495
0.999998 -0.000261988 -0.00217871 -0.0118762 0.000275965 0.999979 0.00641735 0.00415546 0.00217698 -0.00641794 0.999977 2.75696
0.999997 0.000495795 -0.0025111 -0.0119207 -0.000478914 0.999977 0.00671886 0.00396741 0.00251438 -0.00671764 0.999974 2.78486
0.999997 -9.76777e-05 -0.0023393 -0.0109587 0.000111772 0.999982 0.00602562 0.00423202 0.00233867 -0.00602586 0.999979 2.82062
0.999997 -0.000238457 -0.00237929 -0.0117354 0.000252371 0.999983 0.00584937 0.00371795 0.00237786 -0.00584995 0.99998 2.8527
0.999997 0.00182407 -0.00176365 -0.0106253 -0.00181111 0.999972 0.00732324 0.00308683 0.00177696 -0.00732002 0.999972 2.8819
0.999997 0.00202151 -0.00125334 -0.0111512 -0.00201258 0.999973 0.00708799 0.00316746 0.00126763 -0.00708545 0.999974 2.90974
0.999998 0.0015193 -0.00157749 -0.0109155 -0.00150842 0.999975 0.00687109 0.00364615 0.00158789 -0.00686869 0.999975 2.94155
0.999998 0.00125083 -0.00157958 -0.0122604 -0.00123916 0.999972 0.00736402 0.00428519 0.00158874 -0.00736205 0.999972 2.96963
0.999997 0.00208269 -0.00149179 -0.010875 -0.00207154 0.99997 0.00743526 0.00429517 0.00150723 -0.00743214 0.999971 3.00471
0.999995 0.00231679 -0.00193963 -0.0104404 -0.00229996 0.99996 0.00863692 0.00183646 0.00195957 -0.00863242 0.999961 3.0315
0.999995 0.00267971 -0.00168152 -0.0105759 -0.00266467 0.999957 0.00888034 0.00292659 0.00170524 -0.00887582 0.999959 3.06717
0.999994 0.00275692 -0.00196105 -0.0100472 -0.00273846 0.999952 0.00935825 0.00275671 0.00198676 -0.00935283 0.999954 3.1032
0.999994 0.00302489 -0.00174421 -0.010471 -0.00300874 0.999953 0.00918798 0.00245157 0.00177192 -0.00918268 0.999956 3.13488
0.999992 0.00339392 -0.00199839 -0.0100134 -0.00337533 0.999952 0.00923676 0.0031091 0.00202964 -0.00922995 0.999955 3.16233
0.999998 0.000289024 -0.00184575 -0.0139594 -0.000275792 0.999974 0.00716486 0.00480302 0.00184777 -0.00716434 0.999973 3.19934
0.999999 0.000433945 -0.00155965 -0.0136625 -0.00042231 0.999972 0.00745259 0.00533191 0.00156284 -0.00745192 0.999971 3.22293
0.999998 0.000635634 -0.00198826 -0.0135922 -0.00061982 0.999968 0.00794414 0.00503179 0.00199325 -0.00794289 0.999966 3.25147
0.999999 0.000563179 -0.00144525 -0.0153692 -0.000554196 0.999981 0.00620859 0.00320883 0.00144872 -0.00620778 0.99998 3.28121
0.999999 6.99349e-05 -0.00155291 -0.0137184 -5.88491e-05 0.999975 0.00713762 0.00472149 0.00155337 -0.00713752 0.999973 3.30789
0.999988 -0.000405947 -0.00478484 -0.0104883 0.000447445 0.999962 0.00867507 0.00311345 0.00478113 -0.00867711 0.999951 3.33851
0.999987 -0.0010083 -0.00490545 -0.0115034 0.00104809 0.999967 0.00811643 0.00404067 0.0048971 -0.00812147 0.999955 3.36672
0.999989 -0.000497736 -0.00470539 -0.0109287 0.00053757 0.999964 0.00846809 0.0044305 0.00470101 -0.00847053 0.999953 3.4035
0.999986 -0.000921512 -0.00527923 -0.0116225 0.000968487 0.99996 0.00890247 0.00477789 0.00527081 -0.00890745 0.999946 3.43041
0.999988 -0.00231831 -0.00425945 -0.0149223 0.00233974 0.999985 0.0050334 0.00905719 0.00424771 -0.0050433 0.999978 3.4655
0.999988 -0.00216658 -0.00447239 -0.0143163 0.00218998 0.999984 0.00523425 0.00964041 0.00446098 -0.00524398 0.999976 3.50166
0.999987 -0.00198786 -0.0047753 -0.0149992 0.00201121 0.999986 0.00489065 0.00949984 0.00476551 -0.00490019 0.999977 3.53326
0.999988 -0.00222409 -0.00427459 -0.0149842 0.00224411 0.999987 0.00468489 0.0101285 0.00426412 -0.00469443 0.99998 3.56458
0.999985 -0.00336687 -0.00440601 -0.0147802 0.00339064 0.99998 0.00539903 0.0095841 0.00438775 -0.00541389 0.999976 3.59261
0.999986 -0.00313293 -0.00435711 -0.0158507 0.00316055 0.999975 0.00634527 0.00838299 0.00433712 -0.00635895 0.99997 3.62095
0.999986 -0.00330168 -0.00417724 -0.0150928 0.00332925 0.999973 0.00660848 0.00899959 0.00415531 -0.0066223 0.999969 3.64891
0.999987 -0.00283492 -0.00421747 -0.0159759 0.00286207 0.999975 0.00644509 0.00893379 0.00419909 -0.00645708 0.99997 3.67832
0.999988 -0.002759 -0.00402962 -0.0169737 0.00278383 0.999977 0.00617056 0.00811173 0.0040125 -0.0061817 0.999973 3.70874
0.999987 -0.00265778 -0.00432492 -0.0174616 0.00268485 0.999977 0.00626708 0.00961764 0.00430816 -0.00627862 0.999971 3.73662
0.999989 -0.00337683 -0.00335092 -0.0178585 0.00340165 0.999967 0.00742752 0.00774826 0.00332573 -0.00743884 0.999967 3.77355
0.999991 -0.0026924 -0.0031841 -0.0176355 0.00271489 0.999971 0.00707958 0.00805362 0.00316495 -0.00708817 0.99997 3.80531
0.99999 -0.00262571 -0.00365444 -0.0183703 0.00265178 0.999971 0.00714807 0.00801839 0.00363556 -0.00715769 0.999968 3.83767
0.999987 -0.00367956 -0.00350384 -0.0185495 0.00370461 0.999967 0.00716848 0.00829752 0.00347735 -0.00718137 0.999968 3.86987
0.99999 -0.00260526 -0.00376605 -0.0185935 0.00263278 0.99997 0.00731965 0.00815987 0.00374687 -0.00732949 0.999966 3.90209
0.999988 -0.00306908 -0.00390579 -0.0187938 0.00308972 0.999981 0.00528975 0.0112686 0.00388948 -0.00530175 0.999978 3.93529
0.999991 -0.00244546 -0.00345688 -0.0188161 0.0024635 0.999983 0.00522342 0.0116876 0.00344405 -0.00523189 0.99998 3.95846
0.999988 -0.00281253 -0.0039594 -0.018912 0.00283299 0.999983 0.00517051 0.0113261 0.00394479 -0.00518167 0.999979 3.99069
0.999988 -0.00281508 -0.00391593 -0.0191499 0.00283458 0.999984 0.00498148 0.0116697 0.00390184 -0.00499252 0.99998 4.0231
0.999987 -0.00328829 -0.00383367 -0.0194112 0.00330656 0.999983 0.00476931 0.0114907 0.00381792 -0.00478192 0.999981 4.05486
0.999991 -0.0029157 -0.00299817 -0.0198861 0.00293034 0.999984 0.00489139 0.0118931 0.00298386 -0.00490013 0.999984 4.08289
0.999992 -0.00271657 -0.00284191 -0.0203043 0.00273031 0.999985 0.00484096 0.0125948 0.00282872 -0.00484868 0.999984 4.11427
0.999991 -0.00302333 -0.00289166 -0.0203782 0.00303782 0.999983 0.00502099 0.0125899 0.00287643 -0.00502973 0.999983 4.14253
0.999989 -0.00371226 -0.00290694 -0.0207168 0.00372451 0.999984 0.00422079 0.0117134 0.00289123 -0.00423157 0.999987 4.17556
0.999992 -0.00290456 -0.0028753 -0.0212145 0.00291845 0.999984 0.00483854 0.012726 0.0028612 -0.00484689 0.999984 4.21096
0.999993 -0.00273791 -0.00267375 -0.023012 0.00275111 0.999984 0.00494516 0.0126704 0.00266017 -0.00495248 0.999984 4.23853
0.99999 -0.00362412 -0.0025136 -0.0222927 0.00363724 0.99998 0.00523722 0.0134677 0.00249457 -0.00524631 0.999983 4.2698
0.999991 -0.00304621 -0.00284396 -0.0233979 0.00306057 0.999983 0.00505742 0.0130408 0.0028285 -0.00506608 0.999983 4.2984
0.999989 -0.00331022 -0.00333063 -0.0225939 0.0033249 0.999985 0.00441328 0.0134949 0.00331597 -0.00442431 0.999985 4.33092
0.999991 -0.00251986 -0.00326518 -0.023372 0.00253374 0.999988 0.00425326 0.0133822 0.00325442 -0.0042615 0.999986 4.35437
0.999986 -0.00394854 -0.00352514 -0.0226045 0.00397043 0.999973 0.00622426 0.0127997 0.00350046 -0.00623817 0.999974 4.38573
0.999985 -0.00389738 -0.0037692 -0.0228153 0.00392072 0.999973 0.00620381 0.0132883 0.00374492 -0.0062185 0.999974 4.41325
0.999987 -0.00385291 -0.00345603 -0.0228091 0.00387433 0.999973 0.00621416 0.0136775 0.00343199 -0.00622746 0.999975 4.4451
0.999982 -0.00418616 -0.00418336 -0.0236838 0.0042116 0.999973 0.00609184 0.0131695 0.00415774 -0.00610935 0.999973 4.47395
0.999987 -0.00378647 -0.00339393 -0.022482 0.0038082 0.999972 0.00641642 0.0145055 0.00336954 -0.00642926 0.999974 4.5011
0.999996 -0.00186932 -0.00227486 -0.0251656 0.00187589 0.999994 0.00288839 0.0170801 0.00226944 -0.00289265 0.999993 4.5299
0.999997 -0.00169684 -0.00190693 -0.0244431 0.0017023 0.999994 0.00286302 0.0171603 0.00190207 -0.00286626 0.999994 4.55749
0.999995 -0.00241244 -0.00210514 -0.024581 0.00241843 0.999993 0.00284515 0.0176035 0.00209826 -0.00285022 0.999994 4.59267
0.999997 -0.00167543 -0.00197174 -0.0245927 0.00168067 0.999995 0.00265923 0.0175408 0.00196727 -0.00266254 0.999995 4.62117
0.999995 -0.0020797 -0.00250455 -0.0257783 0.00208711 0.999993 0.00295924 0.0188685 0.00249837 -0.00296445 0.999992 4.65689
0.999992 -0.00102564 -0.00395271 -0.0225433 0.00104794 0.999984 0.0056457 0.0132922 0.00394685 -0.00564979 0.999976 4.6928
0.999988 -0.001572 -0.00466077 -0.023421 0.00159871 0.999982 0.00573249 0.0133296 0.00465168 -0.00573988 0.999973 4.72119
0.999991 -0.00136696 -0.00394342 -0.0227076 0.00139105 0.99998 0.00611323 0.0136556 0.00393498 -0.00611867 0.999974 4.76022
0.99999 -0.00147348 -0.00414822 -0.022311 0.00149901 0.99998 0.0061579 0.0137042 0.00413906 -0.00616406 0.999972 4.7887
0.999992 -0.00028949 -0.00392812 -0.0231676 0.000311061 0.999985 0.00549199 0.0140123 0.00392647 -0.00549317 0.999977 4.82016
0.999989 -0.000470382 -0.0047406 -0.0221927 0.000497761 0.999983 0.00577577 0.0142375 0.0047378 -0.00577807 0.999972 4.85266
0.99999 -0.000940028 -0.00446776 -0.0226781 0.000963822 0.999985 0.00532644 0.0138444 0.00446268 -0.00533069 0.999976 4.88483
0.99999 0.00016743 -0.00456125 -0.0221939 -0.000140786 0.999983 0.00584092 0.0147644 0.00456215 -0.00584021 0.999973 4.91295
0.999989 -0.000309526 -0.00461512 -0.0216466 0.000334612 0.999985 0.0054359 0.0144549 0.00461337 -0.00543738 0.999975 4.94041
0.99999 -0.000367527 -0.00449031 -0.0229536 0.000392531 0.999984 0.00556886 0.0152867 0.00448819 -0.00557056 0.999974 4.9757
0.999994 -0.000496647 -0.00353795 -0.028065 0.000510183 0.999993 0.00382606 0.0164728 0.00353602 -0.00382784 0.999986 5.00955
0.999994 -0.000371296 -0.00346798 -0.027794 0.000385255 0.999992 0.00402521 0.0168376 0.00346646 -0.00402652 0.999986 5.04194
0.999994 4.14177e-05 -0.00344587 -0.0276567 -2.64961e-05 0.999991 0.00433022 0.0169631 0.00344602 -0.0043301 0.999985 5.07388
0.999994 -0.000137378 -0.00343082 -0.0279364 0.000151609 0.999991 0.00414807 0.0169527 0.00343022 -0.00414857 0.999986 5.10639
0.999993 -0.000881573 -0.00365047 -0.0288979 0.000895904 0.999992 0.00392623 0.0166314 0.00364698 -0.00392947 0.999986 5.13645
0.999993 -0.00116515 -0.00352268 -0.0285819 0.00117855 0.999992 0.00380508 0.0188895 0.00351822 -0.0038092 0.999987 5.16974
0.999994 -0.000762896 -0.00342468 -0.027433 0.000776356 0.999992 0.00393049 0.0194093 0.00342165 -0.00393312 0.999986 5.19789
0.999994 -0.000824239 -0.00338142 -0.0287835 0.000838011 0.999991 0.00407351 0.0194687 0.00337803 -0.00407632 0.999986 5.22995
0.999993 -0.000745845 -0.00354451 -0.0290475 0.000759424 0.999992 0.00383141 0.0182661 0.00354162 -0.00383407 0.999986 5.26297
0.999994 -0.0012015 -0.00330861 -0.0296496 0.00121542 0.99999 0.00420824 0.0191856 0.00330352 -0.00421223 0.999986 5.29467
0.999994 -0.00108847 -0.00317265 -0.0316756 0.00110659 0.999983 0.00571522 0.0176726 0.00316637 -0.0057187 0.999979 5.32465
0.999993 -0.00139935 -0.00335353 -0.0317917 0.00141816 0.999983 0.00561352 0.0184626 0.00334561 -0.00561824 0.999979 5.35625
0.999993 -0.00186192 -0.00317042 -0.0330953 0.00187844 0.999985 0.00521696 0.0180669 0.00316066 -0.00522288 0.999981 5.38381
0.999994 -0.00142318 -0.0032815 -0.0328144 0.00144166 0.999983 0.00563686 0.0183444 0.00327342 -0.00564156 0.999979 5.42029
0.999994 -0.001022 -0.00342898 -0.0321853 0.00104217 0.999982 0.00588589 0.0168969 0.0034229 -0.00588943 0.999977 5.45166
0.999993 -0.00219307 -0.00291814 -0.034547 0.00220565 0.999988 0.00431352 0.0204881 0.00290865 -0.00431993 0.999986 5.48751
0.999993 -0.00227789 -0.00284154 -0.0351787 0.00229026 0.999988 0.00435851 0.0206128 0.00283157 -0.00436499 0.999986 5.51888
0.999993 -0.00204257 -0.00313786 -0.035036 0.00205647 0.999988 0.00443263 0.020511 0.00312877 -0.00443905 0.999985 5.54753
0.999992 -0.00218284 -0.00323664 -0.0343476 0.00219662 0.999989 0.00426235 0.0209072 0.0032273 -0.00426943 0.999986 5.57539
0.999991 -0.00253597 -0.00344473 -0.0352617 0.00255054 0.999988 0.00423223 0.0209997 0.00343396 -0.00424097 0.999985 5.60625
0.999993 -0.00207428 -0.00326605 -0.0345801 0.00208005 0.999996 0.00176214 0.024772 0.00326238 -0.00176892 0.999993 5.64262
0.999994 -0.0019187 -0.00296801 -0.0343364 0.00192332 0.999997 0.00155361 0.0249347 0.00296502 -0.00155931 0.999994 5.67016
0.999992 -0.00255613 -0.00305362 -0.0347325 0.00256151 0.999995 0.00176112 0.0248241 0.0030491 -0.00176893 0.999994 5.70474
0.999991 -0.0024542 -0.00339188 -0.0348472 0.00246142 0.999995 0.00212557 0.0249501 0.00338665 -0.0021339 0.999992 5.73393
0.99999 -0.0023113 -0.00377979 -0.0356981 0.00231833 0.999996 0.00185744 0.0250342 0.00377548 -0.00186619 0.999991 5.76988
0.999994 -0.00165159 -0.00315764 -0.0349372 0.0016665 0.999987 0.0047243 0.0226556 0.00314979 -0.00472953 0.999984 5.80665
0.999993 -0.001972 -0.00323783 -0.0355061 0.00198609 0.999989 0.00435269 0.023277 0.00322921 -0.00435908 0.999985 5.83908
0.999992 -0.00199068 -0.00333339 -0.035234 0.00200675 0.999986 0.00482403 0.0223906 0.00332374 -0.00483068 0.999983 5.87544
0.999993 -0.00234089 -0.00282065 -0.0356384 0.00235505 0.999985 0.00502808 0.0238552 0.00280884 -0.00503469 0.999983 5.90654
0.999993 -0.00223899 -0.00291247 -0.0357197 0.00225364 0.999985 0.00503499 0.0241785 0.00290115 -0.00504152 0.999983 5.93428
0.999982 -0.0044162 -0.00396812 -0.034628 0.00443019 0.999984 0.00352361 0.0259891 0.0039525 -0.00354113 0.999986 5.96373
0.999982 -0.00433008 -0.00404288 -0.0350006 0.00434663 0.999982 0.00409415 0.0259949 0.00402508 -0.00411165 0.999983 5.99485
0.999982 -0.00463064 -0.00383102 -0.0350694 0.00464335 0.999984 0.00331647 0.0254185 0.0038156 -0.0033342 0.999987 6.03112
0.999984 -0.0038278 -0.00406634 -0.0345187 0.00384288 0.999986 0.00370817 0.0265566 0.00405209 -0.00372374 0.999985 6.05975
0.99998 -0.00496664 -0.00383638 -0.0362642 0.0049805 0.999981 0.00361151 0.0263279 0.00381837 -0.00363055 0.999986 6.09111
0.999989 -0.00288805 -0.00357291 -0.0370035 0.00290345 0.999986 0.0043118 0.0243708 0.00356041 -0.00432213 0.999984 6.12132
0.999988 -0.00331409 -0.00347468 -0.0367729 0.00333055 0.999983 0.00474382 0.0246941 0.0034589 -0.00475534 0.999983 6.15377
0.999989 -0.00273698 -0.00385109 -0.0376423 0.00275444 0.999986 0.0045356 0.0253356 0.00383862 -0.00454616 0.999982 6.18108
0.99999 -0.00273733 -0.00357211 -0.0368256 0.00275393 0.999985 0.00465053 0.0249911 0.00355933 -0.00466032 0.999983 6.21747
0.999986 -0.00357558 -0.00398536 -0.0385012 0.00359401 0.999983 0.00462778 0.0243057 0.00396874 -0.00464203 0.999981 6.24489
0.999985 -0.00357226 -0.00421039 -0.0365481 0.00359296 0.999981 0.00491878 0.0245545 0.00419274 -0.00493384 0.999979 6.27662
0.999981 -0.00465526 -0.00393249 -0.0368816 0.00467307 0.999979 0.00453162 0.0251298 0.00391131 -0.00454992 0.999982 6.30135
0.999981 -0.0044974 -0.00420679 -0.0372979 0.00451719 0.999979 0.00470734 0.0248152 0.00418553 -0.00472625 0.99998 6.34513
0.999983 -0.00364263 -0.00450528 -0.0374766 0.00366446 0.999982 0.00484758 0.024891 0.00448754 -0.00486401 0.999978 6.3775
0.999982 -0.00412809 -0.00442284 -0.0374571 0.00414839 0.999981 0.00459082 0.0263349 0.0044038 -0.00460909 0.99998 6.40953
0.999983 -0.00409172 -0.00415841 -0.0393473 0.00411194 0.99998 0.00486519 0.0257277 0.00413842 -0.0048822 0.99998 6.43494
0.999981 -0.00458834 -0.00405407 -0.0393711 0.00460594 0.99998 0.00434167 0.0262036 0.00403406 -0.00436026 0.999982 6.46684
0.999982 -0.00418621 -0.00423283 -0.0389026 0.00420574 0.999981 0.00461446 0.0259018 0.00421343 -0.00463218 0.99998 6.49901
0.999985 -0.00390839 -0.00392468 -0.0391757 0.00392678 0.999981 0.0046873 0.0259568 0.00390628 -0.00470264 0.999981 6.5353
0.999986 -0.00392874 -0.0036635 -0.0396491 0.00394701 0.99998 0.00499193 0.0260686 0.00364382 -0.00500631 0.999981 6.56216
0.99998 -0.0049713 -0.00380987 -0.040734 0.00498861 0.999977 0.00454895 0.0259025 0.00378717 -0.00456787 0.999982 6.59446
0.999983 -0.00441296 -0.00379881 -0.0405793 0.00443146 0.999978 0.00487559 0.0259828 0.00377722 -0.00489234 0.999981 6.62239
0.999982 -0.00451962 -0.00406872 -0.0411272 0.00453736 0.99998 0.00436072 0.0260443 0.00404893 -0.0043791 0.999982 6.65819
0.999981 -0.00444516 -0.004317 -0.0406956 0.00446442 0.99998 0.00446313 0.025971 0.00429707 -0.00448231 0.999981 6.68247
0.99998 -0.0049737 -0.00388299 -0.0410338 0.00499089 0.999978 0.00442994 0.025353 0.00386087 -0.00444923 0.999983 6.7107
0.999983 -0.00401945 -0.00419636 -0.040143 0.00403886 0.999981 0.00462629 0.027043 0.00417768 -0.00464316 0.99998 6.75108
0.999986 -0.00334601 -0.00419948 -0.0401148 0.00336489 0.999984 0.00449729 0.0272221 0.00418437 -0.00451135 0.999981 6.78312
0.999981 -0.00417766 -0.00445656 -0.0405175 0.00419931 0.999979 0.00485933 0.027562 0.00443617 -0.00487795 0.999978 6.81346
0.999984 -0.00360946 -0.00446383 -0.0406446 0.0036289 0.999984 0.00435456 0.0275592 0.00444804 -0.00437069 0.999981 6.84257
0.999988 -0.00312735 -0.00385626 -0.0395348 0.00314496 0.999985 0.004569 0.0273309 0.00384191 -0.00458107 0.999982 6.87345
0.999978 -0.00495322 -0.00452144 -0.0418442 0.00497637 0.999974 0.00512228 0.028253 0.00449595 -0.00514467 0.999977 6.90506
0.999977 -0.00505722 -0.00446371 -0.0416852 0.00507845 0.999976 0.00475858 0.0281466 0.00443954 -0.00478114 0.999979 6.93326
0.999978 -0.00496934 -0.00439468 -0.0422545 0.00499072 0.999976 0.00486698 0.0290709 0.00437039 -0.0048888 0.999978 6.96888
0.999981 -0.00424185 -0.00446085 -0.0420986 0.00426513 0.999977 0.00522273 0.0284758 0.00443859 -0.00524166 0.999976 6.99744
0.999977 -0.00521936 -0.00439307 -0.0429124 0.00524049 0.999975 0.00481321 0.0280183 0.00436784 -0.00483612 0.999979 7.03423
