1 -0 0 -0 -0 1 -0 0 0 -0 1 0
1 3.5681e-06 -1.32435e-05 2.798e-05 -3.56832e-06 1 -1.64461e-05 -7.83338e-06 1.32434e-05 1.64462e-05 1 5.88131e-07
1 1.70586e-05 -1.11963e-05 -1.13725e-05 -1.70591e-05 1 -4.72643e-05 2.1207e-05 1.11955e-05 4.72645e-05 1 -3.24225e-05
1 -1.85977e-05 1.38466e-06 1.60117e-05 1.85978e-05 1 -2.50685e-05 1.10983e-05 -1.3842e-06 2.50685e-05 1 -2.94837e-05
1 -1.9467e-05 -1.4195e-05 1.14928e-05 1.9467e-05 1 -1.5893e-06 1.75928e-05 1.41951e-05 1.58902e-06 1 -3.89104e-06
1 1.92497e-05 -3.54249e-06 1.41205e-05 -1.92498e-05 1 -9.61527e-06 -4.55004e-06 3.54231e-06 9.61533e-06 1 6.15586e-06
1 -5.66413e-05 2.62399e-05 5.19843e-05 5.66413e-05 1 -2.32661e-06 1.10567e-05 -2.62398e-05 2.3281e-06 1 4.9529e-05
1 4.30815e-05 -8.88177e-06 2.12358e-05 -4.30818e-05 1 -2.76825e-05 1.10322e-05 8.88058e-06 2.76829e-05 1 1.07763e-05
1 -1.18752e-05 2.90692e-06 1.16289e-05 1.18752e-05 1 3.6858e-06 1.21727e-05 -2.90696e-06 -3.68576e-06 1 -4.8866e-06
1 -1.0063e-08 1.85875e-05 5.25534e-05 1.05685e-08 1 -2.71929e-05 4.37901e-05 -1.85875e-05 2.71929e-05 1 7.17964e-05
1 -1.02597e-05 2.589e-05 5.5075e-05 1.02595e-05 1 6.54488e-06 3.94114e-06 -2.589e-05 -6.54461e-06 1 6.50483e-05
1 3.45838e-06 -1.3264e-05 2.80281e-05 -3.4586e-06 1 -1.66529e-05 -7.94816e-06 1.32639e-05 1.66529e-05 1 4.68215e-07
1 3.46075e-06 -1.32638e-05 2.80272e-05 -3.46097e-06 1 -1.66525e-05 -7.9474e-06 1.32637e-05 1.66525e-05 1 4.68581e-07
1 -4.257e-05 1.68976e-05 4.24041e-05 4.25704e-05 1 -2.29404e-05 4.85585e-05 -1.68966e-05 2.29411e-05 1 5.76326e-05
1 3.91941e-05 -2.36347e-05 -1.26933e-05 -3.91948e-05 1 -2.62649e-05 2.1024e-05 2.36337e-05 2.62658e-05 1 -1.75521e-05
1 -0.000113293 0.000202606 0.000126328 0.000113284 1 4.17796e-05 0.000159717 -0.000202611 -4.17567e-05 1 0.00501917
1 6.95741e-05 8.93475e-05 -0.000357293 -6.95939e-05 1 0.000221761 0.000254989 -8.93321e-05 -0.000221767 1 0.0195435
1 0.000381883 6.39701e-05 -0.00041541 -0.000381917 1 0.000532007 0.000289231 -6.37669e-05 -0.000532032 1 0.0413081
1 9.93357e-05 -4.12713e-05 -0.000396725 -9.93142e-05 1 0.000519586 0.000352011 4.13229e-05 -0.000519582 1 0.06776
1 0.000774976 -0.00029754 -0.0011684 -0.000774869 1 0.000361188 0.000365032 0.00029782 -0.000360958 1 0.0975505
1 0.000126879 -0.000377433 -0.000584585 -0.000127037 1 -0.000418499 0.000629051 0.00037738 0.000418547 1 0.125636
1 0.000262587 -0.000152989 -0.00105351 -0.000262645 1 -0.00038141 0.000873476 0.000152889 0.00038145 1 0.146251
1 8.15588e-05 -0.000279154 -0.0010968 -8.17067e-05 1 -0.000529589 0.000510373 0.000279111 0.000529612 1 0.160677
1 4.44282e-05 -0.000158821 -0.000599787 -4.45479e-05 1 -0.00075354 0.000774909 0.000158788 0.000753547 1 0.176263
1 0.000186848 -0.000371904 -0.000972456 -0.000187145 1 -0.000799502 0.000953141 0.000371754 0.000799571 1 0.198601
1 -0.000592005 -0.000109511 -0.000938205 0.000591953 1 -0.000477382 0.000448278 0.000109793 0.000477318 1 0.22742
1 -0.000455489 -0.000416803 -0.00146557 0.000455252 1 -0.000568526 0.000300747 0.000417061 0.000568336 1 0.258112
1 -0.000763965 -0.000138665 -0.00125338 0.000763902 1 -0.000454648 0.000236754 0.000139012 0.000454542 1 0.291173
1 -0.000802747 -0.000510242 -0.00196593 0.000802417 0.999999 -0.000646304 0.000404529 0.000510761 0.000645894 1 0.322378
1 -0.000694857 -0.00039396 -0.00212341 0.000694613 1 -0.00061818 0.000191968 0.00039439 0.000617906 1 0.343963
1 -0.000679426 -0.000366853 -0.0017527 0.000679105 0.999999 -0.000873689 0.000284806 0.000367447 0.000873439 1 0.360872
1 -0.000727264 -0.000246684 -0.00186281 0.000727059 0.999999 -0.000828395 0.000273555 0.000247287 0.000828215 1 0.372032
1 -0.000662161 -0.0002891 -0.00200239 0.000661867 0.999999 -0.00101531 -4.24603e-06 0.000289772 0.00101512 0.999999 0.380615
0.999999 -0.00100182 -8.74032e-05 -0.00172493 0.00100173 0.999999 -0.000935696 -5.01656e-05 8.83406e-05 0.000935608 1 0.386519
1 -0.000733799 -0.000177379 -0.00181309 0.000733669 0.999999 -0.000730727 5.94263e-05 0.000177915 0.000730597 1 0.390466
1 -0.00058574 -0.000450796 -0.00209982 0.000585408 1 -0.000736714 0.000126208 0.000451227 0.00073645 1 0.394079
1 -0.000707359 -0.000444855 -0.00196676 0.000706973 0.999999 -0.000868311 1.33833e-05 0.000445469 0.000867996 1 0.396032
1 -0.000419074 -0.000459442 -0.00202476 0.000418714 1 -0.000783949 -0.000103143 0.000459771 0.000783757 1 0.397679
1 -0.000366017 -0.000495717 -0.00203272 0.000365656 1 -0.000727963 -9.64775e-05 0.000495983 0.000727782 1 0.399116
1 -8.25272e-05 -0.000489899 -0.00201636 8.21878e-05 1 -0.000692743 -8.14942e-05 0.000489956 0.000692703 1 0.39975
1 -0.00054198 -0.000285181 -0.00212679 0.000541747 1 -0.000817701 -6.5574e-05 0.000285624 0.000817546 1 0.400748
1 -0.00063902 -0.000321491 -0.00218933 0.000638772 0.999999 -0.000769591 2.52304e-05 0.000321983 0.000769385 1 0.400953
1 -0.000675381 -0.000232163 -0.00192533 0.000675216 1 -0.000708131 -2.86096e-05 0.000232641 0.000707974 1 0.401278
1 -0.00055222 -0.000413614 -0.00218552 0.000551937 1 -0.000684295 4.8388e-05 0.000413991 0.000684067 1 0.401659
1 -0.000480077 -0.0003216 -0.00215443 0.00047985 1 -0.00070566 1.13322e-05 0.000321938 0.000705506 1 0.401702
1 -0.000405964 -0.00039086 -0.00213978 0.000405654 1 -0.000790598 3.57208e-05 0.00039118 0.000790439 1 0.401867
1 -0.000415919 -0.000452372 -0.00215418 0.000415564 1 -0.000785094 -1.98244e-05 0.000452699 0.000784906 1 0.40184
1 -0.000383983 -0.000346852 -0.00200917 0.000383637 0.999999 -0.000997542 -5.84957e-06 0.000347235 0.000997409 0.999999 0.401554
1 -0.000264361 -0.000412184 -0.00199235 0.000263958 0.999999 -0.000978517 -0.000245223 0.000412442 0.000978408 0.999999 0.40166
1 -0.00019453 -0.000381307 -0.00199328 0.000194136 0.999999 -0.00103355 -0.000207399 0.000381508 0.00103347 0.999999 0.401696
1 -0.000154755 -0.000463295 -0.00205788 0.000154293 0.999999 -0.00099848 -0.000287821 0.000463449 0.000998408 0.999999 0.401854
1 -0.000223566 -0.000473781 -0.00206981 0.000223092 0.999999 -0.00100146 -0.000265704 0.000474005 0.00100136 0.999999 0.401866
1 -0.000215011 -0.000467313 -0.00208396 0.000214544 0.999999 -0.000999961 -0.000265613 0.000467528 0.00099986 0.999999 0.401867
1 -0.000174116 -0.000460769 -0.00210048 0.000173661 0.999999 -0.000987105 -0.000264936 0.00046094 0.000987024 0.999999 0.401872
1 -0.0001975 -0.000433804 -0.00212522 0.000197081 1 -0.000966785 -0.000274783 0.000433995 0.000966699 0.999999 0.401893
1 -0.000191009 -0.000457551 -0.00211136 0.000190549 0.999999 -0.00100601 -0.000272556 0.000457743 0.00100593 0.999999 0.401888
1 -0.000174784 -0.000466292 -0.00209404 0.00017432 0.999999 -0.000996247 -0.000285762 0.000466466 0.000996166 0.999999 0.401873
1 -0.00018133 -0.000477706 -0.00206317 0.00018084 0.999999 -0.00102494 -0.000255571 0.000477892 0.00102485 0.999999 0.401883
1 -0.000170979 -0.000445624 -0.00209052 0.000170527 0.999999 -0.00101345 -0.000276035 0.000445797 0.00101337 0.999999 0.40186
1 -0.000177254 -0.000432998 -0.00210198 0.000176809 0.999999 -0.00102817 -0.000273383 0.00043318 0.0010281 0.999999 0.401854
1 -0.00023906 -0.000460517 -0.00207473 0.000238616 1 -0.000962987 -0.000219954 0.000460747 0.000962877 0.999999 0.401921
1 -0.000191953 -0.000456938 -0.00207965 0.00019149 0.999999 -0.00101312 -0.000277572 0.000457132 0.00101303 0.999999 0.40186
1 -0.00022195 -0.000455911 -0.00208565 0.000221503 0.999999 -0.000980767 -0.000230776 0.000456128 0.000980666 0.999999 0.401912
1 -0.000228042 -0.000450649 -0.00208499 0.000227599 0.999999 -0.000981802 -0.000231005 0.000450873 0.0009817 0.999999 0.401912
1 -0.000208162 -0.000427806 -0.00208666 0.000207734 0.999999 -0.000999418 -0.000268832 0.000428014 0.000999329 0.999999 0.401884
1 -0.000200116 -0.000434714 -0.00210064 0.000199675 0.999999 -0.00101407 -0.000278473 0.000434917 0.00101399 0.999999 0.401871
1 -0.000193676 -0.000441734 -0.00209687 0.000193229 0.999999 -0.0010128 -0.000234049 0.00044193 0.00101272 0.999999 0.401906
1 -0.000193532 -0.00044501 -0.00210783 0.000193074 0.999999 -0.00102834 -0.000242236 0.000445209 0.00102825 0.999999 0.401898
1 -0.000221005 -0.000416876 -0.00209085 0.000220586 0.999999 -0.00100475 -0.000278427 0.000417098 0.00100466 0.999999 0.401862
1 -0.000182898 -0.000442716 -0.00210896 0.000182442 0.999999 -0.00102965 -0.000250071 0.000442904 0.00102957 0.999999 0.401897
1 -0.00019922 -0.000419975 -0.00209749 0.000198797 0.999999 -0.00100687 -0.000286579 0.000420176 0.00100679 0.999999 0.401863
1 -0.000222982 -0.000424966 -0.00207894 0.000222553 0.999999 -0.00100938 -0.000271087 0.000425191 0.00100929 0.999999 0.401871
1 -0.000222982 -0.000424966 -0.00207894 0.000222553 0.999999 -0.00100938 -0.000271087 0.000425191 0.00100929 0.999999 0.401871
1 -0.000222982 -0.000424966 -0.00207894 0.000222553 0.999999 -0.00100938 -0.000271087 0.000425191 0.00100929 0.999999 0.401871
1 -0.000120944 -0.000486204 -0.00215495 0.000120458 0.999999 -0.00100081 -0.000302757 0.000486325 0.00100076 0.999999 0.406531
1 -0.000610046 -0.000298952 -0.0021365 0.00060975 0.999999 -0.0009915 -0.000330838 0.000299557 0.000991317 0.999999 0.421235
1 -0.000472373 -0.000384377 -0.00251701 0.000471922 0.999999 -0.00117404 0.000240219 0.000384931 0.00117385 0.999999 0.442849
1 -0.000751303 -0.00041351 -0.00224129 0.000750873 0.999999 -0.00103891 0.000391092 0.00041429 0.0010386 0.999999 0.469582
1 -0.000674341 -0.000588648 -0.0025078 0.000673558 0.999999 -0.0013303 7.44059e-05 0.000589545 0.0013299 0.999999 0.499779
1 -0.000565908 -0.000481274 -0.00245867 0.000565341 0.999999 -0.00117883 9.92641e-05 0.00048194 0.00117856 0.999999 0.528181
1 -0.000334175 -0.00037261 -0.00244468 0.000333825 1 -0.000940967 0.000599816 0.000372924 0.000940842 0.999999 0.548713
1 -0.000973361 -0.000216716 -0.00165077 0.000973101 0.999999 -0.00119564 0.000404204 0.00021788 0.00119543 0.999999 0.566779
1 -0.000827859 -0.00022074 -0.00171736 0.000827606 0.999999 -0.00114537 0.000478621 0.000221688 0.00114518 0.999999 0.590975
1 -0.000740949 -0.000201717 -0.00161845 0.000740655 0.999999 -0.00145277 0.000219468 0.000202793 0.00145262 0.999999 0.619935
1 -0.000950525 -5.94447e-05 -0.00193808 0.000950436 0.999998 -0.00147092 -0.000155547 6.08428e-05 0.00147086 0.999999 0.652324
1 -0.000855266 -0.000256354 -0.00279386 0.000854887 0.999999 -0.00147456 1.55519e-05 0.000257614 0.00147434 0.999999 0.703371
1 -0.000612349 -5.49512e-05 -0.00265309 0.000612275 0.999999 -0.00133453 -3.57495e-05 5.57683e-05 0.0013345 0.999999 0.722847
1 -0.000439627 -0.000275168 -0.00277044 0.000439287 0.999999 -0.00123325 0.000173503 0.000275709 0.00123313 0.999999 0.748397
1 -0.000479163 3.78027e-05 -0.00252039 0.000479212 0.999999 -0.00131309 0.000447248 -3.71735e-05 0.0013131 0.999999 0.779037
1 -0.000959189 9.59448e-05 -0.00249002 0.00095934 0.999998 -0.00159096 -0.000491523 -9.44186e-05 0.00159105 0.999999 0.810425
0.999999 -0.00125366 5.16339e-05 -0.00271481 0.00125374 0.999998 -0.00161196 -9.42679e-05 -4.9613e-05 0.00161203 0.999999 0.841064
0.999999 -0.00146567 -2.83063e-06 -0.00211757 0.00146566 0.999997 -0.00183407 -0.000181836 5.51875e-06 0.00183406 0.999998 0.862259
0.999999 -0.00162078 3.31466e-05 -0.00208582 0.00162084 0.999997 -0.00190635 -0.000146151 -3.00567e-05 0.00190641 0.999998 0.877822
0.999999 -0.00146265 -0.000282496 -0.00255804 0.00146218 0.999998 -0.00164513 -0.000195537 0.000284901 0.00164472 0.999999 0.89365
0.999999 -0.00170003 -0.000126054 -0.00209443 0.00169981 0.999997 -0.00177682 -0.000704183 0.000129074 0.00177661 0.999998 0.916553
0.999998 -0.00178272 -0.000233566 -0.00233502 0.0017823 0.999997 -0.00178203 -0.000417515 0.000236742 0.00178161 0.999998 0.944267
0.999999 -0.00131431 0.000253112 -0.00236278 0.00131475 0.999998 -0.00175382 -0.000655603 -0.000250807 0.00175415 0.999998 0.974463
0.999999 -0.001441 7.25767e-05 -0.0022382 0.00144113 0.999997 -0.00180488 -0.000591264 -6.99756e-05 0.00180498 0.999998 1.00847
0.999999 -0.00104235 0.000178642 -0.00281145 0.00104268 0.999998 -0.00185254 -0.000886922 -0.000176711 0.00185272 0.999998 1.03867
0.999999 -0.00100102 0.000218667 -0.00264755 0.00100137 0.999998 -0.00161133 -0.000556005 -0.000217053 0.00161155 0.999999 1.06539
0.999999 -0.00146993 1.66991e-05 -0.00283205 0.00146996 0.999997 -0.00200652 -0.000664869 -1.37496e-05 0.00200654 0.999998 1.09637
0.999999 -0.00121688 0.00018352 -0.0020892 0.00121736 0.999996 -0.00264605 -0.000607585 -0.000180299 0.00264627 0.999996 1.12865
1 -0.000916898 6.74068e-05 -0.00169991 0.000917054 0.999997 -0.00235102 -0.000435027 -6.5251e-05 0.00235108 0.999997 1.16349
0.999999 -0.00124493 0.000407045 -0.00244742 0.00124577 0.999997 -0.00208493 -0.00133555 -0.000404448 0.00208543 0.999998 1.19497
0.999999 -0.00132329 0.000183778 -0.0023678 0.00132366 0.999997 -0.00199979 -0.00164287 -0.000181132 0.00200003 0.999998 1.21726
0.999999 -0.000985521 0.000239126 -0.00296611 0.000985959 0.999998 -0.0018375 -0.00145185 -0.000237315 0.00183773 0.999998 1.23733
0.999998 -0.00193928 0.000304898 -0.00256829 0.00194003 0.999995 -0.0024893 -0.00114734 -0.000300069 0.00248989 0.999997 1.26601
0.999999 -0.00171718 0.000103317 -0.00290203 0.00171742 0.999996 -0.00240053 -0.0011071 -9.91946e-05 0.0024007 0.999997 1.29599
0.999998 -0.00202205 0.000463011 -0.00268316 0.00202317 0.999995 -0.00243253 -0.00148308 -0.00045809 0.00243346 0.999997 1.3294
0.999998 -0.0021375 2.51404e-05 -0.0030136 0.00213756 0.999994 -0.00266934 -0.0015894 -1.94345e-05 0.00266939 0.999996 1.3595
0.999999 -0.00138089 0.000484221 -0.00296147 0.00138205 0.999996 -0.0023933 -0.00130006 -0.000480914 0.00239397 0.999997 1.38144
0.999997 -0.0025162 0.000773693 -0.00326884 0.00251813 0.999994 -0.00249992 -0.00154771 -0.000767398 0.00250185 0.999997 1.40098
0.999996 -0.00273171 0.000652991 -0.0029599 0.00273335 0.999993 -0.00253014 -0.00161014 -0.000646075 0.00253191 0.999997 1.42649
0.999997 -0.00247429 0.000491451 -0.00322134 0.00247549 0.999994 -0.00245634 -0.0017231 -0.000485371 0.00245755 0.999997 1.45659
0.999996 -0.0027607 0.000512321 -0.00304507 0.00276205 0.999993 -0.00265123 -0.0019849 -0.000504998 0.00265263 0.999996 1.48983
0.999997 -0.00245515 0.000824362 -0.00264183 0.00245739 0.999993 -0.00271952 -0.00164857 -0.000817679 0.00272153 0.999996 1.51879
0.999998 -0.00196039 0.000959635 -0.00341728 0.00196308 0.999994 -0.00280483 -0.00211195 -0.000954131 0.00280671 0.999996 1.56026
0.999998 -0.00159134 0.00110392 -0.00341865 0.00159463 0.999994 -0.0029807 -0.00218829 -0.00109917 0.00298246 0.999995 1.58594
0.999998 -0.00197032 0.000999334 -0.003512 0.00197316 0.999994 -0.00284108 -0.00227422 -0.00099373 0.00284304 0.999995 1.61617
0.999999 -0.00150978 0.000801316 -0.00366424 0.00151194 0.999995 -0.00270924 -0.00278312 -0.000797222 0.00271045 0.999996 1.64882
0.999998 -0.00180811 0.000810754 -0.00367757 0.00181024 0.999995 -0.00262581 -0.00278157 -0.000806002 0.00262728 0.999996 1.67779
0.999999 -0.000968825 0.00104517 -0.00429744 0.000972167 0.999994 -0.00320209 -0.00291194 -0.00104206 0.0032031 0.999994 1.70037
0.999999 -0.000876969 0.000809792 -0.00434789 0.000879728 0.999994 -0.00341338 -0.00281231 -0.000806794 0.00341409 0.999994 1.71613
0.999999 -0.0010331 0.00102815 -0.00433939 0.00103649 0.999994 -0.00330385 -0.00306916 -0.00102473 0.00330491 0.999994 1.73194
0.999999 -0.00100769 0.00097883 -0.00447652 0.00101084 0.999994 -0.00322517 -0.00316853 -0.000975574 0.00322615 0.999994 1.75446
0.999999 -0.00136868 0.00100259 -0.00447313 0.00137179 0.999994 -0.00311339 -0.00332922 -0.00099832 0.00311477 0.999995 1.78221
0.999998 -0.00170405 0.000941638 -0.00449319 0.00170659 0.999995 -0.00271341 -0.0036897 -0.000937009 0.00271501 0.999996 1.81263
0.999998 -0.00194873 0.00099337 -0.00452764 0.00195132 0.999995 -0.00260713 -0.00341853 -0.000988284 0.00260906 0.999996 1.84068
0.999997 -0.00197912 0.00113655 -0.00420343 0.00198254 0.999993 -0.00301303 -0.00395705 -0.00113058 0.00301528 0.999995 1.86174
0.999997 -0.00215234 0.00124069 -0.00425473 0.00215613 0.999993 -0.00306493 -0.00409731 -0.00123409 0.00306759 0.999995 1.88161
0.999998 -0.00183875 0.00105037 -0.0040981 0.00184171 0.999994 -0.00282568 -0.00390148 -0.00104516 0.0028276 0.999995 1.90664
0.999999 -0.00106148 0.000906837 -0.00517997 0.00106458 0.999994 -0.00342837 -0.00514421 -0.000903192 0.00342934 0.999994 1.93464
1 -0.000629931 0.000534693 -0.00551065 0.00063163 0.999995 -0.00318425 -0.0052399 -0.000532684 0.00318459 0.999995 1.96682
0.999999 -0.00105491 0.000669218 -0.00597644 0.00105685 0.999995 -0.00290357 -0.00488912 -0.000666152 0.00290427 0.999996 2.002
0.999998 -0.00146552 0.00122739 -0.00567162 0.00146938 0.999994 -0.00314833 -0.00505296 -0.00122277 0.00315013 0.999994 2.03285
0.999999 -0.00123961 0.000897262 -0.00551895 0.00124257 0.999994 -0.00330136 -0.00542337 -0.000893164 0.00330247 0.999994 2.06082
1 0.000170649 0.000949283 -0.00481203 -0.00016728 0.999994 -0.00354796 -0.00423221 -0.000949882 0.0035478 0.999993 2.12299
1 2.66327e-05 0.000942962 -0.00438012 -2.31176e-05 0.999993 -0.0037276 -0.00437613 -0.000943055 0.00372758 0.999993 2.15818
1 0.000145848 0.000899851 -0.0045534 -0.000142614 0.999994 -0.003593 -0.00443444 -0.000900369 0.00359287 0.999993 2.19441
1 0.000356578 0.000889182 -0.00488237 -0.000353459 0.999994 -0.00350542 -0.0047754 -0.000890426 0.0035051 0.999993 2.23232
1 0.000440263 0.000638588 -0.00474337 -0.000437913 0.999993 -0.00367552 -0.00484582 -0.000640202 0.00367524 0.999993 2.26973
1 -9.96946e-05 0.000886176 -0.00515623 0.000103605 0.99999 -0.0044136 -0.00452525 -0.000885728 0.00441369 0.99999 2.30964
1 0.000233326 0.000971384 -0.00536786 -0.000228955 0.99999 -0.00449673 -0.00463913 -0.000972423 0.00449651 0.999989 2.34806
0.999999 -0.000332598 0.00100511 -0.00528634 0.000337123 0.99999 -0.00450522 -0.00459955 -0.0010036 0.00450556 0.999989 2.38685
0.999999 -0.00152442 0.000647596 -0.00575662 0.00152736 0.999988 -0.00456323 -0.00469043 -0.000640632 0.00456422 0.999989 2.42203
0.999999 -0.00103571 0.00101117 -0.00549452 0.00104008 0.99999 -0.00432945 -0.00513218 -0.00100667 0.0043305 0.99999 2.44805
0.999999 -0.00119894 0.00113637 -0.00545492 0.00120404 0.999989 -0.00449699 -0.00528353 -0.00113096 0.00449835 0.999989 2.47084
0.999998 -0.00155003 0.00139291 -0.00510505 0.00155621 0.999989 -0.00444638 -0.00556464 -0.001386 0.00444854 0.999989 2.49833
0.999998 -0.00137298 0.00110109 -0.00523644 0.00137788 0.999989 -0.00446075 -0.00562388 -0.00109495 0.00446226 0.999989 2.52952
0.999998 -0.00140144 0.00112155 -0.00544003 0.00140632 0.999989 -0.00436703 -0.00566625 -0.00111541 0.0043686 0.99999 2.56235
1 0.000239569 0.00027642 -0.00572843 -0.000238062 0.999985 -0.00543868 -0.00620897 -0.000277718 0.00543862 0.999985 2.59847
1 -0.000104774 0.000358478 -0.00591762 0.000106697 0.999986 -0.00536985 -0.00608898 -0.00035791 0.00536989 0.999986 2.63067
1 -0.00026742 0.000451408 -0.00589702 0.000269828 0.999986 -0.00534264 -0.006191 -0.000449973 0.00534276 0.999986 2.65376
1 0.000189294 0.000125846 -0.00618211 -0.000188602 0.999985 -0.00547558 -0.00677078 -0.00012688 0.00547556 0.999985 2.67501
1 0.000578257 0.000175941 -0.00642858 -0.000577218 0.999983 -0.00585191 -0.00713897 -0.000179322 0.00585181 0.999983 2.70089
1 0.000224767 0.000472382 -0.00635207 -0.000222337 0.999987 -0.00513748 -0.00751021 -0.00047353 0.00513737 0.999987 2.73166
1 0.000385568 0.000674487 -0.00627959 -0.000382036 0.999986 -0.00522808 -0.00742725 -0.000676494 0.00522782 0.999986 2.76459
1 -0.000271853 0.000542988 -0.00629778 0.000274503 0.999988 -0.00488498 -0.00803015 -0.000541654 0.00488513 0.999988 2.79932
1 -0.000249677 0.000250038 -0.00673512 0.000250991 0.999986 -0.00526905 -0.00826837 -0.000248719 0.00526912 0.999986 2.83051
1 0.000379495 0.000393166 -0.00632422 -0.000377539 0.999988 -0.00496298 -0.0078188 -0.000395044 0.00496283 0.999988 2.85363
0.999999 0.000173321 0.00101839 -0.00647176 -0.000167539 0.999984 -0.00567469 -0.00885322 -0.00101936 0.00567451 0.999983 2.87397
0.999999 0.000219495 0.00103855 -0.00655458 -0.000213422 0.999983 -0.00584346 -0.00896483 -0.00103981 0.00584324 0.999982 2.90004
0.999999 0.000428775 0.00105777 -0.00664278 -0.000422544 0.999983 -0.00588451 -0.00900951 -0.00106027 0.00588406 0.999982 2.93033
1 0.000588882 0.000463561 -0.00676774 -0.000586129 0.999982 -0.0059169 -0.00920295 -0.000467037 0.00591662 0.999982 2.96226
1 0.000210428 0.000821666 -0.00654894 -0.000205812 0.999984 -0.00561449 -0.0094903 -0.000822835 0.00561431 0.999984 2.9979
0.999999 9.94342e-05 0.00103958 -0.00741563 -9.37186e-05 0.999985 -0.00549665 -0.00957811 -0.00104011 0.00549655 0.999984 3.02849
0.999999 -0.000113544 0.00104966 -0.00712369 0.000119428 0.999984 -0.00560707 -0.00939105 -0.00104901 0.00560719 0.999984 3.05146
0.999999 -0.000155398 0.000995568 -0.00736841 0.000161035 0.999984 -0.0056644 -0.00937207 -0.000994672 0.00566456 0.999983 3.06779
0.999999 -0.000581467 0.00101076 -0.00715874 0.000586765 0.999986 -0.00524848 -0.00994784 -0.0010077 0.00524907 0.999986 3.07978
1 -0.000367838 0.000817691 -0.00698313 0.000372448 0.999984 -0.00564489 -0.00978573 -0.000815601 0.00564519 0.999984 3.08785
0.999999 0.000657739 0.000865786 -0.00766736 -0.000653217 0.999986 -0.00521258 -0.00983798 -0.000869203 0.00521201 0.999986 3.09462
1 0.000592295 0.000577959 -0.00770121 -0.000589075 0.999984 -0.00555473 -0.00978346 -0.00058124 0.00555439 0.999984 3.09905
0.999946 0.00113443 -0.0102826 -0.00963362 -0.00118773 0.999986 -0.00517885 -0.00943608 0.0102766 0.00519079 0.999934 3.10257
0.999197 0.000471477 -0.0400604 -0.0137009 -0.000674344 0.999987 -0.00505068 -0.00987121 0.0400575 0.00507364 0.999184 3.10246
0.996896 0.000658618 -0.078726 -0.0195729 -0.00106975 0.999986 -0.00518021 -0.00994172 0.0787215 0.00524835 0.996883 3.10074
0.992374 0.000622174 -0.123261 -0.0264001 -0.00132688 0.999983 -0.00563514 -0.0101815 0.123255 0.00575572 0.992358 3.09833
0.987267 0.000706289 -0.15907 -0.0314399 -0.00162784 0.999983 -0.00566312 -0.0101143 0.159063 0.00584996 0.987251 3.09638
0.984075 -4.7593e-05 -0.177752 -0.0339391 -0.000999229 0.999983 -0.0057997 -0.0101932 0.177749 0.00588495 0.984058 3.09514
0.982266 0.000347539 -0.187491 -0.0351729 -0.00148387 0.999981 -0.0059204 -0.010159 0.187485 0.00609362 0.982249 3.09476
0.981277 0.000368986 -0.1926 -0.0358853 -0.00146674 0.999983 -0.00555711 -0.0101105 0.192595 0.00573556 0.981262 3.09494
0.980797 0.000509403 -0.195031 -0.0368039 -0.00162972 0.999983 -0.00558388 -0.0100588 0.195025 0.0057945 0.980781 3.09954
0.980501 0.000696262 -0.196513 -0.0399018 -0.0017955 0.999984 -0.00541563 -0.0100653 0.196506 0.00566287 0.980486 3.11407
0.980384 0.000609516 -0.197095 -0.044151 -0.00170535 0.999984 -0.00539024 -0.010102 0.197089 0.00562063 0.98037 3.13504
0.9803 -4.52737e-05 -0.197513 -0.0492801 -0.00111348 0.999983 -0.00575563 -0.0106874 0.19751 0.00586217 0.980283 3.16091
0.980322 0.000364135 -0.197406 -0.0541923 -0.00152104 0.999983 -0.00570895 -0.0107741 0.197401 0.00589687 0.980305 3.18628
0.978058 0.000160562 -0.208335 -0.059653 -0.0013922 0.999982 -0.00576521 -0.0104289 0.20833 0.00592875 0.978041 3.20387
0.9715 0.000334157 -0.237041 -0.0665185 -0.00172911 0.999982 -0.00567697 -0.0103086 0.237035 0.00592504 0.971483 3.21454
0.961417 -0.000239671 -0.275096 -0.0732496 -0.00136992 0.999983 -0.00565885 -0.0106099 0.275093 0.00581737 0.9614 3.22004
0.948166 -0.000100104 -0.317774 -0.0803757 -0.00166513 0.999985 -0.00528339 -0.0108199 0.31777 0.00553867 0.948152 3.22247
0.935981 -0.000530801 -0.352049 -0.0857618 -0.00138227 0.999986 -0.00518273 -0.0107098 0.352047 0.00533757 0.935967 3.22356
0.929101 -0.000740755 -0.369824 -0.0887486 -0.00142822 0.999983 -0.00559104 -0.0104733 0.369822 0.00572283 0.929085 3.22514
0.92128 -0.000710968 -0.3889 -0.0917645 -0.00156665 0.999983 -0.00553942 -0.0106573 0.388897 0.00571262 0.921264 3.22557
0.907181 -0.000671946 -0.42074 -0.0958813 -0.00172954 0.999984 -0.00532619 -0.0105644 0.420737 0.00555951 0.907166 3.22327
0.888608 -0.000608284 -0.458667 -0.10092 -0.00206716 0.999984 -0.00533102 -0.0105265 0.458663 0.00568533 0.888592 3.21971
0.866773 -0.00112805 -0.498702 -0.105695 -0.00185005 0.999983 -0.00547742 -0.010774 0.4987 0.0056703 0.866756 3.2146
0.842035 -0.0010455 -0.539421 -0.110219 -0.0023542 0.999981 -0.00561307 -0.0105143 0.539417 0.00599631 0.842017 3.20941
0.820902 -0.000849125 -0.571069 -0.113826 -0.00271551 0.999982 -0.00539038 -0.010453 0.571063 0.00597571 0.820884 3.20482
0.809158 -0.00113822 -0.58759 -0.118494 -0.00245737 0.999983 -0.00532106 -0.0105031 0.587585 0.0057495 0.809142 3.20646
0.803174 -0.000987726 -0.595744 -0.127641 -0.00281843 0.999981 -0.0054577 -0.010493 0.595738 0.00606254 0.803156 3.21731
0.799934 -0.00137225 -0.600087 -0.140574 -0.00223406 0.999984 -0.00526479 -0.0106016 0.600084 0.00555211 0.799917 3.23362
0.798306 -0.00140361 -0.602251 -0.156512 -0.00243723 0.999982 -0.00556121 -0.0109434 0.602248 0.00590737 0.798287 3.25467
0.797462 -0.00120205 -0.603369 -0.172176 -0.00257737 0.999982 -0.00539867 -0.0109673 0.603364 0.00586033 0.797444 3.2756
0.790446 -0.00141244 -0.612531 -0.184336 -0.00235394 0.999983 -0.00534354 -0.0113545 0.612528 0.00566564 0.790429 3.28927
0.771566 -0.00153101 -0.636148 -0.195033 -0.00242238 0.999983 -0.00534468 -0.0110217 0.636145 0.00566477 0.771549 3.29629
0.746292 -0.00149681 -0.665617 -0.203405 -0.00256354 0.999984 -0.00512297 -0.011564 0.665614 0.00552956 0.746276 3.29739
0.715487 -0.00156118 -0.698624 -0.211019 -0.00272151 0.999984 -0.00502182 -0.011207 0.698621 0.00549436 0.715471 3.29699
0.689427 -0.00159226 -0.724354 -0.216474 -0.00303137 0.999982 -0.00508335 -0.0109845 0.724349 0.00570038 0.68941 3.29581
0.675324 -0.00160906 -0.737519 -0.219746 -0.00285094 0.999984 -0.00479221 -0.0108346 0.737515 0.00533892 0.675309 3.29595
0.668285 -0.00157387 -0.743904 -0.225055 -0.00312267 0.999983 -0.00492089 -0.0112431 0.743899 0.00561152 0.668269 3.29956
0.664388 -0.0013175 -0.747387 -0.237433 -0.00330712 0.999983 -0.00470264 -0.0112877 0.747381 0.00559608 0.664372 3.31021
0.662231 -0.00130455 -0.749299 -0.254342 -0.0033524 0.999983 -0.00470385 -0.0116851 0.749292 0.00562699 0.662215 3.32562
0.653207 -0.00110759 -0.757179 -0.275519 -0.00376753 0.999982 -0.00471296 -0.0118241 0.75717 0.00593123 0.653191 3.34245
0.629923 -0.00125352 -0.776656 -0.300608 -0.00385881 0.999981 -0.00474373 -0.0119295 0.776648 0.00598516 0.629907 3.3584
0.599039 -0.00176835 -0.800718 -0.323539 -0.0030984 0.999985 -0.00452642 -0.0117697 0.800714 0.00519245 0.599025 3.36963
0.562168 -0.00154217 -0.827021 -0.341759 -0.00338931 0.999986 -0.00416859 -0.0115114 0.827016 0.00514648 0.562155 3.37695
0.52191 -0.00167616 -0.852999 -0.355095 -0.00288112 0.999989 -0.00372782 -0.0110319 0.852996 0.00440318 0.521899 3.38019
0.489467 -0.00173288 -0.87202 -0.364078 -0.00283522 0.99999 -0.0035786 -0.0110952 0.872017 0.00422398 0.489457 3.38146
0.462265 -0.00159891 -0.88674 -0.370488 -0.00303314 0.99999 -0.00338432 -0.0112937 0.886737 0.00425406 0.462255 3.38165
0.426928 -0.00145298 -0.904284 -0.375509 -0.00299466 0.999991 -0.0030206 -0.0112089 0.90428 0.0039976 0.42692 3.37902
0.386509 -0.00144332 -0.922284 -0.378827 -0.00355981 0.999989 -0.00305676 -0.0112814 0.922279 0.00446463 0.3865 3.37434
0.342688 -0.00171389 -0.939448 -0.380585 -0.00360799 0.999989 -0.00314045 -0.0112913 0.939442 0.00446572 0.342678 3.36879
0.30715 -0.0013875 -0.95166 -0.381803 -0.00377386 0.999989 -0.00267599 -0.0112331 0.951654 0.00441336 0.307141 3.3643
0.287642 -0.00128849 -0.957737 -0.382866 -0.00450276 0.999986 -0.00269766 -0.0116342 0.957728 0.00508842 0.287632 3.36177
0.277815 -0.00131227 -0.960634 -0.388105 -0.00443953 0.999987 -0.00264994 -0.0114907 0.960624 0.00500095 0.277806 3.36231
0.273039 -0.00140163 -0.962002 -0.402275 -0.0042048 0.999988 -0.0026504 -0.0115127 0.961994 0.00476869 0.27303 3.36647
0.27022 -0.00197265 -0.962796 -0.423794 -0.00358454 0.999989 -0.0030549 -0.0113694 0.962792 0.00427668 0.27021 3.37248
0.2687 -0.00194171 -0.963222 -0.449754 -0.00360559 0.999989 -0.00302164 -0.0116127 0.963217 0.00428489 0.26869 3.37994
0.257437 -0.00203126 -0.966293 -0.478923 -0.00318818 0.999991 -0.00295148 -0.01151 0.96629 0.00384053 0.257428 3.38632
0.229036 -0.00168549 -0.973416 -0.505508 -0.00377329 0.999989 -0.00261933 -0.0118201 0.973411 0.0042729 0.229028 3.38891
0.189551 -0.00173223 -0.981869 -0.525697 -0.00406926 0.999988 -0.00254977 -0.0119961 0.981863 0.0044788 0.189541 3.38839
0.146345 -0.00193229 -0.989232 -0.537443 -0.00361033 0.99999 -0.00248742 -0.0113327 0.989227 0.00393548 0.146337 3.38554
0.109891 -0.00196679 -0.993942 -0.546323 -0.0037968 0.99999 -0.00239853 -0.0112192 0.993936 0.00403738 0.109883 3.38281
0.0805123 -0.00177691 -0.996752 -0.552729 -0.00408213 0.999989 -0.00211241 -0.0112349 0.996745 0.00423895 0.0805042 3.38014
0.041401 -0.0019471 -0.999141 -0.555795 -0.0036821 0.999991 -0.00210133 -0.0113647 0.999136 0.00376593 0.0413935 3.3758
-0.00319835 -0.00185962 -0.999993 -0.557242 -0.00398972 0.99999 -0.00184685 -0.0114072 0.999987 0.00398379 -0.00320574 3.37017
-0.0504137 -0.00171095 -0.998727 -0.5574 -0.0041114 0.99999 -0.00150558 -0.0114519 0.99872 0.00403026 -0.0504203 3.36401
-0.0884057 -0.00153079 -0.996083 -0.557099 -0.0041408 0.999991 -0.00116929 -0.0114681 0.996076 0.00402121 -0.0884112 3.35957
-0.108072 -0.0015769 -0.994142 -0.561659 -0.00430293 0.99999 -0.00111841 -0.0114254 0.994134 0.00415685 -0.108078 3.35629
-0.118555 -0.00152841 -0.992946 -0.576003 -0.00366178 0.999993 -0.00110205 -0.0114758 0.992941 0.00350529 -0.11856 3.3539
-0.123379 -0.00163197 -0.992358 -0.597564 -0.00382298 0.999992 -0.00116921 -0.0116083 0.992352 0.0036495 -0.123385 3.351
-0.125701 -0.00178064 -0.992067 -0.624293 -0.00391747 0.999991 -0.0012985 -0.0112914 0.99206 0.00372316 -0.125707 3.34762
-0.137581 -0.00171705 -0.990489 -0.649483 -0.00400206 0.999991 -0.00117763 -0.0110723 0.990482 0.00380198 -0.137587 3.34281
-0.167845 -0.00151229 -0.985812 -0.666153 -0.00366782 0.999993 -0.000909564 -0.0107434 0.985807 0.00346311 -0.167849 3.33651
-0.206519 -0.00175327 -0.978441 -0.674994 -0.00424645 0.999991 -0.000895591 -0.011359 0.978433 0.00396994 -0.206524 3.32943
-0.250648 -0.00175457 -0.968077 -0.68121 -0.00385444 0.999992 -0.000814447 -0.0111982 0.968071 0.00352726 -0.250652 3.32228
-0.296075 -0.00214373 -0.955162 -0.684425 -0.00431983 0.99999 -0.000905312 -0.0113016 0.955155 0.0038581 -0.296081 3.31552
-0.331942 -0.00218257 -0.943297 -0.685493 -0.00447185 0.99999 -0.000740123 -0.0112521 0.943289 0.0039726 -0.331949 3.31038
-0.351017 -0.00205939 -0.936367 -0.691864 -0.00414232 0.999991 -0.000646482 -0.0112408 0.93636 0.0036518 -0.351022 3.30597
-0.360341 -0.00246841 -0.932817 -0.706347 -0.00428525 0.99999 -0.000990803 -0.0116928 0.932811 0.00364033 -0.360348 3.29957
-0.365386 -0.00226453 -0.930853 -0.728446 -0.00441619 0.99999 -0.000699245 -0.0119112 0.930845 0.00385533 -0.365393 3.29085
-0.377725 -0.00240947 -0.925915 -0.752637 -0.00436003 0.99999 -0.000823576 -0.0112337 0.925908 0.00372593 -0.377731 3.27981
-0.40622 -0.00217999 -0.913773 -0.774544 -0.00434133 0.99999 -0.000455729 -0.0112397 0.913765 0.00378186 -0.406225 3.26674
-0.442818 -0.00234212 -0.896608 -0.78752 -0.00462136 0.999989 -0.000329767 -0.0112959 0.896599 0.00399752 -0.442824 3.25508
-0.482556 -0.00242025 -0.875862 -0.795154 -0.00453212 0.99999 -0.000266284 -0.0113771 0.875853 0.00384101 -0.482562 3.24552
-0.514149 -0.0023355 -0.857698 -0.799739 -0.00446638 0.99999 -4.5579e-05 -0.0114143 0.857689 0.00380737 -0.514154 3.23818
-0.539334 -0.00211545 -0.842089 -0.802492 -0.00408298 0.999992 0.000102912 -0.011285 0.842082 0.00349374 -0.539338 3.23334
-0.572209 -0.00221371 -0.820105 -0.80221 -0.00405328 0.999992 0.000128804 -0.0112339 0.820098 0.00339782 -0.572213 3.22784
-0.60819 -0.0019489 -0.793789 -0.79977 -0.00384509 0.999992 0.000490888 -0.011287 0.793782 0.00335074 -0.608193 3.22292
-0.645141 -0.00186127 -0.764061 -0.795413 -0.00427425 0.99999 0.001173 -0.0116885 0.764052 0.00402254 -0.645143 3.21807
-0.673491 -0.00186024 -0.739193 -0.792165 -0.00403244 0.999991 0.00115746 -0.011579 0.739184 0.00376029 -0.673493 3.21445
-0.688211 -0.00192219 -0.725508 -0.790883 -0.00376445 0.999992 0.000921513 -0.0112979 0.725501 0.00336534 -0.688213 3.21265
-0.703416 -0.00193977 -0.710776 -0.788798 -0.00380279 0.999992 0.00103435 -0.011274 0.710768 0.00343051 -0.703418 3.2109
-0.727858 -0.00183301 -0.685725 -0.784181 -0.00380454 0.999992 0.00136523 -0.0112439 0.685717 0.00360256 -0.727859 3.20819
-0.755851 -0.00170896 -0.654741 -0.778196 -0.00340126 0.999993 0.00131639 -0.0114958 0.654735 0.00322194 -0.755852 3.20607
-0.785358 -0.00153375 -0.61904 -0.771573 -0.00309607 0.999994 0.00145029 -0.0115006 0.619034 0.00305559 -0.785358 3.20367
-0.813798 -0.00236434 -0.581143 -0.764119 -0.00425929 0.999989 0.00189607 -0.0114482 0.581132 0.00401828 -0.813799 3.20116
-0.841286 -0.00230294 -0.540585 -0.756585 -0.00414689 0.999989 0.00219357 -0.011458 0.540574 0.00408716 -0.841287 3.1994
-0.866901 -0.00208396 -0.498476 -0.748819 -0.0038527 0.999989 0.00251964 -0.0114359 0.498465 0.00410476 -0.8669 3.19774
-0.890627 -0.00187485 -0.454731 -0.741248 -0.00360259 0.999989 0.00293301 -0.0116916 0.45472 0.00425043 -0.890624 3.19678
-0.912023 -0.00216654 -0.410134 -0.733208 -0.00368905 0.999989 0.00292094 -0.0113637 0.410123 0.00417697 -0.912021 3.19602
-0.9316 -0.00192276 -0.363479 -0.725179 -0.00330621 0.999989 0.00318402 -0.0115279 0.363469 0.00416797 -0.931597 3.19566
-0.945175 -0.00180629 -0.32656 -0.718967 -0.00298835 0.999991 0.00311806 -0.011569 0.326552 0.00392299 -0.945171 3.19602
-0.951557 -0.00179516 -0.307469 -0.715969 -0.00300456 0.99999 0.00346009 -0.0116323 0.307459 0.00421628 -0.951552 3.19615
-0.954825 -0.0017132 -0.297164 -0.714368 -0.00286821 0.99999 0.00345078 -0.0115954 0.297155 0.00414722 -0.95482 3.19647
-0.956464 -0.0017726 -0.291845 -0.713644 -0.00288475 0.99999 0.0033805 -0.0116486 0.291836 0.00407522 -0.95646 3.19671
-0.957231 -0.00215972 -0.289318 -0.713076 -0.00340778 0.999987 0.00381012 -0.0116358 0.289306 0.0046331 -0.957226 3.19633
-0.957655 -0.00222723 -0.287908 -0.71279 -0.00348697 0.999986 0.00386272 -0.011569 0.287896 0.00470308 -0.95765 3.19635
-0.960887 -0.00186132 -0.276933 -0.711197 -0.00303557 0.999988 0.00381155 -0.011802 0.276923 0.00450312 -0.960882 3.19671
-0.968823 -0.00207996 -0.247744 -0.706139 -0.00310273 0.999988 0.00373795 -0.0117749 0.247733 0.0043901 -0.968818 3.19735
-0.977849 -0.00232523 -0.209301 -0.699633 -0.00324397 0.999987 0.00404643 -0.0117842 0.209289 0.00463576 -0.977843 3.19807
-0.986059 -0.00207168 -0.166383 -0.693309 -0.00278718 0.999988 0.00406691 -0.0116666 0.166373 0.00447395 -0.986053 3.19497
-0.991503 -0.00239979 -0.130065 -0.689874 -0.00296288 0.999987 0.00413592 -0.0116467 0.130053 0.00448614 -0.991497 3.18199
-0.993771 -0.00242806 -0.111414 -0.6903 -0.0029283 0.999986 0.00432654 -0.0114812 0.111402 0.00462584 -0.993765 3.16157
-0.994866 -0.00154951 -0.101187 -0.692266 -0.00196141 0.99999 0.00397137 -0.0115122 0.10118 0.00414945 -0.99486 3.13578
-0.995403 -0.00129113 -0.095769 -0.694927 -0.00166346 0.999991 0.00380807 -0.0112826 0.0957633 0.00394987 -0.995396 3.11025
-0.995653 -0.00180804 -0.0931176 -0.697498 -0.00222831 0.999988 0.00440958 -0.0112324 0.0931085 0.00459791 -0.995645 3.09227
-0.995786 -0.00194663 -0.0916916 -0.69884 -0.00234756 0.999988 0.0042649 -0.0111355 0.0916823 0.00446218 -0.995778 3.07922
-0.995861 -0.00182821 -0.0908679 -0.700529 -0.00221837 0.999989 0.00419286 -0.0112777 0.0908593 0.00437709 -0.995854 3.06513
-0.995904 -0.00186893 -0.0903946 -0.702527 -0.0022604 0.999989 0.00422855 -0.0112138 0.0903857 0.00441556 -0.995897 3.04383
-0.995922 -0.00169767 -0.090208 -0.705129 -0.00206541 0.99999 0.00398334 -0.011028 0.0902003 0.00415341 -0.995915 3.01758
-0.995861 -0.00188971 -0.0908673 -0.708084 -0.00233662 0.999986 0.0048121 -0.0114818 0.0908569 0.0050045 -0.995851 2.98646
-0.995857 -0.00206759 -0.0909142 -0.711005 -0.00250757 0.999986 0.00472555 -0.0112354 0.0909031 0.00493395 -0.995848 2.95371
-0.995873 -0.00188143 -0.0907401 -0.713887 -0.00230266 0.999987 0.00453774 -0.0114505 0.0907304 0.00472796 -0.995864 2.92334
-0.995894 -0.00177266 -0.0905125 -0.716198 -0.00221575 0.999986 0.00479509 -0.0110397 0.0905027 0.00497596 -0.995884 2.89732
-0.995879 -0.0016241 -0.0906776 -0.718733 -0.00203961 0.999988 0.00448982 -0.0108467 0.0906692 0.00465626 -0.99587 2.86737
-0.995921 -0.000444348 -0.0902337 -0.721452 -0.00090322 0.999987 0.00504461 -0.0116067 0.0902303 0.00510553 -0.995908 2.8343
-0.995913 -0.00019309 -0.0903196 -0.724468 -0.000661113 0.999987 0.00515197 -0.0114914 0.0903174 0.00519062 -0.9959 2.79918
-0.995949 -0.000838705 -0.0899159 -0.727609 -0.0013121 0.999986 0.0052059 -0.0111612 0.0899102 0.00530279 -0.995936 2.76261
-0.995913 -0.00100633 -0.0903137 -0.730655 -0.0014713 0.999986 0.00508194 -0.0110548 0.0903073 0.00519405 -0.9959 2.73051
-0.995903 -0.000823534 -0.0904197 -0.733426 -0.00128245 0.999987 0.0050174 -0.0110516 0.0904144 0.0051128 -0.995891 2.70601
-0.995893 -0.00121657 -0.0905266 -0.734886 -0.00164684 0.999988 0.00467836 -0.0111592 0.0905198 0.00480823 -0.995883 2.68652
-0.995906 -0.000531419 -0.0903956 -0.737561 -0.000966506 0.999988 0.00476944 -0.0109835 0.090392 0.00483728 -0.995895 2.65974
-0.995908 -0.000616029 -0.0903733 -0.739985 -0.00104704 0.999988 0.0047219 -0.0106084 0.0903693 0.0047972 -0.995897 2.62932
-0.995888 -0.000484249 -0.0905926 -0.743235 -0.000937025 0.999987 0.00495547 -0.0104792 0.0905891 0.00501998 -0.995876 2.59613
-0.995917 -0.000713143 -0.0902707 -0.746532 -0.00116775 0.999987 0.00498329 -0.010233 0.090266 0.00506836 -0.995905 2.56149
-0.995983 -0.000401779 -0.089543 -0.749985 -0.000842563 0.999988 0.00488485 -0.0105601 0.0895399 0.00494067 -0.995971 2.52956
-0.995956 -0.000639427 -0.0898384 -0.752235 -0.00108007 0.999988 0.00485629 -0.0100615 0.0898342 0.00493368 -0.995945 2.50187
-0.995991 -0.000679956 -0.0894561 -0.754975 -0.00110747 0.999988 0.00472947 -0.0102896 0.0894519 0.00480957 -0.99598 2.47112
-0.996 -0.000512567 -0.0893484 -0.75795 -0.000945469 0.999988 0.00480285 -0.00997603 0.0893449 0.00486811 -0.995989 2.43763
-0.995972 -0.000651508 -0.0896672 -0.761444 -0.00104706 0.99999 0.0043644 -0.00997219 0.0896635 0.00444071 -0.995962 2.40323
-0.995896 0.000532378 -0.0905051 -0.763069 6.02722e-06 0.999983 0.00581588 -0.00998149 0.0905067 0.00579146 -0.995879 2.36963
-0.995891 0.000481519 -0.0905639 -0.765465 -4.45379e-05 0.999983 0.00580657 -0.00962524 0.0905652 0.00578674 -0.995874 2.34183
-0.995916 0.000351435 -0.0902882 -0.768351 -0.00018719 0.999982 0.00595708 -0.00985217 0.0902887 0.00594965 -0.995898 2.31055
-0.995917 0.000816298 -0.0902697 -0.771357 0.000319061 0.999985 0.00552263 -0.00975477 0.0902728 0.00547128 -0.995902 2.27728
-0.995914 0.000543478 -0.0903068 -0.774238 4.15791e-05 0.999985 0.0055595 -0.00934619 0.0903084 0.00553303 -0.995898 2.24247
-0.9959 0.000103044 -0.090462 -0.77691 -0.000241201 0.999993 0.00379446 -0.0073825 0.0904617 0.00380072 -0.995893 2.20897
-0.995911 -5.22186e-05 -0.0903389 -0.779018 -0.000390137 0.999993 0.00372291 -0.00718439 0.090338 0.00374293 -0.995904 2.18597
-0.995876 0.00105952 -0.0907236 -0.784033 0.000712297 0.999992 0.00385957 -0.00970858 0.090727 0.00377903 -0.995869 2.16843
-0.995888 0.000331831 -0.090589 -0.782201 -2.08064e-05 0.999992 0.00389174 -0.00749418 0.0905896 0.00387762 -0.995881 2.15255
-0.995935 0.000350159 -0.0900794 -0.783832 -1.11437e-06 0.999992 0.00389951 -0.00726446 0.0900801 0.00388376 -0.995927 2.12917
-0.995903 0.000126167 -0.0904293 -0.785431 -0.000220069 0.999993 0.00381882 -0.00733167 0.0904292 0.00382308 -0.995896 2.101
-0.995892 -0.000384494 -0.0905505 -0.787967 -0.000738739 0.999992 0.00387864 -0.0068981 0.0905483 0.0039296 -0.995884 2.06971
-0.995916 0.000476505 -0.0902818 -0.791156 0.000144792 0.999993 0.0036807 -0.00716775 0.0902829 0.0036526 -0.995909 2.0363
-0.995892 -0.000388284 -0.0905431 -0.793798 -0.000726196 0.999993 0.00369914 -0.00689702 0.090541 0.0037497 -0.995886 2.00547
