1 -0 0 -0 -0 1 -0 0 0 -0 1 -0
1 4.54931e-06 1.13388e-05 -1.19105e-06 -4.54929e-06 1 -1.73616e-06 4.72743e-07 -1.13388e-05 1.73611e-06 1 -4.95789e-06
1 4.5505e-06 1.13401e-05 -1.19087e-06 -4.55048e-06 1 -1.73659e-06 4.72765e-07 -1.13401e-05 1.73654e-06 1 -4.95851e-06
1 4.55168e-06 1.13413e-05 -1.19069e-06 -4.55166e-06 1 -1.73701e-06 4.72788e-07 -1.13413e-05 1.73696e-06 1 -4.95913e-06
1 4.55286e-06 1.13425e-05 -1.19052e-06 -4.55284e-06 1 -1.73744e-06 4.7281e-07 -1.13426e-05 1.73739e-06 1 -4.95975e-06
1 4.55404e-06 1.13438e-05 -1.19034e-06 -4.55403e-06 1 -1.73787e-06 4.72832e-07 -1.13438e-05 1.73782e-06 1 -4.96037e-06
1 4.55523e-06 1.1345e-05 -1.19016e-06 -4.55521e-06 1 -1.7383e-06 4.72855e-07 -1.1345e-05 1.73825e-06 1 -4.96099e-06
1 4.55641e-06 1.13463e-05 -1.18998e-06 -4.55639e-06 1 -1.73872e-06 4.72877e-07 -1.13463e-05 1.73867e-06 1 -4.96161e-06
1 4.55759e-06 1.13475e-05 -1.1898e-06 -4.55757e-06 1 -1.73915e-06 4.729e-07 -1.13475e-05 1.7391e-06 1 -4.96223e-06
1 4.55878e-06 1.13488e-05 -1.18962e-06 -4.55876e-06 1 -1.73958e-06 4.72922e-07 -1.13488e-05 1.73953e-06 1 -4.96285e-06
1 4.55996e-06 1.135e-05 -1.18944e-06 -4.55994e-06 1 -1.74001e-06 4.72944e-07 -1.135e-05 1.73996e-06 1 -4.96347e-06
1 4.56114e-06 1.13512e-05 -1.18927e-06 -4.56112e-06 1 -1.74043e-06 4.72967e-07 -1.13512e-05 1.74038e-06 1 -4.96409e-06
1 4.56232e-06 1.13525e-05 -1.18909e-06 -4.5623e-06 1 -1.74086e-06 4.72989e-07 -1.13525e-05 1.74081e-06 1 -4.96471e-06
1 4.56351e-06 1.13537e-05 -1.18891e-06 -4.56349e-06 1 -1.74129e-06 4.73012e-07 -1.13537e-05 1.74124e-06 1 -4.96533e-06
1 4.56469e-06 1.1355e-05 -1.18873e-06 -4.56467e-06 1 -1.74172e-06 4.73034e-07 -1.1355e-05 1.74167e-06 1 -4.96595e-06
1 4.56587e-06 1.13562e-05 -1.18855e-06 -4.56585e-06 1 -1.74214e-06 4.73056e-07 -1.13562e-05 1.74209e-06 1 -4.96657e-06
1 4.56705e-06 1.13575e-05 -1.18837e-06 -4.56703e-06 1 -1.74257e-06 4.73079e-07 -1.13575e-05 1.74252e-06 1 -4.96719e-06
1 4.56824e-06 1.13587e-05 -1.18819e-06 -4.56822e-06 1 -1.743e-06 4.73101e-07 -1.13587e-05 1.74295e-06 1 -4.96781e-06
1 4.56942e-06 1.13599e-05 -1.18801e-06 -4.5694e-06 1 -1.74343e-06 4.73124e-07 -1.13599e-05 1.74338e-06 1 -4.96843e-06
1 4.5706e-06 1.13612e-05 -1.18784e-06 -4.57058e-06 1 -1.74385e-06 4.73146e-07 -1.13612e-05 1.7438e-06 1 -4.96905e-06
1 4.57178e-06 1.13624e-05 -1.18766e-06 -4.57176e-06 1 -1.74428e-06 4.73168e-07 -1.13624e-05 1.74423e-06 1 -4.96967e-06
1 0.000546065 0.00014068 0.000596282 -0.000546205 0.999999 0.000996502 -0.000146625 -0.000140136 -0.000996579 0.999999 0.000705466
1 0.000303234 8.24128e-05 -8.56918e-05 -0.000303281 1 0.000578025 -0.00016511 -8.22375e-05 -0.00057805 1 0.00519109
1 0.000615106 0.000246416 0.000767422 -0.000615351 0.999999 0.000995797 0.000152 -0.000245804 -0.000995948 0.999999 0.0151224
1 0.000552875 0.00020222 0.000513076 -0.0005531 0.999999 0.00111524 8.08589e-05 -0.000201603 -0.00111535 0.999999 0.030898
1 0.000951198 -0.000244471 -0.000199796 -0.000951002 0.999999 0.000800594 -0.000107123 0.000245232 -0.000800361 1 0.0475621
1 0.000803015 0.000129329 -0.000530841 -0.000802978 1 -0.00028743 0.000754585 -0.000129559 0.000287326 1 0.0701659
0.999999 0.000906597 0.000508384 -0.000251765 -0.000906478 1 -0.000235219 0.000597276 -0.000508597 0.000234758 1 0.0883095
1 0.000703643 0.000675019 -9.94838e-05 -0.000703403 1 -0.000355606 0.000377762 -0.000675269 0.000355131 1 0.104202
1 0.000631119 0.000401619 -9.78631e-05 -0.000631023 1 -0.000241039 0.00107553 -0.000401771 0.000240786 1 0.118554
1 0.000782486 0.000378333 -0.000574697 -0.0007824 1 -0.000226575 0.00129062 -0.00037851 0.000226279 1 0.141042
0.999993 -0.0014535 -0.00354997 0.00519464 0.00145009 0.999998 -0.000964496 -0.00145393 0.00355136 0.000959341 0.999993 0.160625
0.999993 -0.00142135 -0.00335684 0.00509523 0.00141911 0.999999 -0.00067108 -0.000719903 0.00335779 0.000666312 0.999994 0.183676
0.999992 -0.00155181 -0.0036597 0.00461537 0.00155037 0.999999 -0.000394793 -0.00107802 0.0036603 0.000389116 0.999993 0.210673
0.999994 -0.000467265 -0.00354973 0.00442373 0.000466024 1 -0.000350399 -0.00189375 0.0035499 0.000348743 0.999994 0.231887
0.999994 -0.00130695 -0.00323413 0.00463656 0.00130438 0.999999 -0.0007959 -0.00124729 0.00323517 0.000791676 0.999994 0.264818
0.999998 -0.00144789 -0.00115267 -0.00189012 0.0014522 0.999992 0.0037501 -0.00607721 0.00114723 -0.00375177 0.999992 0.282856
0.999999 -0.000809888 -0.00133987 -0.00197008 0.000815182 0.999992 0.00395512 -0.00530712 0.00133666 -0.0039562 0.999991 0.31071
0.999998 -0.00174346 -0.00124245 -0.00239371 0.00174852 0.99999 0.00407735 -0.00533401 0.00123533 -0.00407952 0.999991 0.331752
0.999998 -0.00165256 -0.000995391 -0.00221591 0.00165606 0.999992 0.00352447 -0.00556977 0.000989559 -0.00352611 0.999993 0.352853
0.999999 -0.00105069 -0.00133064 -0.00294897 0.00105606 0.999991 0.00403995 -0.00550417 0.00132638 -0.00404135 0.999991 0.374708
0.999995 -0.0020505 -0.00237684 0.000494078 0.0020596 0.999991 0.00383278 -0.00676395 0.00236896 -0.00383766 0.99999 0.397714
0.999994 -0.00220298 -0.00273967 0.000546137 0.00221237 0.999992 0.00342779 -0.00641748 0.0027321 -0.00343383 0.99999 0.423507
0.999995 -0.00198427 -0.002655 -0.000686298 0.00199321 0.999992 0.00336819 -0.00643415 0.0026483 -0.00337346 0.999991 0.448215
0.999994 -0.00230287 -0.002668 0.000236937 0.00231174 0.999992 0.00332871 -0.0067457 0.00266031 -0.00333485 0.999991 0.47833
0.999994 -0.00228598 -0.00263659 -0.00040623 0.00229552 0.999991 0.0036228 -0.00633577 0.00262829 -0.00362883 0.99999 0.508295
0.999992 -0.0021565 -0.00324568 0.000764833 0.00216833 0.999991 0.00364662 -0.00641575 0.00323779 -0.00365363 0.999988 0.538461
0.999993 -0.00215478 -0.00321319 0.000819717 0.00216664 0.999991 0.00369051 -0.00547424 0.00320521 -0.00369744 0.999988 0.564565
0.999992 -0.00232272 -0.00338104 3.34647e-05 0.00233296 0.999993 0.00302658 -0.00689494 0.00337399 -0.00303444 0.99999 0.592528
0.99999 -0.00249208 -0.00368422 0.000599485 0.00250408 0.999992 0.00325474 -0.00646147 0.00367607 -0.00326394 0.999988 0.621342
0.999989 -0.00248013 -0.00397031 0.000649532 0.00249385 0.999991 0.00345386 -0.00688419 0.00396171 -0.00346372 0.999986 0.651675
0.999992 -0.00171298 -0.00366334 0.000712524 0.00172059 0.999996 0.0020756 -0.00453228 0.00365977 -0.00208188 0.999991 0.684689
0.99999 -0.00142418 -0.00413011 0.000531963 0.00143278 0.999997 0.00208018 -0.00443773 0.00412713 -0.00208608 0.999989 0.710002
0.999991 -0.00130972 -0.00394402 0.000353753 0.00131631 0.999998 0.0016685 -0.00422883 0.00394183 -0.00167368 0.999991 0.730877
0.999991 -0.00166272 -0.00399077 0.000409752 0.00167211 0.999996 0.00235171 -0.00471164 0.00398684 -0.00235836 0.999989 0.745369
0.999991 -0.00185803 -0.00390449 4.70114e-05 0.0018658 0.999996 0.00198595 -0.00465017 0.00390078 -0.00199322 0.99999 0.757693
0.999993 -0.00150421 -0.00347509 1.25874e-05 0.00151992 0.999989 0.00452276 -0.007513 0.00346825 -0.00452801 0.999984 0.763937
0.999993 -0.00182173 -0.00332967 -0.00041573 0.00183616 0.999989 0.00433397 -0.00763591 0.00332174 -0.00434006 0.999985 0.770368
0.999993 -0.00122443 -0.00362362 0.000188873 0.0012389 0.999991 0.00399399 -0.0075351 0.0036187 -0.00399845 0.999985 0.77751
0.999993 -0.00137087 -0.00335285 -2.3623e-05 0.00138465 0.999991 0.00411121 -0.0080401 0.00334718 -0.00411583 0.999986 0.781673
0.999993 -0.00126024 -0.00353072 -1.55576e-05 0.00127588 0.999989 0.0044294 -0.00781598 0.0035251 -0.00443387 0.999984 0.784968
0.999992 -0.00186157 -0.00356639 -0.000478839 0.00187717 0.999989 0.0043754 -0.00810306 0.00355821 -0.00438206 0.999984 0.787527
0.999993 -0.00098833 -0.00358331 0.000413568 0.0010042 0.99999 0.00442855 -0.00777847 0.0035789 -0.00443212 0.999984 0.789591
0.999993 -0.00140346 -0.00344553 7.16732e-05 0.00141869 0.999989 0.00442189 -0.00773598 0.00343929 -0.00442675 0.999984 0.791702
0.999993 -0.00160416 -0.00345018 -0.000426816 0.0016186 0.99999 0.00418836 -0.00753137 0.00344342 -0.00419391 0.999985 0.793235
0.999994 -0.00136449 -0.00331532 -0.000161414 0.00137863 0.99999 0.00426791 -0.00760399 0.00330946 -0.00427245 0.999985 0.793493
0.999995 -0.001093 -0.00284512 -0.000858615 0.0011028 0.999993 0.00344739 -0.00549431 0.00284133 -0.00345051 0.99999 0.793899
0.999996 -0.00132507 -0.00264974 -0.000939384 0.00133441 0.999993 0.00352488 -0.00551383 0.00264505 -0.0035284 0.99999 0.794809
0.999995 -0.00140755 -0.00287967 -0.00101046 0.00141742 0.999993 0.00342746 -0.00594383 0.00287483 -0.00343153 0.99999 0.79551
0.999995 -0.00143704 -0.00286565 -0.000837258 0.00144786 0.999992 0.00377638 -0.00593035 0.0028602 -0.00378051 0.999989 0.795801
0.999995 -0.00122196 -0.0028871 -0.0010243 0.00123185 0.999993 0.00342486 -0.00576782 0.0028829 -0.00342839 0.99999 0.796161
0.999996 -0.00112262 -0.00273275 -0.000981453 0.00113292 0.999992 0.00376967 -0.00569 0.00272849 -0.00377275 0.999989 0.796199
0.999996 -0.000995272 -0.00274336 -0.00111332 0.0010047 0.999994 0.00343777 -0.00561333 0.00273992 -0.00344051 0.99999 0.796969
0.999996 -0.000929815 -0.00269453 -0.00110035 0.000938698 0.999994 0.00329724 -0.00568214 0.00269144 -0.00329975 0.999991 0.796808
0.999996 -0.000946751 -0.00265029 -0.00100084 0.000955938 0.999994 0.0034673 -0.00554001 0.00264699 -0.00346982 0.99999 0.796571
0.999996 -0.000943101 -0.00278116 -0.000773316 0.000952754 0.999994 0.00347178 -0.00561288 0.00277787 -0.00347441 0.99999 0.79658
0.999996 -0.00107695 -0.00272109 -0.000654362 0.00108634 0.999993 0.0034535 -0.00561622 0.00271736 -0.00345644 0.99999 0.796832
0.999996 -0.000948319 -0.00275301 -0.000723396 0.000958052 0.999993 0.00353646 -0.00541375 0.00274964 -0.00353908 0.99999 0.796824
0.999996 -0.00109544 -0.00277475 -0.000796917 0.00110491 0.999994 0.00341403 -0.0055259 0.00277099 -0.00341708 0.99999 0.797396
0.999995 -0.00112107 -0.00280608 -0.000964191 0.00113056 0.999994 0.00338373 -0.00558883 0.00280227 -0.00338689 0.99999 0.797352
0.999996 -0.000955535 -0.00276122 -0.000831421 0.000964699 0.999994 0.00331947 -0.00542821 0.00275803 -0.00332212 0.999991 0.797419
0.999996 -0.00103128 -0.00274628 -0.000900154 0.00104074 0.999994 0.00344723 -0.00553747 0.00274271 -0.00345007 0.99999 0.797514
0.999996 -0.00107111 -0.00263764 -0.00097746 0.00108037 0.999993 0.00351125 -0.00544859 0.00263386 -0.00351408 0.99999 0.797382
0.999996 -0.00126929 -0.0026045 -0.000862258 0.00127859 0.999993 0.00357141 -0.00549595 0.00259995 -0.00357472 0.99999 0.797465
0.999996 -0.00128447 -0.00263333 -0.000923528 0.00129349 0.999993 0.00342457 -0.00555223 0.00262892 -0.00342796 0.999991 0.797515
0.999996 -0.00132387 -0.0025665 -0.00100527 0.00133268 0.999993 0.00343468 -0.0056076 0.00256193 -0.00343809 0.999991 0.797491
0.999996 -0.00121803 -0.00262723 -0.000893756 0.00122709 0.999993 0.00345239 -0.00563542 0.00262301 -0.0034556 0.999991 0.797651
0.999996 -0.00133478 -0.00265657 -0.000992345 0.00134379 0.999993 0.00339378 -0.0056053 0.00265203 -0.00339734 0.999991 0.797452
0.999996 -0.00140423 -0.00258279 -0.000959436 0.00141331 0.999993 0.00351805 -0.00568619 0.00257784 -0.00352168 0.99999 0.797483
0.999996 -0.00127818 -0.00261459 -0.000938915 0.00128705 0.999993 0.00339219 -0.00551674 0.00261023 -0.00339554 0.999991 0.797457
0.999996 -0.00131747 -0.00263027 -0.000921529 0.00132631 0.999993 0.0033632 -0.00553165 0.00262582 -0.00336667 0.999991 0.79743
0.999996 -0.00131747 -0.00259788 -0.000912156 0.00132642 0.999993 0.00344807 -0.00558119 0.00259332 -0.0034515 0.999991 0.797483
0.999996 -0.00133978 -0.00260424 -0.000959343 0.00134879 0.999993 0.00346071 -0.00556062 0.00259958 -0.0034642 0.999991 0.797461
0.999996 -0.00140381 -0.00261129 -0.000985805 0.00141293 0.999993 0.00349701 -0.00563596 0.00260636 -0.00350068 0.99999 0.79743
0.999996 -0.0013356 -0.00262904 -0.00084638 0.00134485 0.999993 0.00352044 -0.00567942 0.00262432 -0.00352396 0.99999 0.797465
0.999996 -0.00134468 -0.00262944 -0.000996569 0.00135371 0.999993 0.00343543 -0.00554385 0.0026248 -0.00343898 0.999991 0.797365
0.999995 -0.00128716 -0.00271217 -0.000953846 0.00129659 0.999993 0.00347827 -0.00555298 0.00270768 -0.00348177 0.99999 0.79736
0.999996 -0.00124783 -0.00269677 -0.000976019 0.00125714 0.999993 0.00345102 -0.00550326 0.00269245 -0.00345439 0.99999 0.797369
0.999996 -0.00110629 -0.00272285 -0.00093593 0.0011155 0.999994 0.00338325 -0.00535134 0.00271909 -0.00338627 0.999991 0.797414
0.999996 -0.00116288 -0.00269657 -0.000934762 0.00117219 0.999993 0.00345004 -0.00544395 0.00269254 -0.00345319 0.99999 0.797445
0.999996 -0.00115968 -0.00268594 -0.000879891 0.00116916 0.999993 0.00353075 -0.00535869 0.00268183 -0.00353388 0.99999 0.797175
0.999996 -0.00110841 -0.00267391 -0.000819463 0.00111774 0.999993 0.00349197 -0.00524708 0.00267002 -0.00349494 0.99999 0.797137
0.999996 -0.00110852 -0.002674 -0.000819379 0.00111785 0.999993 0.00349207 -0.00524721 0.00267011 -0.00349504 0.99999 0.797137
0.999996 -0.000995722 -0.00274553 -0.000769409 0.00100526 0.999993 0.00347625 -0.00523548 0.00274205 -0.003479 0.99999 0.797168
0.999996 -0.00106222 -0.00273061 -0.000785988 0.00107188 0.999993 0.00353973 -0.00531916 0.00272683 -0.00354264 0.99999 0.797168
0.999996 -0.00115736 -0.00269447 -0.000811079 0.001167 0.999993 0.0035817 -0.00532947 0.0026903 -0.00358483 0.99999 0.79716
0.999996 -0.00121019 -0.00268423 -0.000825084 0.00121991 0.999993 0.00362352 -0.00538521 0.00267982 -0.00362678 0.99999 0.797154
0.999996 -0.00121006 -0.00268439 -0.000825173 0.00121978 0.999993 0.00362359 -0.00538519 0.00267999 -0.00362685 0.99999 0.797154
0.999996 -0.00121006 -0.00268439 -0.000825173 0.00121978 0.999993 0.00362359 -0.00538519 0.00267999 -0.00362685 0.99999 0.797154
0.999996 -0.00121901 -0.00265075 -0.000814411 0.00122846 0.999993 0.00356573 -0.00535911 0.00264639 -0.00356897 0.99999 0.797162
0.999996 -0.00121901 -0.00265075 -0.000814411 0.00122846 0.999993 0.00356573 -0.00535911 0.00264639 -0.00356897 0.99999 0.797162
0.999996 -0.00121901 -0.00265075 -0.000814411 0.00122846 0.999993 0.00356573 -0.00535911 0.00264639 -0.00356897 0.99999 0.797162
0.999996 -0.00121901 -0.00265075 -0.000814411 0.00122846 0.999993 0.00356573 -0.00535911 0.00264639 -0.00356897 0.99999 0.797162
0.999996 -0.00121901 -0.00265075 -0.000814411 0.00122846 0.999993 0.00356573 -0.00535911 0.00264639 -0.00356897 0.99999 0.797162
0.999995 -0.00131745 -0.00287226 -0.000735934 0.00132756 0.999993 0.00352176 -0.00589126 0.0028676 -0.00352555 0.99999 0.799402
0.999996 -0.00146342 -0.00259503 -0.000921061 0.00147183 0.999994 0.00324191 -0.00574864 0.00259027 -0.00324572 0.999991 0.808502
0.999994 -0.000820153 -0.00326491 -0.000424311 0.000832398 0.999993 0.00375079 -0.00610767 0.00326181 -0.00375348 0.999988 0.822788
0.999994 -0.00116461 -0.0031074 -0.00102343 0.00117665 0.999992 0.00387296 -0.00615899 0.00310287 -0.0038766 0.999988 0.838288
0.999994 -0.00101137 -0.00334191 -0.000753429 0.0010229 0.999994 0.00345183 -0.00602297 0.0033384 -0.00345523 0.999988 0.856374
0.999994 -0.000726482 -0.00341084 -0.000425805 0.000740008 0.999992 0.00396619 -0.00600574 0.00340793 -0.00396869 0.999986 0.884192
0.999995 -0.00074894 -0.00313317 -0.00110304 0.000759124 0.999994 0.00325066 -0.00639 0.00313072 -0.00325302 0.99999 0.899589
0.999994 -0.00109978 -0.00314679 -0.00076746 0.00110676 0.999997 0.00221456 -0.00557026 0.00314434 -0.00221803 0.999993 0.920192
0.999993 -0.00173626 -0.00345368 -0.000981333 0.00174476 0.999995 0.00245982 -0.00542469 0.00344939 -0.00246583 0.999991 0.939334
0.999993 -0.00167223 -0.00344196 -0.0014799 0.0016802 0.999996 0.00231319 -0.00563441 0.00343807 -0.00231896 0.999991 0.96109
0.999993 -0.00168752 -0.00329631 -0.00215992 0.00169498 0.999996 0.00226165 -0.00579302 0.00329248 -0.00226723 0.999992 1.001
0.999992 -0.00128736 -0.00388703 -0.00155417 0.00129676 0.999996 0.00241668 -0.00538762 0.0038839 -0.0024217 0.99999 1.0288
0.99999 -0.0019319 -0.00412494 -0.00253496 0.00195929 0.999976 0.00664726 -0.00888704 0.004112 -0.00665527 0.999969 1.05865
0.999991 -0.00135438 -0.00406801 -0.00297459 0.00138184 0.999976 0.00675492 -0.00811092 0.00405876 -0.00676048 0.999969 1.08446
0.99999 -0.00202247 -0.00396608 -0.00292377 0.0020504 0.999973 0.00705032 -0.00827937 0.00395171 -0.00705838 0.999967 1.11559
0.99999 -0.00252622 -0.00378928 -0.00303 0.00255012 0.999977 0.00631712 -0.00854493 0.00377324 -0.00632672 0.999973 1.14971
0.99999 -0.00176832 -0.00404572 -0.00370095 0.00179599 0.999975 0.00684673 -0.00710176 0.00403351 -0.00685393 0.999968 1.18017
0.999995 -0.00216609 -0.0024479 -0.00494307 0.00218126 0.999978 0.00620968 -0.00765495 0.0024344 -0.00621498 0.999978 1.20868
0.999994 -0.0022539 -0.00255664 -0.0050416 0.00226942 0.999979 0.00608253 -0.00712433 0.00254288 -0.00608829 0.999978 1.23963
0.999994 -0.0025642 -0.0022045 -0.00654213 0.00257651 0.999981 0.00559979 -0.00784026 0.0021901 -0.00560544 0.999982 1.27615
0.999994 -0.00203772 -0.00274176 -0.0061799 0.00205468 0.999979 0.00619778 -0.00737463 0.00272907 -0.00620337 0.999977 1.30341
0.999991 -0.00337273 -0.00267859 -0.00670245 0.00338939 0.999975 0.00624062 -0.00768754 0.00265747 -0.00624964 0.999977 1.33444
0.999996 -0.00157175 -0.00240442 -0.00423553 0.00158207 0.99999 0.00429353 -0.0048252 0.00239765 -0.00429732 0.999988 1.36774
0.999995 -0.00126696 -0.00274164 -0.00504045 0.00128016 0.999988 0.00481802 -0.00455632 0.0027355 -0.00482151 0.999985 1.39143
0.999996 -0.00150384 -0.00238385 -0.0059905 0.00151519 0.999987 0.00476819 -0.00395367 0.00237665 -0.00477178 0.999986 1.42693
0.999996 -0.00113131 -0.00252873 -0.00508296 0.00114327 0.999988 0.00473278 -0.00474811 0.00252335 -0.00473566 0.999986 1.45455
0.999996 -0.000940018 -0.00271041 -0.00361548 0.000955013 0.999984 0.0055364 -0.00368271 0.00270516 -0.00553896 0.999981 1.48194
0.999994 -0.00166107 -0.00308948 -0.0031996 0.00168463 0.999969 0.00763974 -0.00840912 0.0030767 -0.00764489 0.999966 1.51693
0.999994 -0.00172247 -0.00316416 -0.00399236 0.00174684 0.999969 0.0077148 -0.0075299 0.00315077 -0.00772028 0.999965 1.54566
0.999994 -0.00180711 -0.00295555 -0.00425822 0.00182986 0.999969 0.00771427 -0.00789198 0.00294151 -0.00771964 0.999966 1.58024
0.999994 -0.00145309 -0.00301894 -0.00411546 0.00147583 0.99997 0.00754302 -0.00648066 0.00300789 -0.00754743 0.999967 1.60667
0.999994 -0.00116386 -0.00335867 -0.00293111 0.00118923 0.999971 0.0075618 -0.00806878 0.00334977 -0.00756574 0.999966 1.63699
0.999993 -0.00199926 -0.00309347 -0.00261938 0.00202308 0.999968 0.00771707 -0.00574563 0.00307794 -0.00772328 0.999965 1.66584
0.999993 -0.00222837 -0.00284312 -0.00323112 0.00224896 0.999971 0.0072626 -0.00614869 0.00282685 -0.00726895 0.99997 1.69747
0.999993 -0.00240446 -0.00280553 -0.00332596 0.00242765 0.999963 0.00829165 -0.00526446 0.00278549 -0.00829841 0.999962 1.7207
0.999993 -0.00189533 -0.00325346 -0.00330567 0.00192167 0.999965 0.00811287 -0.0054133 0.00323797 -0.00811906 0.999962 1.75632
0.999995 -0.00154482 -0.00270276 -0.00342727 0.00156537 0.99997 0.00761872 -0.0048999 0.00269091 -0.00762291 0.999967 1.78502
0.999986 -0.00282581 -0.00455153 -0.00345843 0.00285956 0.999968 0.00742479 -0.00524985 0.00453041 -0.0074377 0.999962 1.81967
0.999985 -0.00237867 -0.00489045 -0.00374508 0.00241282 0.999973 0.00698891 -0.00510232 0.00487369 -0.00700061 0.999964 1.84776
0.999986 -0.00245606 -0.00477594 -0.00466921 0.00249137 0.99997 0.00740047 -0.00462233 0.00475761 -0.00741226 0.999961 1.88329
0.999987 -0.0022829 -0.00465746 -0.00428947 0.0023155 0.999973 0.00700657 -0.00440496 0.00464133 -0.00701726 0.999965 1.91647
0.999986 -0.00271026 -0.00456683 -0.00397871 0.00274405 0.999969 0.00740883 -0.00450712 0.00454661 -0.00742126 0.999962 1.94355
0.999988 -0.00133933 -0.00479625 -0.0022388 0.00137708 0.999968 0.00787499 -0.00432561 0.00478555 -0.0078815 0.999957 1.97461
0.999987 -0.00100018 -0.00507083 -0.00200815 0.00103908 0.99997 0.00767391 -0.00370428 0.005063 -0.00767907 0.999958 2.00291
0.999987 -0.000894271 -0.00494919 -0.00300978 0.000933178 0.999969 0.00786447 -0.00386257 0.004942 -0.00786899 0.999957 2.03026
0.999988 -0.00104985 -0.00478411 -0.00375215 0.00108672 0.99997 0.00771096 -0.00401088 0.00477587 -0.00771607 0.999959 2.07098
0.999987 -0.00157797 -0.00481042 -0.00539176 0.00161627 0.999967 0.00796759 -0.00403916 0.00479769 -0.00797526 0.999957 2.1017
0.999973 -0.00283806 -0.00679377 0.000471587 0.00288706 0.99997 0.00721297 -0.000399689 0.00677309 -0.00723239 0.999951 2.12906
0.99997 -0.00380283 -0.00679987 0.000354103 0.00385331 0.999965 0.00742636 -0.000410027 0.00677139 -0.00745234 0.999949 2.16167
0.999972 -0.00281205 -0.00696981 -6.97729e-05 0.00285707 0.999975 0.00645879 -0.000446163 0.00695148 -0.00647852 0.999955 2.19363
0.999974 -0.00228431 -0.00679558 0.000884869 0.00232951 0.999975 0.00665074 -0.000428914 0.00678022 -0.0066664 0.999955 2.22072
0.999978 -0.00183456 -0.0063157 0.00111163 0.00187501 0.999978 0.00640521 -0.000624663 0.00630381 -0.00641692 0.99996 2.25673
0.999979 -0.000856837 -0.00635706 -0.00131203 0.00091108 0.999963 0.00853459 -0.00218349 0.00634951 -0.00854021 0.999943 2.28135
0.999979 -0.00150398 -0.00628745 -0.00207023 0.00155492 0.999966 0.00810437 -0.00196366 0.00627505 -0.00811398 0.999947 2.31699
0.999979 -0.00111833 -0.00632374 -0.00184841 0.0011727 0.999962 0.00860083 -0.00140994 0.00631388 -0.00860806 0.999943 2.34926
0.99998 -0.00141238 -0.00610112 -0.00179575 0.00146487 0.999962 0.00860841 -0.00145526 0.00608873 -0.00861717 0.999944 2.38028
0.999979 -0.0010697 -0.00639221 -0.00218591 0.00112529 0.999962 0.00869928 -0.0010214 0.00638266 -0.00870629 0.999942 2.40745
0.999984 -0.000683564 -0.00566199 -0.00372484 0.000754242 0.999922 0.0124902 -0.00349967 0.00565301 -0.0124943 0.999906 2.43799
0.999985 -0.000361353 -0.00544151 -0.00385597 0.000428267 0.999924 0.0123007 -0.00307127 0.00543665 -0.0123029 0.99991 2.46992
0.999984 -0.000818968 -0.00567681 -0.00304179 0.000888137 0.999925 0.0121927 -0.00268623 0.0056664 -0.0121976 0.99991 2.50163
0.999985 -0.000606013 -0.00553045 -0.00485696 0.000675159 0.999922 0.0125096 -0.00267683 0.00552244 -0.0125131 0.999906 2.53453
0.999984 -0.00061891 -0.00566816 -0.00377552 0.000687047 0.999927 0.0120271 -0.00249711 0.0056603 -0.0120308 0.999912 2.56129
0.999976 -0.00105149 -0.00684603 -0.00120459 0.0011223 0.999946 0.0103467 0.000273267 0.00683478 -0.0103541 0.999923 2.59707
0.999976 -0.000950163 -0.00688381 -0.00179547 0.00102078 0.999947 0.0102619 0.00051992 0.00687369 -0.0102687 0.999924 2.62491
0.999975 -0.00087304 -0.00695423 -0.00107313 0.000944227 0.999947 0.0102398 0.000722498 0.00694492 -0.0102461 0.999923 2.66129
0.999975 -0.000565111 -0.00708777 -0.00162206 0.000639778 0.999944 0.0105367 0.0024424 0.00708142 -0.010541 0.999919 2.69836
0.999972 -0.00168295 -0.00732618 -0.00229849 0.0017583 0.999946 0.0102905 0.00149125 0.00730847 -0.0103031 0.99992 2.72595
0.99998 -0.000551071 -0.00624952 -0.00477888 0.000616802 0.999944 0.0105208 0.00210079 0.00624337 -0.0105245 0.999925 2.75842
0.999979 -0.000642435 -0.00639266 -0.00510355 0.000705613 0.999951 0.0098855 0.00196428 0.006386 -0.0098898 0.999931 2.78663
0.999981 -0.00085039 -0.00614583 -0.004999 0.000910369 0.999952 0.00976317 0.00268382 0.00613723 -0.00976857 0.999933 2.82178
0.99998 -0.000607485 -0.00628104 -0.00561912 0.000670332 0.99995 0.0100086 0.00335766 0.00627464 -0.0100127 0.99993 2.85329
0.999979 -0.000954537 -0.00644929 -0.00511812 0.00102086 0.999947 0.0102886 0.00237524 0.00643912 -0.010295 0.999926 2.88537
0.999974 0.000692589 -0.00722998 -0.00283226 -0.00062618 0.999958 0.00918351 0.00322178 0.00723604 -0.00917874 0.999932 2.91303
0.999973 0.000667797 -0.00727406 -0.00338271 -0.000598536 0.999955 0.00951972 0.0034765 0.00728008 -0.00951511 0.999928 2.94482
0.999973 0.000508865 -0.00728345 -0.00398207 -0.000439499 0.999955 0.00952221 0.00382435 0.00728796 -0.00951875 0.999928 2.97306
0.999971 0.000775326 -0.00757363 -0.00475135 -0.000703751 0.999955 0.00944873 0.00399747 0.00758062 -0.00944313 0.999927 3.00941
0.999975 0.00063056 -0.00703717 -0.00518295 -0.000571697 0.999965 0.00836349 0.00611873 0.00704219 -0.00835926 0.99994 3.03704
0.999977 0.00067492 -0.00673023 -0.00535827 -0.000618016 0.999964 0.00845351 0.00716976 0.0067357 -0.00844916 0.999942 3.07339
0.999977 1.60495e-05 -0.00676214 -0.00609668 4.47363e-05 0.99996 0.00898887 0.00696222 0.00676201 -0.00898897 0.999937 3.10897
0.999977 0.000614626 -0.00669098 -0.00628395 -0.000560327 0.999967 0.00811419 0.00651011 0.00669575 -0.00811025 0.999945 3.14091
0.999977 0.00100193 -0.00668882 -0.00649622 -0.000946043 0.999965 0.0083526 0.00677906 0.00669695 -0.00834608 0.999943 3.16885
0.999989 -0.0012268 -0.00446011 -0.0105889 0.00125753 0.999975 0.00689322 0.00852331 0.00445154 -0.00689875 0.999966 3.20279
0.999991 -0.00124158 -0.00399336 -0.0106984 0.00127016 0.999974 0.00716303 0.00887842 0.00398436 -0.00716804 0.999966 3.22621
0.999989 -0.00178386 -0.00429942 -0.0122532 0.0018129 0.999975 0.00676178 0.00777698 0.00428726 -0.0067695 0.999968 3.25516
0.999991 -0.0008393 -0.00414944 -0.0101971 0.00086621 0.999979 0.00648755 0.00805239 0.0041439 -0.00649109 0.99997 3.28261
0.999988 -0.00225035 -0.00431921 -0.0113036 0.00227836 0.999976 0.00649172 0.00721754 0.0043045 -0.00650148 0.99997 3.31001
0.999959 0.00155154 -0.00893278 -0.00273124 -0.0014579 0.999944 0.0104801 0.00239422 0.00894854 -0.0104666 0.999905 3.34269
0.999959 0.00110644 -0.00904141 -0.00402657 -0.00101758 0.999951 0.0098264 0.00290467 0.00905184 -0.00981679 0.999911 3.37106
0.999958 0.00124943 -0.00907222 -0.00324399 -0.00115898 0.99995 0.00996901 0.00408059 0.00908422 -0.00995807 0.999909 3.40726
0.999955 0.00166484 -0.00934095 -0.00361208 -0.00156364 0.99994 0.010831 0.00432134 0.00935842 -0.0108159 0.999898 3.43436
0.999962 0.0012469 -0.00864076 -0.00404215 -0.00115861 0.999947 0.0102153 0.00486737 0.00865304 -0.0102049 0.99991 3.46607
0.999959 0.000213465 -0.0090245 -0.00587287 -0.000138485 0.999965 0.00830825 0.00632241 0.00902597 -0.00830666 0.999925 3.50272
0.999957 0.000317824 -0.00930529 -0.00629755 -0.000242505 0.999967 0.00809423 0.00698461 0.00930756 -0.00809162 0.999924 3.53485
0.99996 -0.000323338 -0.00898111 -0.00649672 0.000392984 0.99997 0.00775403 0.00702068 0.00897833 -0.00775725 0.99993 3.56667
0.999963 5.33476e-05 -0.00865963 -0.00749145 1.64504e-05 0.999968 0.00805989 0.00678436 0.00865978 -0.00805973 0.99993 3.59407
0.999965 -0.000377286 -0.00831959 -0.00888155 0.00044924 0.999962 0.00864852 0.00612428 0.00831601 -0.00865195 0.999928 3.62399
0.999965 -0.00104668 -0.00826275 -0.00881034 0.00111788 0.999962 0.00861788 0.00650723 0.00825342 -0.00862681 0.999929 3.65185
0.999964 -0.000379329 -0.00853209 -0.00890125 0.000450888 0.999965 0.00838667 0.00643534 0.0085286 -0.00839022 0.999928 3.67966
0.999968 -0.000133804 -0.00795264 -0.0105407 0.000199305 0.999966 0.00823619 0.00631036 0.00795127 -0.00823751 0.999934 3.71182
0.999968 -0.000275337 -0.00804664 -0.010172 0.000343365 0.999964 0.00845394 0.00771294 0.00804402 -0.00845643 0.999932 3.73944
0.999971 -0.000735565 -0.0076404 -0.0115178 0.000802801 0.999961 0.00880073 0.00787514 0.00763363 -0.00880661 0.999932 3.77566
0.999971 -0.000260228 -0.0075496 -0.0114857 0.000325046 0.999963 0.00858571 0.00806894 0.00754709 -0.00858792 0.999935 3.80744
0.99997 -0.000132708 -0.00772921 -0.0120911 0.000197598 0.999965 0.00839532 0.00818985 0.00772783 -0.0083966 0.999935 3.83961
0.999972 -0.00111912 -0.00743156 -0.013094 0.00118165 0.999964 0.00841461 0.00803605 0.00742187 -0.00842316 0.999937 3.87255
0.999967 -0.00016833 -0.00807312 -0.0127629 0.000236974 0.999964 0.00850263 0.00811529 0.0080714 -0.00850426 0.999931 3.90399
0.999966 -0.00103638 -0.00818828 -0.0128024 0.0010987 0.99997 0.00760948 0.00962924 0.00818016 -0.00761822 0.999938 3.93727
0.99997 -9.93999e-05 -0.00769422 -0.0126881 0.000157209 0.999972 0.00751301 0.0103477 0.00769326 -0.007514 0.999942 3.96037
0.999966 -0.000657627 -0.00818789 -0.0127721 0.000719814 0.999971 0.00759447 0.0102829 0.00818266 -0.00760011 0.999938 3.99269
0.999969 -0.000534232 -0.00783254 -0.0136247 0.000589632 0.999975 0.00707242 0.0101045 0.00782857 -0.00707682 0.999944 4.02511
0.999968 -0.000924747 -0.00794797 -0.0137286 0.000982713 0.999973 0.00729241 0.0102005 0.00794101 -0.00729998 0.999942 4.05677
0.999972 -0.0010366 -0.007363 -0.0141668 0.00109903 0.999963 0.00847973 0.0096248 0.00735394 -0.00848758 0.999937 4.08417
0.999973 -0.00112292 -0.00720316 -0.0147735 0.00118559 0.999961 0.00870161 0.0103446 0.00719311 -0.00870992 0.999936 4.11541
0.999972 -0.00121801 -0.00731917 -0.0151502 0.00128109 0.999962 0.00861953 0.0104934 0.00730839 -0.00862867 0.999936 4.14376
0.999968 -0.00128414 -0.0078606 -0.0166488 0.00134498 0.999969 0.0077385 0.0104276 0.00785042 -0.00774882 0.999939 4.17517
0.999969 -0.00162246 -0.00773635 -0.0168959 0.00168906 0.999962 0.0086103 0.0108048 0.00772209 -0.0086231 0.999933 4.2118
0.999973 -0.00206965 -0.00702519 -0.0194547 0.00211757 0.999974 0.00682045 0.0119546 0.0070109 -0.00683515 0.999952 4.24058
0.999973 -0.00261397 -0.00687375 -0.0186496 0.00266265 0.999971 0.00708283 0.0130135 0.00685504 -0.00710095 0.999951 4.27183
0.999973 -0.00274496 -0.00682896 -0.0203108 0.00278968 0.999975 0.00654764 0.0118327 0.00681081 -0.00656651 0.999955 4.29991
0.999968 -0.00250884 -0.00755947 -0.0197325 0.00255578 0.999977 0.00620674 0.012723 0.00754373 -0.00622586 0.999952 4.33257
0.99997 -0.0020468 -0.00741643 -0.0206449 0.00209256 0.999979 0.00616738 0.0128711 0.00740365 -0.00618272 0.999953 4.35632
0.999967 -0.00253571 -0.00771034 -0.0189702 0.0025929 0.999969 0.00741662 0.0132695 0.0076913 -0.00743636 0.999943 4.38639
0.999966 -0.00228649 -0.00792859 -0.0191541 0.00234588 0.999969 0.00749009 0.0138545 0.00791122 -0.00750844 0.999941 4.41397
0.999967 -0.00251719 -0.00771485 -0.0197922 0.00257263 0.999971 0.00718421 0.0137052 0.00769655 -0.00720382 0.999944 4.44617
0.999963 -0.00262523 -0.00818013 -0.0203084 0.00268412 0.99997 0.00719699 0.0137798 0.008161 -0.00721868 0.999941 4.47478
0.999969 -0.00225619 -0.00752837 -0.0190089 0.00231181 0.99997 0.00738752 0.0150332 0.00751148 -0.0074047 0.999944 4.50231
0.999962 -0.000844638 -0.00865461 -0.0201726 0.000897765 0.999981 0.00613651 0.0153619 0.00864926 -0.00614405 0.999944 4.53224
0.999965 -0.000767698 -0.00837743 -0.019748 0.000818175 0.999982 0.00602363 0.0154666 0.00837265 -0.00603027 0.999947 4.5598
0.999964 -0.00122082 -0.00841506 -0.0199025 0.00127214 0.999981 0.00609558 0.0153178 0.00840746 -0.00610606 0.999946 4.59591
0.999966 -0.000711823 -0.00826255 -0.0203054 0.000760741 0.999982 0.00591883 0.0161632 0.00825819 -0.00592491 0.999948 4.62334
0.999961 -0.000965932 -0.00872293 -0.0220177 0.00101835 0.999981 0.00600678 0.0174142 0.00871697 -0.00601543 0.999944 4.65938
0.999965 -0.00218586 -0.00808523 -0.0226797 0.00224326 0.999972 0.00709649 0.015223 0.0080695 -0.00711438 0.999942 4.69394
0.999958 -0.00274099 -0.00879746 -0.0231919 0.00280702 0.999968 0.00750153 0.015549 0.00877662 -0.00752591 0.999933 4.72167
0.999962 -0.00280695 -0.00828287 -0.0234049 0.00287088 0.999966 0.00771617 0.0157654 0.00826093 -0.00773965 0.999936 4.76042
0.999962 -0.00254598 -0.00835228 -0.022726 0.0026074 0.99997 0.00735113 0.0158167 0.00833331 -0.00737263 0.999938 4.79008
0.999967 -0.00164285 -0.00794172 -0.0240182 0.00169781 0.999975 0.00691906 0.0160713 0.00793015 -0.00693231 0.999945 4.82096
0.999954 -0.00112309 -0.00950155 -0.022691 0.00119809 0.999968 0.00789238 0.0151071 0.00949239 -0.0079034 0.999924 4.85407
0.999956 -0.00147784 -0.00927661 -0.023251 0.00154895 0.999969 0.00766343 0.0152296 0.009265 -0.00767746 0.999928 4.88603
0.999956 -0.000104395 -0.00936259 -0.022997 0.000179612 0.999968 0.00803325 0.0159457 0.00936145 -0.00803457 0.999924 4.91423
0.999955 -0.000817586 -0.00946384 -0.022535 0.000890576 0.99997 0.00771085 0.0155688 0.00945725 -0.00771893 0.999925 4.94161
0.999956 -0.00122336 -0.00929912 -0.024457 0.00129482 0.99997 0.00768223 0.016198 0.00928944 -0.00769393 0.999927 4.97673
0.999964 -0.0012226 -0.00844075 -0.0281268 0.00126991 0.999984 0.00560229 0.0174204 0.00843376 -0.00561281 0.999949 5.00973
0.999963 -0.0010674 -0.00852866 -0.0278745 0.0011177 0.999982 0.00589499 0.017737 0.00852222 -0.00590431 0.999946 5.04207
0.999963 -0.000678491 -0.00852856 -0.0280214 0.000731798 0.99998 0.00624881 0.01813 0.00852415 -0.00625483 0.999944 5.07387
0.99996 -0.00124387 -0.00884 -0.0297312 0.00129505 0.999982 0.00578657 0.0176004 0.00883265 -0.00579779 0.999944 5.10563
0.999962 -0.00125581 -0.00857008 -0.0292009 0.00130575 0.999982 0.00582408 0.0178364 0.00856262 -0.00583505 0.999946 5.13687
0.999959 0.000364352 -0.00907647 -0.0290717 -0.000298303 0.999973 0.00727726 0.0208034 0.00907888 -0.00727425 0.999932 5.16776
0.999959 0.00079199 -0.00897181 -0.0280168 -0.000724117 0.999971 0.00756579 0.0214056 0.00897754 -0.00755899 0.999931 5.19588
0.99996 0.000878957 -0.00890631 -0.0295257 -0.000810918 0.99997 0.00764017 0.0217351 0.00891276 -0.00763264 0.999931 5.22795
0.999958 0.00079034 -0.00917346 -0.0304973 -0.000721184 0.999971 0.00753961 0.0212413 0.00917915 -0.00753268 0.999929 5.26108
0.999962 0.000773197 -0.00870751 -0.0303862 -0.000704934 0.999969 0.00783996 0.0214797 0.0087133 -0.00783352 0.999931 5.29223
0.999951 0.00092959 -0.00985379 -0.0297563 -0.000866365 0.999979 0.0064186 0.0244262 0.00985955 -0.00640975 0.999931 5.32452
0.99995 0.000632281 -0.00997587 -0.0299993 -0.000567623 0.999979 0.00648293 0.0252086 0.00997976 -0.00647695 0.999929 5.35612
0.99995 7.59694e-05 -0.00997701 -0.031617 -1.2886e-05 0.99998 0.00632279 0.0247053 0.00997729 -0.00632235 0.99993 5.38476
0.999949 0.000485278 -0.0101203 -0.0314579 -0.000420245 0.999979 0.00642714 0.0253023 0.0101232 -0.00642256 0.999928 5.42017
0.999948 0.000947114 -0.0101089 -0.0306239 -0.000881623 0.999979 0.00648102 0.0239379 0.0101148 -0.00647178 0.999928 5.45208
0.999956 -0.00102123 -0.00929696 -0.0347448 0.00109257 0.99997 0.0076715 0.0248906 0.00928884 -0.00768133 0.999927 5.48525
0.999957 -0.00108633 -0.00924685 -0.0356538 0.00115742 0.99997 0.00768632 0.0251341 0.00923822 -0.00769669 0.999928 5.51663
0.999958 -0.000336522 -0.00919052 -0.0352702 0.00040558 0.999972 0.00751325 0.0246132 0.00918773 -0.00751666 0.99993 5.54569
0.999955 -0.000402359 -0.00949173 -0.035019 0.000473169 0.999972 0.0074591 0.0247578 0.00948846 -0.00746325 0.999927 5.57413
0.999952 -0.00127561 -0.00975098 -0.0362626 0.00135019 0.99997 0.00764559 0.0256618 0.00974093 -0.00765839 0.999923 5.60442
0.999952 -0.000151563 -0.00975318 -0.0351282 0.000204286 0.999985 0.00540494 0.0287123 0.00975221 -0.00540668 0.999938 5.64037
0.999956 -1.61862e-05 -0.00935395 -0.0352046 6.62573e-05 0.999986 0.00535265 0.0289757 0.00935373 -0.00535304 0.999942 5.66783
0.999955 -0.000712973 -0.00951225 -0.0355398 0.000765616 0.999984 0.00553174 0.0292904 0.00950816 -0.00553877 0.999939 5.70182
0.999951 -0.000420658 -0.00987929 -0.0359806 0.000479128 0.999982 0.00591677 0.0293545 0.00987662 -0.00592121 0.999934 5.73146
0.999947 -0.000454461 -0.0102844 -0.0370184 0.000511901 0.999984 0.0055832 0.029438 0.0102817 -0.00558816 0.999932 5.76741
0.999957 0.000412455 -0.00931005 -0.0370692 -0.000342228 0.999971 0.00754348 0.0278161 0.0093129 -0.00753997 0.999928 5.80502
0.999955 0.000190569 -0.00943609 -0.0377611 -0.000122878 0.999974 0.00717373 0.0285173 0.00943721 -0.00717225 0.99993 5.83739
0.999954 1.21399e-05 -0.00962727 -0.0379109 6.07069e-05 0.999971 0.00756638 0.0276082 0.00962709 -0.00756661 0.999925 5.87391
0.999959 -0.000250673 -0.00902214 -0.0384482 0.000320068 0.99997 0.00769095 0.0290969 0.00901995 -0.00769353 0.99993 5.90506
0.999958 0.000204621 -0.00918431 -0.0385198 -0.00013349 0.99997 0.00774478 0.0297482 0.00918562 -0.00774323 0.999928 5.93314
0.999952 -0.00244261 -0.00952513 -0.0381861 0.0025129 0.99997 0.00737461 0.0307835 0.00950683 -0.00739819 0.999927 5.96145
0.999951 -0.00222481 -0.00963129 -0.0385704 0.00230317 0.999964 0.00813285 0.0310318 0.00961285 -0.00815463 0.999921 5.99248
0.999952 -0.00268821 -0.00937534 -0.0390376 0.00275518 0.999971 0.00713776 0.0305585 0.00935587 -0.00716325 0.999931 6.02891
0.999953 -0.00193139 -0.00950881 -0.0385391 0.00200343 0.999969 0.00757277 0.0317142 0.0094939 -0.00759146 0.999926 6.0573
0.999953 -0.00276429 -0.00932092 -0.0406579 0.00283435 0.999968 0.00751117 0.031833 0.00929986 -0.00753723 0.999928 6.08897
0.999956 -0.00220931 -0.00907995 -0.0425842 0.00226799 0.999977 0.00645747 0.0318473 0.00906547 -0.00647778 0.999938 6.12015
0.999955 -0.00267624 -0.00909409 -0.0424957 0.00273808 0.999973 0.00679462 0.0321777 0.00907566 -0.00681922 0.999936 6.15256
0.999953 -0.00227514 -0.00940056 -0.0437831 0.0023357 0.999977 0.00643574 0.032215 0.0093857 -0.00645739 0.999935 6.17973
0.999956 -0.00218038 -0.00911138 -0.0429184 0.00224219 0.999975 0.00677942 0.0326242 0.00909636 -0.00679955 0.999936 6.21637
0.99995 -0.00297058 -0.00953974 -0.0448092 0.00303416 0.999973 0.00665718 0.0321067 0.00951971 -0.00668579 0.999932 6.24378
0.999947 -0.00246464 -0.0100139 -0.0429998 0.00254054 0.999968 0.00757363 0.0313971 0.0099949 -0.00759867 0.999921 6.27457
0.999946 -0.00354375 -0.00974328 -0.0434123 0.00361355 0.999968 0.00715619 0.0320703 0.00971761 -0.00719102 0.999927 6.29928
0.999945 -0.00288175 -0.0100474 -0.0440279 0.00295708 0.999968 0.00749016 0.0313101 0.0100255 -0.00751946 0.999921 6.34321
0.999943 -0.00250383 -0.0103657 -0.0443704 0.00257935 0.99997 0.0072793 0.0320271 0.0103472 -0.00730563 0.99992 6.37558
0.999944 -0.00210826 -0.0103461 -0.0440687 0.00218976 0.999967 0.00787279 0.034435 0.0103291 -0.00789501 0.999915 6.40611
0.999948 -0.00337078 -0.00961907 -0.0477496 0.00344113 0.999967 0.00730659 0.0334986 0.00959413 -0.00733931 0.999927 6.43262
0.999947 -0.00393296 -0.00956366 -0.0478898 0.00399844 0.999969 0.00683735 0.0339982 0.00953647 -0.00687522 0.999931 6.46456
0.999947 -0.0031854 -0.00976402 -0.0479807 0.00325651 0.999968 0.00727555 0.0333494 0.00974054 -0.00730696 0.999926 6.49657
0.999951 -0.00319553 -0.00941411 -0.0480825 0.00326071 0.999971 0.00691643 0.0336336 0.00939173 -0.00694679 0.999932 6.53353
0.999953 -0.00320776 -0.00919244 -0.0484915 0.00327415 0.999969 0.00721577 0.0339593 0.00916901 -0.00724553 0.999932 6.56055
0.999945 -0.00411107 -0.00966706 -0.0496751 0.00417716 0.999968 0.00682598 0.0342946 0.00963868 -0.00686599 0.99993 6.59262
0.999948 -0.00367973 -0.00950842 -0.0499353 0.00374744 0.999968 0.00711384 0.0345005 0.00948194 -0.0071491 0.999929 6.62046
0.999945 -0.0037592 -0.00975434 -0.050406 0.00382489 0.99997 0.00672466 0.0345516 0.00972877 -0.00676161 0.99993 6.65683
0.999942 -0.00360047 -0.0101659 -0.0502969 0.00366781 0.999971 0.00661312 0.034668 0.0101418 -0.00665003 0.999926 6.68064
0.999945 -0.00386407 -0.00972688 -0.0505561 0.00392796 0.999971 0.00655788 0.0344929 0.00970126 -0.00659573 0.999931 6.70938
0.999944 -0.00337867 -0.0100408 -0.0503535 0.00345104 0.999968 0.00719903 0.0353594 0.0100162 -0.00723328 0.999924 6.74953
0.999945 -0.00262744 -0.0101607 -0.050333 0.00269861 0.999972 0.00699717 0.0355902 0.0101421 -0.00702421 0.999924 6.78149
0.999945 -0.00325363 -0.00999824 -0.0507374 0.0033233 0.99997 0.00695977 0.0354365 0.0099753 -0.00699261 0.999926 6.81213
0.999942 -0.00297627 -0.0103089 -0.0514147 0.00304619 0.999972 0.00677373 0.0360655 0.0102885 -0.00680474 0.999924 6.84102
0.999948 -0.00248661 -0.00990869 -0.0503759 0.00255485 0.999973 0.00688001 0.0361746 0.00989132 -0.00690496 0.999927 6.87162
0.999936 -0.00410121 -0.010549 -0.0530573 0.00418301 0.999961 0.00774317 0.0370851 0.0105169 -0.0077868 0.999914 6.90334
0.999936 -0.00425242 -0.01051 -0.0533433 0.00432906 0.999964 0.00728022 0.0369836 0.0104786 -0.00732525 0.999918 6.93158
0.999938 -0.00386744 -0.0104856 -0.0538515 0.00394699 0.999964 0.00757663 0.03794 0.0104559 -0.00761754 0.999916 6.96742
0.999939 -0.00332295 -0.0105533 -0.0538382 0.00340345 0.999965 0.00761906 0.0376884 0.0105276 -0.00765452 0.999915 6.99582
0.999938 -0.00401608 -0.0104129 -0.0547801 0.00409439 0.999963 0.00751066 0.0374968 0.0103823 -0.00755283 0.999918 7.03239
