1 -0 0 -0 -0 1 -0 0 0 -0 1 0
1 0.000176869 0.000110583 -4.35575e-05 -0.00017688 1 9.87132e-05 0.000160374 -0.000110566 -9.87328e-05 1 0.000136987
1 -7.75644e-06 5.37344e-05 -0.000155502 7.75262e-06 1 7.11311e-05 0.000153476 -5.37349e-05 -7.11307e-05 1 0.00111382
1 -0.000195531 4.59582e-06 -0.000193884 0.000195531 1 -1.43402e-05 0.000163209 -4.59302e-06 1.43411e-05 1 0.00214426
1 -5.5416e-05 0.00012362 8.67486e-05 5.54045e-05 1 9.351e-05 0.000302387 -0.000123625 -9.35031e-05 1 0.00266343
0.999136 -0.0391154 0.0140213 0.109503 0.038862 0.999084 0.0179093 0.0101314 -0.014709 -0.0173489 0.999741 -0.231356
0.99912 -0.0395024 0.0140914 0.109629 0.0392481 0.999069 0.0178887 0.00982005 -0.014785 -0.0173199 0.999741 -0.230372
0.999143 -0.0389711 0.0139742 0.109533 0.0387168 0.999087 0.0180338 0.0101232 -0.0146642 -0.0174773 0.99974 -0.229874
0.999139 -0.0390978 0.0138826 0.109291 0.0388464 0.999084 0.0179412 0.010183 -0.0145713 -0.0173864 0.999743 -0.228812
0.999133 -0.0391836 0.0140693 0.109307 0.0389256 0.999077 0.0181656 0.0104562 -0.0147681 -0.0176022 0.999736 -0.228045
0.999279 -0.0355756 0.0132757 0.109839 0.0353251 0.999202 0.0186456 0.00852857 -0.0139285 -0.0181632 0.999738 -0.225959
0.999283 -0.0354587 0.0132677 0.109709 0.0352087 0.999206 0.0186245 0.00843287 -0.0139176 -0.018144 0.999739 -0.225036
0.999279 -0.0355766 0.0132243 0.109757 0.0353277 0.999203 0.0186031 0.00871638 -0.0138756 -0.0181225 0.999739 -0.224126
0.999285 -0.0353347 0.0134698 0.109493 0.0350798 0.999209 0.0187154 0.00857423 -0.0141204 -0.0182295 0.999734 -0.223404
0.999283 -0.0353469 0.0135989 0.10975 0.0350885 0.999207 0.0187933 0.00848176 -0.0142524 -0.0183026 0.999731 -0.222555
0.999294 -0.0349808 0.0137301 0.109712 0.0347141 0.999213 0.0192051 0.00840362 -0.0143911 -0.018715 0.999721 -0.221797
0.9993 -0.034866 0.0135637 0.109976 0.0346012 0.999215 0.0192871 0.00820217 -0.0142255 -0.0188042 0.999722 -0.220921
0.999271 -0.0349863 0.0152903 0.108695 0.0346893 0.999212 0.0192734 0.00831608 -0.0159526 -0.0187289 0.999697 -0.219521
0.999282 -0.0345913 0.0154714 0.108601 0.0342894 0.999224 0.0193683 0.00794149 -0.0161294 -0.0188239 0.999693 -0.218259
0.999293 -0.0342864 0.015421 0.108674 0.0339804 0.999229 0.0196818 0.00806654 -0.016084 -0.0191439 0.999687 -0.217473
0.999291 -0.034227 0.0156764 0.107868 0.0339065 0.999219 0.0202791 0.00734749 -0.0163582 -0.0197332 0.999671 -0.217908
0.999295 -0.0341067 0.015689 0.107769 0.0337841 0.999221 0.0203922 0.00728076 -0.0163722 -0.0198477 0.999669 -0.216814
0.999288 -0.0342938 0.0157561 0.107702 0.0339667 0.999211 0.0205788 0.00680417 -0.0164494 -0.020029 0.999664 -0.216124
0.999298 -0.0341076 0.0155276 0.107868 0.0337885 0.999221 0.0203739 0.00694992 -0.0162104 -0.0198349 0.999672 -0.21517
0.999277 -0.0346592 0.015651 0.107733 0.0343476 0.999215 0.0197559 0.00779422 -0.0163235 -0.019204 0.999682 -0.214153
0.999267 -0.0348995 0.0157101 0.10802 0.0345952 0.999216 0.0192395 0.00769741 -0.0163692 -0.0186819 0.999691 -0.212918
0.999273 -0.0347131 0.0157556 0.107737 0.0344076 0.999222 0.0192608 0.00776683 -0.016412 -0.0187047 0.99969 -0.21244
0.999269 -0.0347546 0.0159469 0.107694 0.0344458 0.999221 0.0192456 0.00782573 -0.0166033 -0.0186822 0.999688 -0.212067
0.999269 -0.0348411 0.0157587 0.107673 0.0345446 0.999228 0.0187091 0.00819992 -0.0163984 -0.018151 0.999701 -0.211468
0.999262 -0.0350156 0.0157749 0.107779 0.034721 0.999224 0.0185768 0.0083003 -0.0164132 -0.0180154 0.999703 -0.210012
0.999253 -0.0352885 0.0157837 0.107556 0.0349988 0.99922 0.0182693 0.00845038 -0.0164161 -0.0177032 0.999709 -0.208876
0.999248 -0.0353884 0.0158198 0.107495 0.0351028 0.999222 0.0179841 0.00857937 -0.016444 -0.0174152 0.999713 -0.208122
0.999249 -0.0354254 0.015691 0.107514 0.0351411 0.99922 0.0180377 0.00842462 -0.0163177 -0.0174727 0.999714 -0.20768
0.999244 -0.0355303 0.0157711 0.107765 0.0352447 0.999216 0.0180305 0.00872722 -0.0163994 -0.017461 0.999713 -0.206404
0.999264 -0.0349908 0.0157293 0.107643 0.0347058 0.999235 0.0180399 0.00866806 -0.0163485 -0.0174807 0.999714 -0.205689
0.999254 -0.0352046 0.0158976 0.107511 0.0349176 0.999228 0.0179838 0.00895286 -0.0165184 -0.0174152 0.999712 -0.204573
0.999267 -0.0349095 0.0156914 0.107644 0.0346244 0.999237 0.0180884 0.00844731 -0.0163109 -0.0175319 0.999713 -0.203565
0.999268 -0.0347999 0.0158847 0.107606 0.0345113 0.99924 0.0180961 0.00855007 -0.0165024 -0.0175347 0.99971 -0.202748
0.999253 -0.0351784 0.0160168 0.107185 0.0348873 0.999227 0.0181092 0.00833662 -0.0166415 -0.0175368 0.999708 -0.202549
0.999243 -0.0354644 0.0159972 0.107165 0.0351732 0.999217 0.0181316 0.0086135 -0.0166277 -0.0175552 0.999708 -0.201694
0.999258 -0.0351367 0.0157867 0.107229 0.0348454 0.999224 0.0183635 0.00837427 -0.0164197 -0.0177998 0.999707 -0.201476
0.999264 -0.0348502 0.0160023 0.107343 0.0345547 0.999234 0.0183835 0.00815917 -0.0166307 -0.017817 0.999703 -0.200038
0.999283 -0.0343239 0.0159595 0.10761 0.034022 0.999244 0.018818 0.00798617 -0.0165934 -0.0182615 0.999696 -0.199544
0.999292 -0.0340886 0.0159486 0.107516 0.0337855 0.99925 0.0189034 0.00794804 -0.016581 -0.0183512 0.999694 -0.198822
0.999287 -0.0342108 0.0159931 0.107679 0.0339088 0.999248 0.018786 0.00773627 -0.0166238 -0.0182303 0.999696 -0.197578
0.999283 -0.0343699 0.0158913 0.107489 0.0340695 0.999243 0.0188063 0.00785072 -0.0165257 -0.0182514 0.999697 -0.196685
0.999281 -0.0343654 0.016002 0.107677 0.0340632 0.999243 0.018791 0.00780363 -0.0166357 -0.0182324 0.999695 -0.195994
0.99926 -0.0350227 0.0158855 0.109034 0.0347152 0.999212 0.0192375 0.00706512 -0.0165467 -0.0186718 0.999689 -0.19549
0.99925 -0.0353249 0.0158457 0.108656 0.0350193 0.999203 0.019171 0.00705862 -0.0165102 -0.0186017 0.999691 -0.194639
0.999254 -0.0351631 0.0159454 0.109029 0.0348554 0.999208 0.0191824 0.00709737 -0.0166073 -0.0186123 0.999689 -0.193512
0.999299 -0.0342304 0.0151328 0.111351 0.0339472 0.999251 0.0185964 0.00677972 -0.0157581 -0.0180697 0.999713 -0.1912
0.999285 -0.0344476 0.0155536 0.109715 0.0341475 0.999233 0.0191632 0.00651151 -0.0162018 -0.0186184 0.999695 -0.191988
0.999291 -0.0342261 0.0156669 0.109985 0.0339239 0.999241 0.0191683 0.00654226 -0.0163111 -0.0186232 0.999694 -0.191062
0.999289 -0.0343509 0.0155673 0.110247 0.0340541 0.99924 0.0189489 0.00660411 -0.0162064 -0.0184053 0.999699 -0.189543
0.99929 -0.034407 0.0153235 0.109895 0.0341135 0.999237 0.0190191 0.00679219 -0.0159662 -0.0184828 0.999702 -0.188851
0.99928 -0.0346595 0.0154557 0.109964 0.0343663 0.999232 0.0188466 0.0067729 -0.0160971 -0.0183018 0.999703 -0.187872
0.999293 -0.0342156 0.0155626 0.110077 0.0339198 0.999246 0.0188936 0.00670928 -0.0161974 -0.0183524 0.9997 -0.187174
0.999292 -0.0341512 0.0157778 0.11032 0.0338504 0.999247 0.0189582 0.00678424 -0.0164134 -0.0184107 0.999696 -0.186562
0.999285 -0.0343927 0.0157335 0.110327 0.0340946 0.999241 0.0188382 0.0064506 -0.0163695 -0.0182883 0.999699 -0.185564
0.999275 -0.034668 0.0157624 0.110125 0.0343722 0.999235 0.0186647 0.00656492 -0.0163974 -0.0181094 0.999702 -0.184338
0.999297 -0.0341069 0.0155333 0.110246 0.0338144 0.999253 0.018717 0.00638298 -0.0161601 -0.0181786 0.999704 -0.18292
0.999283 -0.0344764 0.0156376 0.110285 0.034187 0.999246 0.0184105 0.00666663 -0.0162605 -0.0178627 0.999708 -0.182844
0.99928 -0.0345391 0.0156878 0.110256 0.0342502 0.999245 0.0183271 0.00675414 -0.0163089 -0.0177766 0.999709 -0.181908
0.999286 -0.03448 0.0154242 0.110686 0.0341973 0.999249 0.0182268 0.00649249 -0.0160411 -0.0176863 0.999715 -0.180748
0.999282 -0.0344579 0.0157352 0.110529 0.034173 0.999253 0.0180256 0.00676306 -0.0163445 -0.0174749 0.999714 -0.180127
0.999279 -0.0345028 0.0158178 0.110334 0.0342177 0.999253 0.0179541 0.00665684 -0.0164254 -0.0174 0.999714 -0.179574
0.999312 -0.0336198 0.0156426 0.110675 0.0333343 0.999279 0.0181719 0.00655481 -0.0162422 -0.017638 0.999713 -0.178217
0.999296 -0.0341271 0.0155736 0.11069 0.0338498 0.99927 0.017738 0.00683971 -0.0161676 -0.0171984 0.999721 -0.177493
0.999322 -0.0332732 0.0157493 0.110634 0.0329898 0.999295 0.0179265 0.00667862 -0.0163347 -0.0173948 0.999715 -0.176863
0.999318 -0.0334183 0.0157249 0.110778 0.0331399 0.999295 0.0176461 0.00671939 -0.0163035 -0.017113 0.999721 -0.175341
0.999308 -0.0337257 0.0157051 0.110905 0.0334462 0.999283 0.0177337 0.00661919 -0.0162919 -0.0171961 0.999719 -0.174715
0.9993 -0.0339133 0.0157974 0.110755 0.0336359 0.999281 0.0175087 0.00674696 -0.0163798 -0.016965 0.999722 -0.17415
0.999312 -0.0335925 0.0157387 0.110157 0.0333107 0.999286 0.0178375 0.00699785 -0.0163267 -0.0173009 0.999717 -0.173972
0.999304 -0.0339098 0.0155646 0.109899 0.0336298 0.999274 0.0179111 0.00700937 -0.0161607 -0.0173752 0.999718 -0.173629
0.999303 -0.0339976 0.0154263 0.109569 0.0337226 0.999274 0.0177489 0.00705302 -0.0160185 -0.0172163 0.999723 -0.172966
0.999302 -0.0340709 0.0153124 0.109917 0.0337932 0.999266 0.0180433 0.00716315 -0.0159159 -0.0175133 0.99972 -0.172507
0.999293 -0.0341245 0.0157983 0.109368 0.0338395 0.999266 0.0179712 0.00719902 -0.0164 -0.0174238 0.999714 -0.171988
0.999292 -0.0340775 0.0159658 0.109542 0.0337937 0.999272 0.0177168 0.00743633 -0.0165579 -0.0171647 0.999716 -0.171244
0.9993 -0.0339046 0.0157874 0.109447 0.0336274 0.999281 0.0175034 0.00722439 -0.0163695 -0.0169602 0.999722 -0.170148
0.999292 -0.034082 0.0159114 0.109402 0.0338013 0.999274 0.017591 0.00732905 -0.0164994 -0.0170408 0.999719 -0.169048
0.999284 -0.0343651 0.0158588 0.109269 0.0340833 0.999262 0.0177095 0.0071932 -0.0164557 -0.0171563 0.999717 -0.168569
0.999282 -0.0343966 0.0158851 0.109427 0.0341172 0.999264 0.0175346 0.00732327 -0.0164765 -0.0169801 0.99972 -0.167673
0.999283 -0.0344074 0.015822 0.109481 0.0341355 0.99927 0.0171483 0.00712839 -0.0164005 -0.016596 0.999728 -0.166175
0.999102 -0.0394192 0.0155486 0.108296 0.0391394 0.999073 0.0179101 0.00739659 -0.0162402 -0.0172854 0.999719 -0.165715
0.999091 -0.0396906 0.0155772 0.107963 0.039411 0.999063 0.0178656 0.00741792 -0.0162717 -0.0172354 0.999719 -0.1654
0.999113 -0.0391866 0.0154233 0.108452 0.0389112 0.999085 0.0177683 0.00714638 -0.0161055 -0.0171524 0.999723 -0.163741
0.999107 -0.0393107 0.0154736 0.108591 0.0390349 0.99908 0.0177428 0.00700176 -0.0161568 -0.0171229 0.999723 -0.162606
0.99912 -0.0390379 0.0153314 0.108742 0.0387628 0.999089 0.0178484 0.00705785 -0.0160142 -0.0172384 0.999723 -0.162117
0.999133 -0.0387198 0.0152667 0.108757 0.0384483 0.999104 0.0176927 0.0071741 -0.0159381 -0.0170904 0.999727 -0.161169
0.999125 -0.0389219 0.0153001 0.109257 0.0386541 0.999101 0.017424 0.00706474 -0.0159645 -0.0168173 0.999731 -0.160127
0.999125 -0.0389606 0.0152046 0.109138 0.0386975 0.999102 0.017234 0.00695262 -0.0158624 -0.0166306 0.999736 -0.158678
0.99912 -0.0390203 0.0153604 0.108974 0.0387504 0.999096 0.0174934 0.0069215 -0.0160291 -0.0168828 0.999729 -0.158336
0.999128 -0.038859 0.0152992 0.108933 0.0385912 0.999103 0.0174304 0.00720234 -0.0159628 -0.0168248 0.999731 -0.157579
0.999139 -0.0385015 0.0154338 0.108927 0.0382334 0.999119 0.0173092 0.0068608 -0.0160866 -0.0167042 0.999731 -0.156287
0.999162 -0.0379085 0.0154666 0.109122 0.037639 0.999141 0.0173627 0.00681659 -0.0161115 -0.016766 0.99973 -0.155857
0.999184 -0.0373379 0.0153983 0.109217 0.0370729 0.999165 0.0171483 0.00667546 -0.0160257 -0.0165635 0.999734 -0.154778
0.999171 -0.0375748 0.0156382 0.109117 0.0373115 0.999162 0.0168054 0.0064183 -0.0162565 -0.016208 0.999736 -0.153297
0.999169 -0.037671 0.0155565 0.10909 0.0374123 0.999162 0.0165945 0.00687083 -0.0161686 -0.0159987 0.999741 -0.153147
0.999151 -0.038133 0.0155824 0.108618 0.0378724 0.999143 0.0166907 0.00691899 -0.0162055 -0.0160864 0.999739 -0.15233
0.999158 -0.0379175 0.0156745 0.108971 0.037657 0.999153 0.0165924 0.00651101 -0.0162904 -0.0159882 0.999739 -0.151177
0.999174 -0.0375224 0.0156148 0.108802 0.0372638 0.999169 0.0165355 0.00681327 -0.0162223 -0.01594 0.999741 -0.150821
0.999185 -0.037246 0.0155836 0.108939 0.0369884 0.999179 0.0165036 0.00670931 -0.0161855 -0.0159137 0.999742 -0.149606
0.999179 -0.0374117 0.01552 0.108843 0.0371544 0.999173 0.0165481 0.00672057 -0.0161262 -0.0159579 0.999743 -0.149446
0.999175 -0.0374258 0.0157651 0.109037 0.0371663 0.999174 0.0164389 0.00633668 -0.0163673 -0.0158395 0.999741 -0.148003
0.999209 -0.0365389 0.0156769 0.109183 0.0362803 0.999206 0.0164764 0.00628914 -0.0162665 -0.0158946 0.999741 -0.146585
0.999183 -0.0372178 0.0157551 0.108716 0.0369618 0.999185 0.0162398 0.0066978 -0.0163467 -0.0156442 0.999744 -0.147172
0.999164 -0.0376667 0.0159213 0.108788 0.0374097 0.99917 0.0161446 0.00690005 -0.0165162 -0.0155355 0.999743 -0.146114
0.999174 -0.0374844 0.015697 0.108952 0.037231 0.999176 0.0161408 0.00717126 -0.0162891 -0.015543 0.999747 -0.145574
0.999175 -0.037433 0.0157748 0.109091 0.0371828 0.999182 0.0158675 0.00734909 -0.0163558 -0.0152678 0.99975 -0.144335
0.999182 -0.0371677 0.0159093 0.108635 0.0369166 0.999194 0.0157939 0.00736421 -0.0164835 -0.0151936 0.999749 -0.14396
0.999181 -0.0370833 0.0161632 0.108947 0.0368302 0.999198 0.0156846 0.00747758 -0.0167319 -0.0150765 0.999746 -0.14254
0.999186 -0.0369489 0.0162084 0.108672 0.0366919 0.9992 0.0158803 0.00743105 -0.0167822 -0.0152726 0.999743 -0.141742
0.999177 -0.0371908 0.0161929 0.108915 0.0369367 0.999194 0.0157226 0.0074015 -0.0167646 -0.0151116 0.999745 -0.140826
0.999179 -0.0371484 0.0161761 0.10892 0.0368913 0.999193 0.0159122 0.00732216 -0.0167542 -0.0153024 0.999743 -0.140308
0.999192 -0.0368433 0.0160504 0.108935 0.0365884 0.999204 0.0158943 0.00720895 -0.0166232 -0.0152942 0.999745 -0.139637
0.999191 -0.0367223 0.0163856 0.109224 0.0364642 0.99921 0.0157811 0.00701354 -0.0169521 -0.0151708 0.999741 -0.138265
0.999179 -0.0370049 0.0164705 0.108822 0.0367501 0.999204 0.0155146 0.00707252 -0.0170315 -0.0148966 0.999744 -0.137557
0.999182 -0.0369397 0.0164647 0.108824 0.036688 0.999209 0.0153371 0.00737906 -0.0170182 -0.0147205 0.999747 -0.137183
0.99916 -0.0374997 0.0164962 0.10883 0.0372518 0.999192 0.0150855 0.00732305 -0.0170486 -0.0144583 0.99975 -0.136317
0.999181 -0.0369474 0.0164766 0.109043 0.0367008 0.999213 0.0150312 0.00748579 -0.017019 -0.0144142 0.999751 -0.135464
0.999155 -0.0375869 0.0166471 0.108849 0.0373401 0.999192 0.0148986 0.00737771 -0.0171937 -0.0142644 0.99975 -0.134748
0.999151 -0.0376529 0.0167322 0.109179 0.0374064 0.99919 0.0148101 0.0071085 -0.0172763 -0.0141716 0.99975 -0.133898
0.999153 -0.0376451 0.0166291 0.109088 0.0374053 0.999195 0.014506 0.00685095 -0.0171618 -0.0138717 0.999756 -0.132699
0.999166 -0.0373044 0.0166056 0.109811 0.0370868 0.999225 0.0132231 0.00914511 -0.017086 -0.0125962 0.999775 -0.133644
0.999157 -0.0375202 0.0166653 0.109905 0.0373033 0.999218 0.0131448 0.00929615 -0.0171455 -0.012512 0.999775 -0.132723
0.999168 -0.0372695 0.0165835 0.109988 0.0370565 0.999229 0.0129664 0.00944817 -0.017054 -0.0123411 0.999778 -0.132266
0.99916 -0.0374051 0.0167237 0.109906 0.0371918 0.999225 0.0128864 0.00943219 -0.0171928 -0.0122536 0.999777 -0.131547
0.99917 -0.0373104 0.0163383 0.109777 0.0370966 0.999225 0.0131988 0.0088365 -0.0168181 -0.0125817 0.999779 -0.13076
0.999169 -0.0372481 0.0165658 0.109971 0.0370302 0.999226 0.0132694 0.00878304 -0.0170472 -0.012645 0.999775 -0.12941
0.999166 -0.0372699 0.0166605 0.109862 0.0370516 0.999226 0.013223 0.00887036 -0.0171404 -0.0125947 0.999774 -0.128579
0.999164 -0.037423 0.0164682 0.109957 0.0372101 0.999222 0.0130525 0.00891583 -0.0169438 -0.0124288 0.999779 -0.127478
0.999155 -0.0376634 0.0164579 0.109926 0.03745 0.999213 0.0130878 0.00883611 -0.0169379 -0.0124604 0.999779 -0.126634
0.999168 -0.0373241 0.0164573 0.109764 0.0371127 0.999227 0.01297 0.00906183 -0.0169286 -0.0123484 0.99978 -0.125897
0.999179 -0.0370042 0.0164968 0.109887 0.0367864 0.999234 0.0133176 0.00920162 -0.016977 -0.0126998 0.999775 -0.125576
0.999158 -0.0375311 0.0165682 0.109547 0.0373188 0.99922 0.012943 0.00924939 -0.017041 -0.0123138 0.999779 -0.124888
0.999146 -0.0378467 0.0165881 0.10984 0.0376379 0.99921 0.0127207 0.00927753 -0.0170565 -0.0120855 0.999781 -0.123486
0.999164 -0.0373284 0.0166924 0.109568 0.0371116 0.999225 0.0131141 0.00924839 -0.017169 -0.0124836 0.999775 -0.123207
0.99915 -0.0376971 0.0166601 0.109764 0.0374854 0.999215 0.0128425 0.00906913 -0.0171311 -0.0122071 0.999779 -0.122096
0.99916 -0.0374914 0.016554 0.110003 0.0372821 0.999223 0.0127806 0.00890365 -0.0170203 -0.0121527 0.999781 -0.121403
0.999156 -0.0374947 0.0167679 0.110093 0.0372815 0.999222 0.0128506 0.00902369 -0.0172367 -0.0122146 0.999777 -0.120503
0.999162 -0.0374536 0.0165215 0.109807 0.0372442 0.999224 0.0128081 0.00898211 -0.0169884 -0.012182 0.999781 -0.119647
0.999157 -0.037627 0.0163877 0.109947 0.037422 0.99922 0.0126428 0.00908807 -0.0168506 -0.0120189 0.999786 -0.118929
0.999162 -0.0375002 0.0164266 0.109719 0.037296 0.999225 0.0125615 0.00925252 -0.0168849 -0.0119383 0.999786 -0.117979
0.999175 -0.037272 0.0161379 0.110018 0.0370696 0.999232 0.0126681 0.0091121 -0.0165977 -0.0120594 0.99979 -0.117502
0.999183 -0.036944 0.01641 0.110278 0.036738 0.999244 0.0126816 0.00936645 -0.0168661 -0.0120684 0.999785 -0.116605
0.99916 -0.0375272 0.0164732 0.110118 0.037328 0.999228 0.0122364 0.00919325 -0.0169197 -0.0116112 0.999789 -0.115406
0.999176 -0.0372355 0.0161609 0.110247 0.0370391 0.999238 0.0122882 0.0092801 -0.0166062 -0.0116795 0.999794 -0.11486
0.999169 -0.0373139 0.0163726 0.109918 0.0371157 0.999236 0.0122472 0.00937228 -0.0168171 -0.0116293 0.999791 -0.11427
0.999173 -0.037226 0.0163714 0.109883 0.0370288 0.99924 0.0121876 0.00951042 -0.0168127 -0.0115713 0.999792 -0.11397
0.999177 -0.0371695 0.0162422 0.109738 0.0369757 0.999243 0.0120748 0.00939895 -0.0166788 -0.0114643 0.999795 -0.113435
0.999175 -0.037174 0.0163492 0.110012 0.0369805 0.999244 0.0119861 0.00942292 -0.0167825 -0.0113716 0.999794 -0.11187
0.999195 -0.0365908 0.0164435 0.110302 0.0363982 0.999267 0.0118602 0.00955654 -0.0168655 -0.0112521 0.999794 -0.110234
0.999181 -0.0369529 0.0164967 0.109855 0.0367622 0.999255 0.0117206 0.00972339 -0.0169175 -0.0111045 0.999795 -0.109796
0.999189 -0.036722 0.0164945 0.110145 0.0365295 0.999263 0.0118261 0.00996772 -0.0169167 -0.011214 0.999794 -0.108864
0.999196 -0.0365434 0.0165165 0.110181 0.0363531 0.999271 0.0116771 0.00997872 -0.0169312 -0.0110672 0.999795 -0.107761
0.999169 -0.0372592 0.016498 0.110354 0.0370709 0.999246 0.0115719 0.00980795 -0.0169167 -0.0109507 0.999797 -0.107394
0.999168 -0.0372912 0.0165091 0.110226 0.0371079 0.999248 0.0112728 0.0097736 -0.016917 -0.0106508 0.9998 -0.105516
0.999176 -0.0369867 0.0167118 0.110195 0.0367991 0.999258 0.0113981 0.0100906 -0.017121 -0.0107737 0.999795 -0.105022
0.999175 -0.0369102 0.0169382 0.110233 0.0367231 0.999262 0.0112245 0.00993243 -0.01734 -0.0105932 0.999794 -0.10357
0.999159 -0.0373056 0.0170287 0.11005 0.0371174 0.999248 0.0112408 0.00969156 -0.0174352 -0.0105993 0.999792 -0.102202
0.999168 -0.0370942 0.0169708 0.110138 0.0369057 0.999255 0.0112893 0.00954227 -0.0173769 -0.0106536 0.999792 -0.100614
0.999155 -0.0374488 0.0169328 0.110377 0.037267 0.999246 0.0109256 0.00976011 -0.0173292 -0.0102853 0.999797 -0.0987198
0.99914 -0.0377871 0.0170779 0.110827 0.0376076 0.999235 0.0107115 0.0102525 -0.0174696 -0.01006 0.999797 -0.0973958
0.99914 -0.0377788 0.0170847 0.110937 0.0375959 0.999234 0.0109021 0.0102451 -0.0174835 -0.0102504 0.999795 -0.0959818
0.999139 -0.0377257 0.0172358 0.110852 0.0375429 0.999237 0.0108075 0.0102982 -0.0176303 -0.0101511 0.999793 -0.0949633
0.999161 -0.0371595 0.0172082 0.110816 0.0369774 0.999258 0.0107803 0.0103924 -0.0175961 -0.0101349 0.999794 -0.0927995
0.999155 -0.0373854 0.0170756 0.1106 0.037205 0.99925 0.0107608 0.0102426 -0.0174651 -0.0101164 0.999796 -0.0920049
0.999151 -0.0375216 0.0170038 0.110588 0.0373481 0.999248 0.0104098 0.0102061 -0.0173816 -0.00976592 0.999801 -0.0901376
0.999173 -0.0369493 0.0169479 0.11049 0.036779 0.999271 0.0102495 0.00984767 -0.0173143 -0.00961766 0.999804 -0.0890295
0.999178 -0.0368368 0.0169175 0.110679 0.0366721 0.999278 0.00994553 0.00981002 -0.0172717 -0.00931696 0.999807 -0.0881792
0.999179 -0.0367496 0.017052 0.110349 0.0365869 0.999283 0.00975885 0.00991136 -0.0173984 -0.00912696 0.999807 -0.0869114
0.999182 -0.0366544 0.0170993 0.110403 0.0364916 0.999287 0.00973768 0.00980468 -0.017444 -0.00910573 0.999806 -0.0864062
0.999215 -0.0357958 0.0169699 0.110106 0.0356309 0.999316 0.0099225 0.00942077 -0.0173135 -0.00931006 0.999807 -0.0847975
0.999212 -0.035876 0.0169631 0.110357 0.0357088 0.999312 0.010059 0.00971681 -0.0173123 -0.00944538 0.999806 -0.0837252
0.999223 -0.0355243 0.0170982 0.110709 0.0353558 0.999324 0.0100572 0.00983074 -0.0174439 -0.00944483 0.999803 -0.0822037
0.999157 -0.0365238 0.0187647 0.11011 0.0363515 0.999294 0.00943896 0.00995605 -0.0190962 -0.00874888 0.999779 -0.0811864
0.99912 -0.035931 0.0216417 0.110963 0.0357311 0.999316 0.00955519 0.0100332 -0.0219702 -0.0087735 0.99972 -0.0817393
0.999049 -0.036134 0.0243895 0.111883 0.0358989 0.999305 0.0100096 0.0101052 -0.0247343 -0.0091245 0.999652 -0.0810558
0.998974 -0.0360905 0.0273451 0.112607 0.0358296 0.999308 0.00997363 0.0099031 -0.0276862 -0.00898364 0.999576 -0.0807037
0.998922 -0.0352048 0.0302427 0.113189 0.0349046 0.999337 0.0103964 0.0101371 -0.0305887 -0.00932959 0.999489 -0.0804201
0.998841 -0.0352999 0.0327205 0.113397 0.0349732 0.999333 0.010504 0.0108031 -0.0330695 -0.0093475 0.999409 -0.0807461
0.998711 -0.0362594 0.0355099 0.113727 0.0359007 0.999298 0.0106875 0.0109194 -0.0358725 -0.0093989 0.999312 -0.0810284
0.99865 -0.0334233 0.0397528 0.116073 0.03306 0.999406 0.00976226 0.00865899 -0.0400555 -0.00843486 0.999162 -0.0825122
0.998499 -0.0339942 0.0429544 0.116667 0.0336073 0.999388 0.00969806 0.00866443 -0.0432578 -0.00823992 0.99903 -0.0822985
0.998349 -0.0343703 0.0460278 0.117168 0.0339496 0.999375 0.00989217 0.00914886 -0.046339 -0.00831321 0.998891 -0.0825289
0.998236 -0.0334987 0.0490255 0.118061 0.0330322 0.999401 0.0102954 0.00892086 -0.049341 -0.00865781 0.998744 -0.0829513
0.998084 -0.0338657 0.0517833 0.11852 0.0333762 0.99939 0.0102889 0.00900083 -0.0521001 -0.00854086 0.998605 -0.0840836
0.997943 -0.0334233 0.0546988 0.119155 0.0328823 0.999401 0.0107612 0.00910761 -0.0550257 -0.0089405 0.998445 -0.0840999
0.997787 -0.0334967 0.0574299 0.119974 0.0329412 0.999401 0.0105919 0.00923584 -0.0577503 -0.00867662 0.998293 -0.083735
0.99762 -0.0338433 0.0600704 0.120731 0.0332621 0.99939 0.0106503 0.00915657 -0.0603942 -0.00862685 0.998137 -0.0833741
0.997437 -0.0336051 0.0631651 0.121206 0.0329714 0.999395 0.0110487 0.00929278 -0.0634982 -0.0089377 0.997942 -0.0836851
0.997256 -0.0335443 0.0659868 0.122168 0.0328816 0.999398 0.0111037 0.00904185 -0.0663195 -0.00890353 0.997759 -0.0831033
0.997066 -0.0331505 0.0689972 0.122937 0.0324382 0.999409 0.0114174 0.00931881 -0.0693349 -0.0091458 0.997552 -0.0829393
0.996852 -0.033326 0.0719405 0.12325 0.0325643 0.999401 0.0117361 0.00942591 -0.0722885 -0.00935644 0.99734 -0.0834087
0.996651 -0.0336068 0.0745418 0.124102 0.0328293 0.999393 0.0116313 0.00957587 -0.0748875 -0.00914521 0.99715 -0.0836631
0.996431 -0.0327753 0.0777946 0.124911 0.0319376 0.999418 0.0119885 0.00969584 -0.0781422 -0.00946115 0.996897 -0.0841772
0.996233 -0.0330853 0.0801574 0.125998 0.032242 0.999411 0.0117923 0.00936201 -0.0805003 -0.00916347 0.996712 -0.0825975
0.995956 -0.0331539 0.0834971 0.126824 0.0322703 0.999408 0.0119104 0.00919024 -0.0838426 -0.0091678 0.996437 -0.0823099
0.995698 -0.0329849 0.0865877 0.127344 0.0320543 0.999413 0.0121156 0.00948431 -0.0869365 -0.00928796 0.996171 -0.0827894
0.995442 -0.0330464 0.0894575 0.127844 0.0320988 0.999413 0.0120106 0.0100196 -0.0898018 -0.00908438 0.995918 -0.0819909
0.995168 -0.0331182 0.0924371 0.128384 0.0321254 0.999409 0.0122088 0.00999712 -0.0927868 -0.00918022 0.995644 -0.0824151
0.99488 -0.0333012 0.0954182 0.12926 0.0322731 0.999403 0.0122987 0.00982245 -0.0957708 -0.00915628 0.995361 -0.0818879
0.994611 -0.0333126 0.0981763 0.129738 0.0322574 0.999404 0.012316 0.00986729 -0.0985281 -0.00908277 0.995093 -0.0822452
0.994251 -0.0340502 0.101518 0.129947 0.0328762 0.999372 0.0132159 0.0100897 -0.101904 -0.00980238 0.994746 -0.0825782
0.993952 -0.034375 0.104295 0.130709 0.0331687 0.999362 0.0132799 0.00982842 -0.104685 -0.00974028 0.994458 -0.0822354
0.993653 -0.034339 0.107121 0.131465 0.0330987 0.999363 0.0133359 0.0100906 -0.107511 -0.00970571 0.994157 -0.0825224
0.993357 -0.0345697 0.109754 0.131974 0.0333144 0.999357 0.0132509 0.0104994 -0.110142 -0.00950647 0.99387 -0.0824236
0.992979 -0.0347006 0.113083 0.132386 0.0334249 0.999355 0.0131581 0.0106541 -0.113467 -0.0092859 0.993498 -0.0825731
0.992653 -0.0344862 0.115973 0.132954 0.0331799 0.999363 0.013176 0.0107462 -0.116353 -0.0092312 0.993165 -0.0823434
0.992353 -0.0344703 0.118525 0.133831 0.0331264 0.999363 0.0132906 0.0106189 -0.118908 -0.00926263 0.992862 -0.0819682
0.99196 -0.0344459 0.121776 0.134555 0.033038 0.999362 0.0135618 0.0106345 -0.122166 -0.00942955 0.992465 -0.0821835
0.991626 -0.0343893 0.124481 0.135218 0.0329725 0.999366 0.0134241 0.0105637 -0.124864 -0.00920723 0.992131 -0.0820547
0.991258 -0.0343536 0.127386 0.136124 0.0328994 0.999367 0.013503 0.0103988 -0.12777 -0.00919403 0.991761 -0.0814696
0.990949 -0.0339242 0.129879 0.137041 0.0323964 0.999379 0.0138586 0.0105141 -0.130269 -0.00952558 0.991433 -0.0823833
0.990509 -0.0346907 0.133001 0.137358 0.0331041 0.999352 0.0141227 0.0103516 -0.133405 -0.00958573 0.991015 -0.0822473
0.990168 -0.0345437 0.135551 0.13812 0.0329181 0.999357 0.0142167 0.0104672 -0.135955 -0.00961479 0.990668 -0.0818939
0.989711 -0.0343889 0.138886 0.138392 0.0327225 0.999363 0.0142646 0.010816 -0.139288 -0.00957315 0.990206 -0.0821447
0.989358 -0.0339044 0.141494 0.139227 0.0321649 0.999376 0.0145637 0.0111447 -0.141899 -0.00985763 0.989832 -0.0822318
0.988961 -0.0341207 0.144193 0.14024 0.032339 0.999369 0.0146831 0.0106866 -0.144603 -0.00985795 0.989441 -0.0823276
0.988528 -0.0343272 0.147085 0.140766 0.032504 0.999362 0.0147819 0.0106332 -0.147499 -0.00983144 0.989013 -0.0823197
0.988131 -0.0339642 0.149812 0.141509 0.0320934 0.999374 0.0148888 0.0108226 -0.150224 -0.0099041 0.988602 -0.0822529
0.987693 -0.0341617 0.152627 0.142108 0.0321928 0.999364 0.0153538 0.0111344 -0.153055 -0.0102513 0.988165 -0.0827584
0.987259 -0.0340508 0.155437 0.142968 0.0319987 0.999365 0.0156862 0.0110977 -0.155873 -0.0105126 0.987721 -0.0827287
0.986762 -0.0339668 0.15858 0.143869 0.0319125 0.999371 0.0154838 0.0111269 -0.159006 -0.0102181 0.987225 -0.0815905
0.986287 -0.0340366 0.16149 0.144564 0.0319167 0.999367 0.0157037 0.0115158 -0.161923 -0.0103342 0.986749 -0.0824413
0.985837 -0.0336638 0.164291 0.145175 0.0315219 0.999381 0.0156276 0.0116474 -0.164715 -0.0102275 0.986288 -0.0829785
0.985342 -0.0341031 0.167148 0.14596 0.031955 0.999369 0.0155254 0.0118465 -0.167572 -0.00995658 0.98581 -0.082383
0.984838 -0.0338667 0.17014 0.146778 0.0316683 0.999376 0.0156188 0.0115496 -0.170563 -0.00999395 0.985296 -0.0824406
0.984388 -0.0341128 0.172677 0.148107 0.0319791 0.999374 0.0151242 0.0120061 -0.173085 -0.00936599 0.984862 -0.0818927
0.983857 -0.0336537 0.175763 0.149123 0.031387 0.999385 0.0156615 0.0118865 -0.176181 -0.00989201 0.984308 -0.0822752
0.983297 -0.0343315 0.178742 0.149627 0.0320227 0.999362 0.015787 0.0119493 -0.17917 -0.00979947 0.983769 -0.0821832
0.982743 -0.0345682 0.181716 0.150121 0.0322403 0.999356 0.0157497 0.0117785 -0.182143 -0.00961933 0.983225 -0.082527
0.982809 -0.0315647 0.181905 0.152116 0.028806 0.999427 0.0177883 0.00935835 -0.182362 -0.0122425 0.983155 -0.0805441
0.98294 -0.0306384 0.181357 0.152538 0.0279501 0.999459 0.0173611 0.010061 -0.181791 -0.0119959 0.983264 -0.0778944
0.982873 -0.0306695 0.181714 0.15281 0.0280773 0.999464 0.0168214 0.010278 -0.182133 -0.0114312 0.983208 -0.0762705
0.982854 -0.0322322 0.181544 0.153332 0.0297335 0.999422 0.0164696 0.0104131 -0.18197 -0.0107893 0.983245 -0.0757552
0.982789 -0.0321171 0.181921 0.153537 0.0294803 0.999418 0.0171804 0.00979052 -0.182367 -0.0115216 0.983163 -0.0732924
0.982796 -0.0316608 0.181958 0.153882 0.0290164 0.999431 0.0171774 0.00992186 -0.182399 -0.0116021 0.983156 -0.0710893
0.982792 -0.0316083 0.181992 0.15433 0.0290019 0.999435 0.0169658 0.01028 -0.182425 -0.0113958 0.983154 -0.0701975
0.982771 -0.0322316 0.181996 0.154548 0.0296532 0.999418 0.0168717 0.0103816 -0.182434 -0.0111843 0.983155 -0.0679346
0.982751 -0.0315671 0.182219 0.154745 0.0289226 0.999434 0.0171529 0.0103844 -0.182658 -0.0115868 0.983108 -0.0661665
0.982749 -0.0316413 0.182215 0.155192 0.0289686 0.99943 0.0173117 0.0106094 -0.182659 -0.0117345 0.983106 -0.0645275
0.982735 -0.0315758 0.182304 0.15519 0.0289365 0.999435 0.0171197 0.0105655 -0.182742 -0.0115489 0.983093 -0.0626681
0.982763 -0.031731 0.182126 0.155403 0.0291521 0.999433 0.0168204 0.0107467 -0.182557 -0.0112211 0.983131 -0.0606012
0.982708 -0.0317433 0.182418 0.155767 0.0291593 0.999433 0.0168309 0.0106545 -0.182849 -0.0112207 0.983077 -0.0589066
0.98278 -0.031594 0.182058 0.156126 0.0289858 0.999436 0.0169697 0.0103759 -0.182492 -0.0114004 0.983141 -0.0571769
0.982757 -0.0318167 0.182144 0.156269 0.0292356 0.999431 0.0168391 0.0105996 -0.182576 -0.0112236 0.983128 -0.0558378
0.982809 -0.0317971 0.181864 0.156893 0.0292834 0.999435 0.0164912 0.0108486 -0.182286 -0.0108821 0.983185 -0.0539451
0.982791 -0.0314286 0.182025 0.157039 0.0288549 0.999443 0.016771 0.0108678 -0.182451 -0.01123 0.983151 -0.0518266
0.982753 -0.0316342 0.182197 0.157948 0.0291274 0.999441 0.0164188 0.0109571 -0.182614 -0.0108287 0.983125 -0.0501139
0.982784 -0.0309949 0.182137 0.157739 0.0284492 0.999458 0.0165737 0.0108686 -0.182552 -0.0111067 0.983133 -0.0477287
0.982783 -0.0305207 0.182228 0.157831 0.0280056 0.999474 0.0163596 0.0111955 -0.182631 -0.0109745 0.98312 -0.0460282
0.982742 -0.031504 0.18228 0.15839 0.0289844 0.999444 0.0164706 0.0110348 -0.182698 -0.0109031 0.983109 -0.0433667
0.982697 -0.0313195 0.182552 0.158738 0.0288637 0.999454 0.016095 0.0112282 -0.182956 -0.0105474 0.983065 -0.0412897
0.982699 -0.031235 0.182558 0.159144 0.0287782 0.999456 0.0160919 0.0110838 -0.182962 -0.0105598 0.983063 -0.0396314
0.982754 -0.0307212 0.182348 0.158848 0.0282255 0.999469 0.0162664 0.011233 -0.182751 -0.0108389 0.983099 -0.0380982
0.982725 -0.0317019 0.182339 0.15918 0.0292292 0.999441 0.0162331 0.0110982 -0.182751 -0.0106231 0.983102 -0.0363186
0.982762 -0.0312998 0.182208 0.159228 0.0288501 0.999454 0.0160805 0.0112671 -0.182612 -0.0105465 0.983128 -0.0353395
0.982799 -0.0315076 0.181971 0.159867 0.0291365 0.999452 0.0156893 0.0116027 -0.182366 -0.0101175 0.983179 -0.0325801
0.982821 -0.0309663 0.181942 0.160276 0.0285331 0.999465 0.0159769 0.0116327 -0.18234 -0.0105111 0.983179 -0.0318255
0.982729 -0.0311869 0.182404 0.160103 0.0287406 0.999458 0.0160401 0.0113434 -0.182806 -0.0105206 0.983093 -0.029604
0.982748 -0.0309069 0.182349 0.160686 0.0284517 0.999466 0.0160655 0.0120038 -0.182748 -0.0106002 0.983103 -0.0282635
0.982727 -0.0309072 0.182462 0.161604 0.0285293 0.999471 0.0156437 0.0113859 -0.182849 -0.010168 0.983089 -0.0246415
0.982722 -0.0314819 0.182391 0.161826 0.0291243 0.999454 0.0155909 0.0119834 -0.182783 -0.0100095 0.983102 -0.0241217
0.982741 -0.0308487 0.182398 0.162113 0.0284747 0.999472 0.0156206 0.0119534 -0.182783 -0.0101573 0.983101 -0.0219999
0.982773 -0.0304783 0.182286 0.162263 0.0281359 0.999485 0.0154231 0.011549 -0.182662 -0.0100287 0.983125 -0.020407
0.982819 -0.030355 0.182056 0.162887 0.0280127 0.999489 0.0154239 0.0114204 -0.182432 -0.010059 0.983167 -0.0179495
0.982818 -0.0305131 0.182039 0.163348 0.0282965 0.999491 0.014762 0.0121844 -0.182396 -0.00935733 0.983181 -0.0166009
0.98283 -0.0298417 0.182085 0.163623 0.0276162 0.99951 0.014746 0.011885 -0.182436 -0.00946428 0.983172 -0.0147772
0.98283 -0.0296927 0.182109 0.164318 0.027454 0.999513 0.0148021 0.0115885 -0.18246 -0.00954833 0.983167 -0.0124489
0.982869 -0.0299798 0.181853 0.164045 0.0277914 0.999508 0.014571 0.0120036 -0.1822 -0.00926746 0.983218 -0.0102354
0.982818 -0.030085 0.182107 0.1644 0.0279854 0.999509 0.0140888 0.0121103 -0.182442 -0.00875038 0.983178 -0.00873153
0.982759 -0.0299189 0.182453 0.164285 0.0278194 0.999514 0.014056 0.012019 -0.182784 -0.00873792 0.983114 -0.0067077
0.982757 -0.0302688 0.182408 0.164735 0.0281257 0.999502 0.0143249 0.0120566 -0.18275 -0.00894753 0.983119 -0.00657363
0.982752 -0.0298393 0.182504 0.165099 0.0276502 0.999512 0.0145279 0.0121778 -0.182848 -0.00923105 0.983098 -0.00377844
0.982705 -0.030702 0.182613 0.165489 0.0285756 0.99949 0.0142648 0.0117285 -0.182958 -0.00879986 0.983081 -0.00164002
0.982686 -0.0307152 0.182718 0.165513 0.0286203 0.999491 0.0140917 0.011797 -0.183058 -0.00861827 0.983064 0.000274337
0.98271 -0.0301795 0.182678 0.166077 0.0281091 0.999508 0.0139124 0.0122799 -0.183008 -0.00853697 0.983074 0.00223285
0.982695 -0.0303285 0.182733 0.166527 0.028244 0.999503 0.0139993 0.0120741 -0.183067 -0.00859593 0.983063 0.00387173
0.982709 -0.0299426 0.182717 0.167 0.0278175 0.999512 0.014183 0.0120551 -0.183053 -0.00885504 0.983063 0.00637233
0.982741 -0.0312778 0.182325 0.165836 0.0292353 0.999476 0.0138801 0.0130161 -0.182663 -0.00831021 0.98314 0.00612939
0.982686 -0.0322567 0.182451 0.165703 0.0301635 0.999444 0.014237 0.0133936 -0.182808 -0.00848716 0.983112 0.00764615
0.982665 -0.0319336 0.182618 0.166545 0.0298037 0.999452 0.0143966 0.013296 -0.182977 -0.0087044 0.983079 0.0091897
0.982656 -0.0320672 0.182647 0.166489 0.0299584 0.999449 0.0142939 0.0130285 -0.183004 -0.00857418 0.983075 0.0116727
0.982636 -0.0319076 0.182782 0.168025 0.029857 0.999457 0.0139604 0.0134638 -0.183128 -0.00826066 0.983054 0.0174297
0.982605 -0.0319695 0.182936 0.169714 0.0300268 0.99946 0.0133807 0.0136878 -0.183265 -0.00765501 0.983034 0.0260796
0.982616 -0.0319805 0.182873 0.170308 0.0300671 0.99946 0.0132265 0.0135873 -0.183198 -0.0074981 0.983047 0.0321615
0.982618 -0.0314141 0.182962 0.171258 0.0294715 0.999477 0.0133278 0.0141475 -0.183285 -0.00770392 0.98303 0.0375933
0.982611 -0.0323036 0.182846 0.172331 0.0304275 0.999452 0.0130576 0.0138297 -0.183167 -0.00726705 0.983055 0.042946
0.982647 -0.0319108 0.182722 0.173373 0.0300618 0.999465 0.0128812 0.0140571 -0.183035 -0.0071647 0.98308 0.0474257
0.982563 -0.0310252 0.183324 0.174519 0.0293137 0.999498 0.0120389 0.0136308 -0.183606 -0.00645507 0.982979 0.052294
0.982597 -0.0306178 0.18321 0.174613 0.0289318 0.999511 0.0118691 0.0135574 -0.183484 -0.00636188 0.983002 0.0549361
0.982577 -0.0310004 0.183254 0.17544 0.0293273 0.9995 0.0118339 0.0136372 -0.183529 -0.00625336 0.982994 0.0574145
0.982549 -0.0310543 0.183391 0.175359 0.0293593 0.999497 0.0119512 0.0133727 -0.18367 -0.00635847 0.982967 0.0593255
0.982529 -0.0312827 0.183464 0.175988 0.0295967 0.999491 0.0119217 0.0135496 -0.183743 -0.00628352 0.982954 0.0603927
0.982519 -0.0312098 0.183526 0.176221 0.0295524 0.999494 0.0117598 0.0137243 -0.1838 -0.00613061 0.982944 0.0627753
0.98253 -0.0307277 0.183548 0.176261 0.0290264 0.999507 0.0119492 0.0141229 -0.183825 -0.00641268 0.982938 0.0646845
0.982502 -0.0309635 0.183659 0.176541 0.0292965 0.999501 0.0117835 0.013757 -0.183932 -0.00619673 0.982919 0.0664771
0.982431 -0.0308525 0.184061 0.177338 0.0292137 0.999506 0.0116096 0.013967 -0.184328 -0.00602851 0.982846 0.0682049
0.982457 -0.0311064 0.183878 0.177927 0.0294776 0.999498 0.0115851 0.0138755 -0.184146 -0.00596159 0.982881 0.0701941
0.982432 -0.031186 0.183998 0.178135 0.0296553 0.999499 0.0110652 0.0134135 -0.184251 -0.00541432 0.982864 0.0728426
0.982423 -0.0314134 0.184009 0.178142 0.0298472 0.999491 0.0112756 0.0141586 -0.184269 -0.0055853 0.98286 0.0740598
0.982438 -0.031149 0.183969 0.178587 0.0296278 0.9995 0.0110129 0.0139768 -0.18422 -0.00536888 0.98287 0.0755357
0.98242 -0.0309325 0.184105 0.179305 0.0294411 0.999508 0.0108293 0.0140876 -0.18435 -0.00521867 0.982847 0.0765637
0.982515 -0.0305366 0.183661 0.179536 0.0290248 0.999519 0.0109148 0.0144629 -0.183906 -0.00539327 0.982929 0.079284
0.982494 -0.0310577 0.183689 0.180031 0.0295408 0.999503 0.0109892 0.0146819 -0.183939 -0.00537048 0.982923 0.0818373
0.98247 -0.0311145 0.183807 0.180274 0.0296551 0.999503 0.0106839 0.0143477 -0.184048 -0.00504578 0.982904 0.0828111
0.982529 -0.0309727 0.183512 0.179963 0.0294861 0.999507 0.0108248 0.0145601 -0.183757 -0.00522457 0.982958 0.0857024
0.982525 -0.0315476 0.183438 0.180339 0.0300876 0.99949 0.0107375 0.0146163 -0.183683 -0.00503061 0.982973 0.0863155
0.982516 -0.0312332 0.183537 0.180835 0.0297918 0.9995 0.0106064 0.0144809 -0.183777 -0.00495309 0.982955 0.0886305
0.982421 -0.0316986 0.183967 0.181547 0.0302539 0.999485 0.0106554 0.0146013 -0.18421 -0.00490237 0.982875 0.0912317
0.982399 -0.0317082 0.184082 0.181515 0.0302939 0.999486 0.010491 0.0145586 -0.18432 -0.00472975 0.982855 0.0921525
0.982398 -0.0313265 0.184154 0.182497 0.0299204 0.999498 0.0104099 0.0139624 -0.184388 -0.00471673 0.982842 0.0931579
0.982405 -0.0310879 0.184156 0.182479 0.0296405 0.999504 0.0106077 0.0139141 -0.184394 -0.00496259 0.98284 0.095537
0.982393 -0.0315499 0.184142 0.18232 0.0301131 0.99949 0.0105944 0.0150707 -0.184382 -0.0048628 0.982843 0.0985545
0.982388 -0.0306637 0.184321 0.183208 0.0291509 0.999515 0.0109125 0.0153395 -0.184566 -0.00534717 0.982806 0.100371
0.982366 -0.030104 0.184529 0.183346 0.0286274 0.999533 0.0106616 0.0154304 -0.184764 -0.00519096 0.982769 0.102237
0.982355 -0.0305768 0.184509 0.183916 0.0291149 0.99952 0.0106278 0.0150176 -0.184745 -0.00506831 0.982773 0.103078
0.982384 -0.0314765 0.184205 0.183687 0.0300512 0.999493 0.0105249 0.0150063 -0.184443 -0.00480393 0.982831 0.103811
0.982468 -0.0297822 0.184038 0.185033 0.0282213 0.99954 0.0110954 0.0141955 -0.184284 -0.00570712 0.982857 0.0977441
0.982479 -0.0297636 0.18398 0.185536 0.0282619 0.999542 0.0107795 0.0144892 -0.184216 -0.00539102 0.982871 0.0998859
0.982451 -0.0298545 0.184118 0.185622 0.0283855 0.999541 0.0106096 0.0147716 -0.18435 -0.00519711 0.982847 0.101031
0.982449 -0.0298363 0.184127 0.186203 0.02837 0.999541 0.0105933 0.0147907 -0.184359 -0.00518364 0.982845 0.10244
0.982486 -0.0289701 0.184073 0.187481 0.0275728 0.999568 0.0101464 0.0148941 -0.184287 -0.00489325 0.98286 0.106304
0.982423 -0.0292497 0.184362 0.188752 0.0279303 0.999562 0.00975012 0.0146299 -0.184566 -0.00442948 0.98281 0.11648
0.982377 -0.0289683 0.184652 0.19027 0.0276751 0.999571 0.0095777 0.014239 -0.18485 -0.00429865 0.982757 0.123213
0.982378 -0.0289575 0.184648 0.192161 0.0276649 0.999571 0.00957289 0.0137356 -0.184846 -0.00429591 0.982758 0.128193
0.982393 -0.0289161 0.184576 0.192354 0.027665 0.999574 0.00935018 0.0138885 -0.184768 -0.00407925 0.982774 0.13006
0.982369 -0.0288338 0.184714 0.192504 0.0276399 0.999577 0.00903559 0.0137062 -0.184897 -0.00377079 0.982751 0.133273
0.982346 -0.0296304 0.184711 0.192758 0.0283591 0.999552 0.00952123 0.0135464 -0.184911 -0.0041149 0.982747 0.134995
0.982366 -0.0287733 0.184742 0.193685 0.0274932 0.999577 0.00948764 0.0136433 -0.184937 -0.00424118 0.982741 0.136873
0.982387 -0.028578 0.18466 0.19374 0.0273184 0.999583 0.00936236 0.0136471 -0.184851 -0.00415284 0.982758 0.139548
0.982351 -0.0284983 0.184861 0.194636 0.0272585 0.999586 0.00924524 0.0139305 -0.185048 -0.00404304 0.982721 0.141668
0.982335 -0.0286427 0.184927 0.194754 0.0274604 0.999583 0.00895156 0.0140745 -0.185106 -0.00371526 0.982711 0.144252
0.982349 -0.0289827 0.184799 0.19479 0.0277997 0.999573 0.00899032 0.0137617 -0.184981 -0.00369427 0.982735 0.14644
0.982367 -0.0279326 0.184865 0.195406 0.0267271 0.999602 0.00901007 0.0142392 -0.185043 -0.00391027 0.982723 0.148658
0.982278 -0.0284698 0.185257 0.195728 0.0273217 0.999588 0.0087483 0.0142742 -0.185429 -0.00353175 0.982651 0.151045
0.982359 -0.0279033 0.18491 0.19569 0.0267 0.999603 0.0089948 0.0147298 -0.185088 -0.00389903 0.982714 0.151966
0.982383 -0.0281903 0.184742 0.196662 0.0269847 0.999595 0.00903736 0.014067 -0.184922 -0.00389293 0.982745 0.155623
