1 -0 0 -0 -0 1 -0 0 0 -0 1 0
1 4.25736e-06 7.86781e-05 2.92021e-05 -4.25654e-06 1 -1.03127e-05 3.85938e-05 -7.86781e-05 1.03123e-05 1 3.27589e-06
1 -2.92573e-05 3.45878e-05 4.91748e-05 2.92556e-05 1 5.02946e-05 0.00011892 -3.45893e-05 -5.02936e-05 1 3.88319e-05
1 -3.37528e-06 -4.52138e-06 -1.12887e-06 3.37533e-06 1 9.72061e-06 1.94881e-05 4.52135e-06 -9.72063e-06 1 -1.64105e-05
1 1.18575e-05 4.64401e-05 4.34652e-05 -1.18585e-05 1 2.07043e-05 4.56755e-05 -4.64398e-05 -2.07049e-05 1 4.37505e-05
1 3.27443e-05 3.46502e-05 1.2307e-05 -3.27453e-05 1 2.81479e-05 1.13186e-05 -3.46493e-05 -2.8149e-05 1 1.12524e-05
1 -1.35734e-05 3.09785e-05 4.25308e-05 1.35731e-05 1 1.11294e-05 3.57855e-05 -3.09787e-05 -1.1129e-05 1 2.99451e-05
1 4.36425e-05 3.52594e-05 2.10697e-05 -4.36433e-05 1 2.31631e-05 1.22041e-05 -3.52584e-05 -2.31646e-05 1 9.18265e-06
1 -1.35624e-05 3.09885e-05 4.25236e-05 1.35621e-05 1 1.11243e-05 3.57915e-05 -3.09887e-05 -1.11239e-05 1 2.99528e-05
1 -8.8497e-06 3.30083e-05 5.27362e-05 8.84872e-06 1 2.99604e-05 9.41018e-05 -3.30086e-05 -2.99601e-05 1 3.95996e-05
1 5.6645e-05 2.65294e-05 7.77552e-07 -5.66456e-05 1 2.29295e-05 3.66751e-05 -2.65281e-05 -2.2931e-05 1 -2.9675e-06
1 1.92973e-05 1.27091e-06 -9.36311e-06 -1.92973e-05 1 1.93771e-06 6.90926e-06 -1.27087e-06 -1.93774e-06 1 -4.56037e-05
1 1.97339e-05 1.89902e-05 3.90112e-05 -1.9734e-05 1 5.9436e-06 1.85304e-05 -1.89901e-05 -5.94398e-06 1 3.50262e-05
1 9.19337e-06 3.59095e-05 3.15055e-05 -9.194e-06 1 1.76172e-05 4.04868e-05 -3.59093e-05 -1.76175e-05 1 3.26954e-05
1 0.000201862 0.000425133 -0.00032339 -0.000201832 1 -7.09176e-05 0.000149764 -0.000425148 7.08318e-05 1 0.000428789
1 0.000288052 0.0004998 -0.000437024 -0.000288116 1 0.000127896 0.000290169 -0.000499763 -0.00012804 1 0.00956954
1 0.000180291 0.000604314 -0.000241458 -0.000180356 1 0.000107295 0.000510935 -0.000604294 -0.000107404 1 0.0272465
1 0.000341901 0.000445739 -0.000568628 -0.000341938 1 8.38687e-05 0.000241306 -0.00044571 -8.40211e-05 1 0.0514336
1 -1.55443e-05 0.000647013 -0.000537265 1.53993e-05 1 0.000224186 0.000572484 -0.000647016 -0.000224176 1 0.0801461
0.999999 0.0010986 0.000145474 -0.000829708 -0.00109849 0.999999 -0.000699319 0.000890266 -0.000146243 0.000699159 1 0.111716
1 0.000819172 0.000220722 -0.00111404 -0.000819033 0.999999 -0.0006276 0.00115219 -0.000221236 0.000627419 1 0.146054
1 0.00058155 0.000517482 -0.000247151 -0.000581235 1 -0.000608562 0.000981788 -0.000517835 0.000608261 1 0.181441
1 0.000617302 0.00026819 -0.00089754 -0.000617084 0.999999 -0.000814019 0.00074624 -0.000268692 0.000813853 1 0.218382
1 0.000403216 0.000126077 -0.00132051 -0.000403128 1 -0.000700151 0.00116831 -0.000126359 0.0007001 1 0.25507
0.999987 0.00491241 0.00116763 -0.00510418 -0.00490997 0.999986 -0.00208115 0.00202174 -0.00117784 0.0020754 0.999997 0.294907
0.999989 0.00464306 0.000870311 -0.0053592 -0.00464129 0.999987 -0.00202084 0.00191857 -0.000879683 0.00201678 0.999998 0.324563
0.999988 0.00475552 0.00119957 -0.00525669 -0.0047526 0.999986 -0.00242746 0.00147098 -0.0012111 0.00242173 0.999996 0.345234
0.999989 0.00464198 0.00094568 -0.00559695 -0.0046399 0.999987 -0.0021985 0.00158709 -0.000955873 0.00219409 0.999997 0.36069
0.999987 0.00510583 0.000899106 -0.00549258 -0.00510385 0.999985 -0.00219368 0.00171263 -0.000910293 0.00218906 0.999997 0.371471
0.999985 0.00545301 0.00104048 -0.00567001 -0.00545096 0.999983 -0.00196009 0.00134404 -0.00105115 0.00195439 0.999998 0.379786
0.999986 0.00510637 0.000975386 -0.00562044 -0.00510431 0.999985 -0.00210564 0.00119494 -0.000986124 0.00210063 0.999997 0.385276
0.999985 0.00537081 0.00111921 -0.00563257 -0.00536886 0.999984 -0.00173351 0.00106584 -0.0011285 0.00172748 0.999998 0.389411
0.999985 0.00533988 0.000998692 -0.00562941 -0.00533808 0.999984 -0.00179864 0.00120361 -0.00100828 0.00179328 0.999998 0.392631
0.999986 0.00525344 0.00107623 -0.00555397 -0.00525117 0.999984 -0.00210732 0.00116611 -0.00108729 0.00210164 0.999997 0.394474
0.999986 0.0053131 0.000578686 -0.00545892 -0.00531145 0.999982 -0.00281519 0.00163522 -0.000593633 0.00281208 0.999996 0.396327
0.999982 0.00598921 0.000595832 -0.00507898 -0.00598726 0.999977 -0.00322194 0.00140939 -0.000615115 0.00321832 0.999995 0.397111
0.999984 0.0055397 0.000726762 -0.00550199 -0.00553746 0.99998 -0.00304256 0.00133769 -0.000743603 0.00303849 0.999995 0.397992
0.999985 0.00544775 0.000667955 -0.00525408 -0.00544579 0.999981 -0.00289921 0.00143375 -0.000683736 0.00289553 0.999996 0.398601
0.999985 0.00540607 0.000667933 -0.00547321 -0.00540408 0.999981 -0.00294095 0.00144651 -0.000683819 0.0029373 0.999995 0.398807
0.999985 0.00546532 0.000585515 -0.00548514 -0.0054636 0.999981 -0.00290277 0.00135403 -0.000601369 0.00289952 0.999996 0.39913
0.999984 0.00561241 0.000607242 -0.00564065 -0.00561062 0.99998 -0.0029087 0.00141597 -0.000623555 0.00290525 0.999996 0.39947
0.999984 0.00556004 0.000578803 -0.00546176 -0.00555829 0.99998 -0.00298376 0.00142071 -0.000595381 0.0029805 0.999995 0.399572
0.999985 0.00543658 0.000603306 -0.00541576 -0.00543474 0.999981 -0.0030099 0.00149183 -0.000619658 0.00300658 0.999995 0.399741
0.999985 0.00550531 0.000700681 -0.0053501 -0.00550319 0.99998 -0.00299744 0.00131038 -0.000717169 0.00299354 0.999995 0.399698
0.999985 0.00544153 0.000643021 -0.00528733 -0.00543958 0.999981 -0.002989 0.00134921 -0.000659274 0.00298545 0.999995 0.399864
0.999985 0.00549757 0.000568441 -0.00538438 -0.00549585 0.99998 -0.00299494 0.00130401 -0.000584895 0.00299177 0.999995 0.399847
0.999984 0.00558305 0.000662178 -0.00543091 -0.00558106 0.99998 -0.00297136 0.00131842 -0.000678754 0.00296762 0.999995 0.400023
0.999985 0.00551953 0.000593412 -0.0055179 -0.00551773 0.99998 -0.00299537 0.00132726 -0.000609933 0.00299205 0.999995 0.400024
0.999985 0.00539225 0.000542002 -0.00545715 -0.00539059 0.999981 -0.00301753 0.00132107 -0.000558263 0.00301457 0.999995 0.400018
0.999985 0.00547147 0.000572531 -0.00551509 -0.00546972 0.999981 -0.00301003 0.00129072 -0.000588989 0.00300685 0.999995 0.399989
0.999985 0.00550493 0.000639405 -0.0054525 -0.00550301 0.99998 -0.00296481 0.00129745 -0.000655714 0.00296125 0.999995 0.400069
0.999985 0.0054811 0.000567783 -0.00548101 -0.00547937 0.99998 -0.0030008 0.00130914 -0.000584219 0.00299764 0.999995 0.400006
0.999984 0.00554357 0.000574525 -0.00547757 -0.00554183 0.99998 -0.00299694 0.00130624 -0.000591127 0.00299371 0.999995 0.399978
0.999984 0.0055362 0.000659202 -0.00546381 -0.00553419 0.99998 -0.003021 0.00134971 -0.000675914 0.0030173 0.999995 0.400125
0.999985 0.0055256 0.000649955 -0.00554245 -0.00552362 0.99998 -0.00300902 0.00127637 -0.000666569 0.00300538 0.999995 0.399976
0.999985 0.00538613 0.000614535 -0.00548798 -0.00538426 0.999981 -0.00300382 0.0012905 -0.000630702 0.00300047 0.999995 0.399964
0.999985 0.00544119 0.000610508 -0.00552223 -0.00543934 0.999981 -0.00298604 0.00129966 -0.000626744 0.00298267 0.999995 0.40001
0.999985 0.00545693 0.000630873 -0.00553253 -0.00545501 0.999981 -0.00300479 0.00130226 -0.000647258 0.0030013 0.999995 0.400007
0.999985 0.0054464 0.000626789 -0.005514 -0.00544451 0.999981 -0.00298034 0.00130515 -0.000643009 0.00297688 0.999995 0.400034
0.999984 0.00560312 0.000575197 -0.00553742 -0.00560136 0.99998 -0.00301787 0.00130905 -0.000592095 0.0030146 0.999995 0.399962
0.999984 0.00560687 0.000572487 -0.0055314 -0.00560511 0.99998 -0.00301586 0.00131221 -0.000589385 0.00301261 0.999995 0.399969
0.999985 0.00544389 0.000632312 -0.00552583 -0.00544196 0.999981 -0.00300775 0.00127529 -0.000648674 0.00300427 0.999995 0.399941
0.999985 0.0054429 0.000632092 -0.00552585 -0.00544098 0.999981 -0.00300643 0.0012761 -0.000648443 0.00300294 0.999995 0.399942
0.999985 0.00543439 0.000635365 -0.00552236 -0.00543246 0.999981 -0.0030079 0.00127509 -0.000651699 0.0030044 0.999995 0.399943
0.999984 0.00554604 0.000575002 -0.00550794 -0.00554429 0.99998 -0.00300112 0.00130169 -0.000591635 0.00299788 0.999995 0.399985
0.999985 0.00541834 0.000628874 -0.00551136 -0.00541643 0.999981 -0.00300495 0.00128424 -0.000645143 0.0030015 0.999995 0.399957
0.999985 0.00541834 0.000628874 -0.00551136 -0.00541643 0.999981 -0.00300495 0.00128424 -0.000645143 0.0030015 0.999995 0.399957
0.999984 0.00557217 0.000515939 -0.0054762 -0.00557059 0.99998 -0.00301145 0.00130224 -0.000532709 0.00300852 0.999995 0.399989
0.999986 0.00520128 0.000669641 -0.00554476 -0.0051992 0.999982 -0.00306839 0.00144836 -0.000685588 0.00306487 0.999995 0.400834
0.999986 0.00519594 0.0012999 -0.00577175 -0.00519215 0.999982 -0.00290546 0.00152306 -0.00131498 0.00289867 0.999995 0.410916
0.999986 0.00520436 0.00131589 -0.00565242 -0.00520039 0.999982 -0.00300436 0.00138409 -0.00133151 0.00299747 0.999995 0.42974
0.999986 0.00518395 0.00114946 -0.00558495 -0.0051802 0.999981 -0.0032447 0.00121579 -0.00116626 0.0032387 0.999994 0.452216
0.999986 0.00497322 0.00150819 -0.00503239 -0.00496859 0.999983 -0.00305777 0.00114483 -0.00152337 0.00305023 0.999994 0.481444
0.999987 0.00503854 0.00113955 -0.00551928 -0.00503502 0.999983 -0.00306681 0.00114685 -0.00115499 0.00306103 0.999995 0.512883
0.999985 0.00536912 0.00128496 -0.00543161 -0.00536416 0.999978 -0.00383405 0.00206756 -0.00130552 0.00382709 0.999992 0.545834
0.999985 0.00533862 0.00133859 -0.00533954 -0.00533345 0.999978 -0.00383232 0.00230028 -0.00135902 0.00382512 0.999992 0.581418
0.999983 0.00560855 0.00129553 -0.00565346 -0.00560377 0.999978 -0.00366479 0.00229525 -0.00131605 0.00365747 0.999992 0.618599
0.999983 0.00568664 0.00129863 -0.0057147 -0.0056817 0.999977 -0.00378343 0.00178868 -0.00132012 0.00377599 0.999992 0.656152
0.999985 0.00533463 0.00117654 -0.00561444 -0.0053302 0.999979 -0.00373711 0.00182937 -0.00119646 0.00373078 0.999992 0.694112
0.99998 0.00563866 0.00276676 -0.00704479 -0.00563079 0.99998 -0.00284607 0.00233077 -0.00278275 0.00283044 0.999992 0.737127
0.999979 0.00583948 0.00284476 -0.00717215 -0.00583153 0.999979 -0.00279607 0.00266633 -0.00286103 0.00277942 0.999992 0.776506
0.99998 0.00558683 0.00285109 -0.00726864 -0.00557766 0.999979 -0.00321424 0.00206144 -0.00286899 0.00319827 0.999991 0.817398
0.999978 0.00583859 0.003112 -0.00640225 -0.00582883 0.999978 -0.00313446 0.00133081 -0.00313023 0.00311625 0.99999 0.855664
0.99998 0.00566783 0.00297133 -0.00557817 -0.0056576 0.999978 -0.00343825 0.00145153 -0.00299075 0.00342137 0.99999 0.895617
0.999987 0.00459073 0.00223479 -0.00582674 -0.00458499 0.999986 -0.00256927 0.000567834 -0.00224655 0.00255899 0.999994 0.927021
0.999986 0.00473561 0.00251143 -0.00536085 -0.00472878 0.999985 -0.00271904 0.000911066 -0.00252427 0.00270712 0.999993 0.958298
0.999987 0.00440314 0.00241794 -0.00595554 -0.00439695 0.999987 -0.00255759 0.000618545 -0.00242917 0.00254692 0.999994 0.992638
0.999988 0.00437256 0.00230891 -0.00596893 -0.00436616 0.999987 -0.00277153 8.47625e-05 -0.002321 0.00276142 0.999993 1.02741
0.999986 0.00474101 0.00240574 -0.00617048 -0.00473442 0.999985 -0.00273691 0.000312249 -0.00241868 0.00272548 0.999993 1.06345
0.999977 0.00607405 0.00300054 -0.00547882 -0.0060641 0.999976 -0.00331142 -0.000511527 -0.00302058 0.00329315 0.99999 1.0906
0.999977 0.00609079 0.00288741 -0.00533741 -0.0060809 0.999976 -0.0034225 -0.000590944 -0.00290819 0.00340486 0.99999 1.12103
0.999977 0.00603613 0.00296643 -0.00544325 -0.00602646 0.999977 -0.00325764 -0.000823489 -0.00298603 0.00323969 0.99999 1.15276
0.999978 0.00602365 0.00294231 -0.00538476 -0.00601375 0.999976 -0.0033624 -0.000872058 -0.00296249 0.00334463 0.99999 1.18758
0.999977 0.00597368 0.00313956 -0.00530424 -0.00596389 0.999977 -0.00311688 -0.000836081 -0.00315811 0.00309808 0.99999 1.22517
0.999982 0.00526573 0.00299807 -0.00474611 -0.00525474 0.999979 -0.00366013 0.000711311 -0.00301728 0.00364431 0.999989 1.25385
0.999983 0.00506261 0.00294493 -0.00442179 -0.00505163 0.99998 -0.00372213 0.000816322 -0.00296372 0.00370719 0.999989 1.28229
0.999982 0.00505005 0.00326145 -0.00460919 -0.00503772 0.99998 -0.00377715 0.000397943 -0.00328046 0.00376065 0.999988 1.31504
0.999984 0.00479721 0.00308774 -0.00459468 -0.0047851 0.999981 -0.00391629 0.000658204 -0.00310647 0.00390145 0.999988 1.34927
0.999981 0.00519228 0.00342037 -0.00435206 -0.00517866 0.999979 -0.00397882 0.00028906 -0.00344095 0.00396103 0.999986 1.38484
0.999982 0.0051309 0.00310968 -0.00507585 -0.00511577 0.999975 -0.00485251 -0.000324521 -0.0031345 0.00483652 0.999983 1.41504
0.99998 0.00546596 0.0033297 -0.00513265 -0.00544898 0.999972 -0.00508803 -0.00039875 -0.00335742 0.00506978 0.999982 1.44509
0.999982 0.00483524 0.00344866 -0.00474609 -0.00481781 0.999976 -0.00504479 -0.000278849 -0.00347297 0.00502808 0.999981 1.47721
0.999983 0.00486471 0.00329071 -0.00504891 -0.00484756 0.999975 -0.00519913 -0.0010568 -0.00331592 0.00518309 0.999981 1.51397
0.999984 0.00473156 0.00306606 -0.00537688 -0.00471533 0.999975 -0.00527714 -0.00132575 -0.00309095 0.0052626 0.999981 1.54846
0.999984 0.00499092 0.00260563 -0.00425054 -0.00497574 0.999971 -0.00579878 -0.000718019 -0.00263449 0.00578573 0.99998 1.57648
0.999985 0.0048685 0.00268705 -0.00443246 -0.00485272 0.999971 -0.00584811 -0.000773727 -0.00271544 0.00583498 0.999979 1.60618
0.999985 0.00466821 0.00280296 -0.00426988 -0.00465153 0.999972 -0.00592761 -0.00123676 -0.00283055 0.00591449 0.999979 1.63899
0.999987 0.00466828 0.00223066 -0.00378736 -0.00465578 0.999974 -0.00557981 -0.00142638 -0.00225665 0.00556935 0.999982 1.67244
0.999982 0.00534547 0.00259442 -0.00417228 -0.0053305 0.999969 -0.00574475 -0.00162586 -0.00262505 0.00573082 0.99998 1.71028
0.999979 0.00600583 0.00232741 -0.00453902 -0.00599244 0.999966 -0.00571456 -0.00236757 -0.00236165 0.0057005 0.999981 1.74715
0.999977 0.00633021 0.00227781 -0.00473687 -0.00631676 0.999963 -0.00586485 -0.00233536 -0.00231486 0.00585032 0.99998 1.78405
0.99998 0.00587188 0.00218202 -0.0046698 -0.00585884 0.999965 -0.00593643 -0.00269992 -0.0022168 0.00592353 0.99998 1.82304
0.999983 0.0055933 0.00176667 -0.00496621 -0.00558286 0.999967 -0.00586014 -0.00277137 -0.00179939 0.00585018 0.999981 1.86262
0.999983 0.00561792 0.00173992 -0.00420494 -0.00560699 0.999965 -0.00621959 -0.00329186 -0.0017748 0.00620973 0.999979 1.90032
0.999976 0.0061982 0.00294139 -0.00560635 -0.00618519 0.999971 -0.00441087 -0.00594357 -0.00296864 0.00439257 0.999986 1.94077
0.999978 0.00602656 0.0027377 -0.00536852 -0.00601485 0.999973 -0.00426369 -0.00612715 -0.00276332 0.00424713 0.999987 1.97991
0.999978 0.00604382 0.00284999 -0.00592436 -0.00603209 0.999973 -0.00410867 -0.00615361 -0.00287475 0.00409138 0.999987 2.0207
0.999975 0.00652862 0.00273769 -0.00591911 -0.00651749 0.999971 -0.00405447 -0.00621079 -0.00276407 0.00403653 0.999988 2.05966
0.999976 0.00615512 0.0031626 -0.00534571 -0.00614218 0.999973 -0.00408339 -0.00622365 -0.00318765 0.00406387 0.999987 2.09952
0.999971 0.00678663 0.00345618 -0.0055371 -0.00676684 0.999961 -0.00570768 -0.00445447 -0.00349478 0.00568412 0.999978 2.1401
0.999971 0.00689962 0.00317862 -0.00565207 -0.00688099 0.999959 -0.00583456 -0.00447081 -0.00321874 0.00581252 0.999978 2.17939
0.999973 0.00643218 0.00351049 -0.00526886 -0.00641229 0.999963 -0.00564709 -0.00487719 -0.00354668 0.00562442 0.999978 2.21838
0.999968 0.00707788 0.00370241 -0.00523173 -0.00705701 0.999959 -0.00562046 -0.00523908 -0.00374204 0.00559415 0.999977 2.24992
0.999973 0.00658622 0.0031337 -0.00501756 -0.00656871 0.999963 -0.0055655 -0.00520008 -0.00317024 0.00554476 0.99998 2.2815
0.999983 0.00519611 0.00261393 -0.00372784 -0.0051837 0.999975 -0.00473091 -0.00545352 -0.00263845 0.00471728 0.999985 2.31439
0.999982 0.00548608 0.00229951 -0.00347666 -0.00547466 0.999973 -0.00494269 -0.00558958 -0.00232656 0.00493001 0.999985 2.34964
0.999983 0.0052614 0.00260978 -0.00412305 -0.00524937 0.999976 -0.00459377 -0.00588517 -0.00263389 0.00457999 0.999986 2.38543
0.999977 0.0063127 0.00227259 -0.00409149 -0.0063016 0.999968 -0.00486153 -0.00612533 -0.00230321 0.0048471 0.999986 2.42391
0.999982 0.00547999 0.00256859 -0.00433865 -0.00546731 0.999973 -0.00491813 -0.00665193 -0.00259547 0.00490399 0.999985 2.46393
0.99998 0.00530467 0.00358361 -0.00484375 -0.00528952 0.999977 -0.0042239 -0.00686035 -0.00360594 0.00420486 0.999985 2.50262
0.999981 0.00487308 0.00368022 -0.00465289 -0.00485744 0.999979 -0.0042461 -0.00681766 -0.00370083 0.00422815 0.999984 2.54034
0.999978 0.00521301 0.00400506 -0.0049512 -0.0051966 0.999978 -0.00409483 -0.00675515 -0.00402632 0.00407393 0.999984 2.5797
0.999978 0.00563327 0.00354385 -0.00497439 -0.00561632 0.999973 -0.00477563 -0.00756105 -0.00357066 0.00475562 0.999982 2.61927
0.999981 0.00502443 0.00350698 -0.00483409 -0.00500779 0.999976 -0.00473745 -0.007686 -0.0035307 0.0047198 0.999983 2.65884
0.999985 0.00458287 0.00312498 -0.00490651 -0.0045658 0.999975 -0.00544896 -0.00841588 -0.00314987 0.00543461 0.99998 2.69849
0.999984 0.00484602 0.00302731 -0.0050499 -0.00482939 0.999973 -0.00547946 -0.00869202 -0.00305378 0.00546475 0.99998 2.74086
0.999985 0.00454408 0.00310435 -0.00497937 -0.004527 0.999975 -0.00548607 -0.0086376 -0.0031292 0.00547193 0.99998 2.77887
0.999986 0.00436439 0.00298351 -0.0051543 -0.00434725 0.999974 -0.00572613 -0.00913763 -0.00300842 0.00571308 0.999979 2.81841
0.99999 0.00358718 0.00281538 -0.00435866 -0.00356958 0.999974 -0.00623331 -0.00933755 -0.00283767 0.0062232 0.999977 2.85993
0.999992 0.00303888 0.00274625 -0.00400211 -0.00302261 0.999978 -0.00590863 -0.0097328 -0.00276414 0.00590028 0.999979 2.89976
0.99999 0.00310351 0.00313927 -0.0036727 -0.00308376 0.999976 -0.00627561 -0.00996561 -0.00315867 0.00626587 0.999975 2.93995
0.999993 0.00268213 0.00260362 -0.00288615 -0.00266572 0.999977 -0.00628859 -0.0102764 -0.00262043 0.00628161 0.999977 2.97964
0.99999 0.00297514 0.00344294 -0.00379569 -0.00295608 0.99998 -0.00553008 -0.0108147 -0.00345932 0.00551985 0.999979 3.01861
0.99999 0.00283999 0.00358203 -0.00367535 -0.00282159 0.999983 -0.00513045 -0.0108547 -0.00359654 0.00512029 0.99998 3.05812
0.999989 0.00304762 0.00370257 -0.00347469 -0.00302736 0.99998 -0.00546575 -0.0110392 -0.00371915 0.00545448 0.999978 3.09928
0.999989 0.00307881 0.00345903 -0.00351951 -0.00305951 0.99998 -0.00557161 -0.0113532 -0.00347612 0.00556096 0.999978 3.13914
0.999988 0.00239467 0.00425559 -0.0039341 -0.00237285 0.999984 -0.00512413 -0.0123211 -0.00426779 0.00511397 0.999978 3.17956
0.999987 0.00220866 0.00460108 -0.00392412 -0.00218558 0.999985 -0.00501524 -0.0123355 -0.00461209 0.00500512 0.999977 3.21689
0.999987 0.00272186 0.00442304 -0.00427627 -0.00270017 0.999984 -0.00490228 -0.012189 -0.00443631 0.00489027 0.999978 3.26029
0.999991 0.00235227 0.00351879 -0.00345043 -0.00233366 0.999983 -0.0052825 -0.0128565 -0.00353116 0.00527425 0.99998 3.29893
0.999991 0.00213315 0.0036433 -0.00298095 -0.00211357 0.999983 -0.00537143 -0.0129644 -0.0036547 0.00536368 0.999979 3.33848
0.99999 0.00258272 0.00362767 -0.00345678 -0.00255977 0.999977 -0.00631715 -0.0123159 -0.00364391 0.0063078 0.999973 3.37666
0.999991 0.0023585 0.00354694 -0.00317855 -0.00233599 0.999977 -0.00633786 -0.0123193 -0.00356181 0.00632952 0.999974 3.40725
0.99999 0.00219477 0.00381831 -0.00312745 -0.0021719 0.99998 -0.0059843 -0.0128137 -0.00383137 0.00597595 0.999975 3.43838
0.999991 0.00202789 0.00361238 -0.00291807 -0.00200644 0.99998 -0.00593124 -0.0129417 -0.00362434 0.00592394 0.999976 3.472
0.999991 0.00235465 0.0035396 -0.00344341 -0.00233315 0.999979 -0.00606836 -0.013375 -0.00355382 0.00606004 0.999975 3.5104
0.999993 0.00138527 0.00341112 -0.00265716 -0.00136323 0.999978 -0.00645234 -0.0128206 -0.00341999 0.00644765 0.999973 3.54358
0.999993 0.00121503 0.00356079 -0.00268522 -0.00119136 0.999977 -0.00664282 -0.0129473 -0.00356878 0.00663853 0.999972 3.57214
0.999992 0.0014596 0.00360175 -0.00274657 -0.00143603 0.999978 -0.00653677 -0.0132649 -0.00361121 0.00653155 0.999972 3.60307
0.999992 0.000649931 0.00404368 -0.00247863 -0.00062196 0.999976 -0.00691477 -0.0133169 -0.00404807 0.0069122 0.999968 3.63549
0.999992 0.0013895 0.00367137 -0.00246003 -0.00136341 0.999974 -0.00709856 -0.013798 -0.00368113 0.0070935 0.999968 3.66897
0.999988 0.0017598 0.00455024 -0.00275187 -0.00172591 0.999971 -0.00744032 -0.0136942 -0.0045632 0.00743238 0.999962 3.70618
0.999989 0.00193826 0.0042623 -0.00259853 -0.00190579 0.999969 -0.00761114 -0.0138923 -0.00427692 0.00760293 0.999962 3.74352
0.999989 0.00133979 0.0045646 -0.00258375 -0.00130754 0.999974 -0.00706056 -0.0140681 -0.00457394 0.00705451 0.999965 3.78119
0.99999 0.0014669 0.00416014 -0.004093 -0.00144462 0.999985 -0.00535211 -0.0103737 -0.00416793 0.00534604 0.999977 3.81913
0.999993 0.00148641 0.00347193 -0.00483781 -0.0014623 0.999975 -0.00693758 -0.0122941 -0.00348216 0.00693245 0.99997 3.85869
0.999993 0.00221203 0.00307966 -0.00529468 -0.00219342 0.999979 -0.0060312 -0.01168 -0.00309294 0.0060244 0.999977 3.89603
0.999992 0.00229527 0.0033842 -0.00475085 -0.00227214 0.999974 -0.00682263 -0.0123521 -0.00339977 0.00681488 0.999971 3.92618
0.999992 0.00254838 0.00305731 -0.00539456 -0.00252832 0.999975 -0.00654647 -0.0122582 -0.00307392 0.00653869 0.999974 3.9478
0.999991 0.00267696 0.00329748 -0.00531196 -0.00265321 0.999971 -0.00718663 -0.0128953 -0.00331663 0.00717781 0.999969 3.96287
0.999991 0.00341065 0.00270943 -0.00606733 -0.00338827 0.99996 -0.00822037 -0.0136974 -0.00273736 0.00821111 0.999963 3.97433
0.99999 0.0031126 0.00328553 -0.00514318 -0.00308683 0.999965 -0.00781968 -0.0133931 -0.00330976 0.00780945 0.999964 3.98231
0.99999 0.00358037 0.00278494 -0.00630409 -0.00355546 0.999954 -0.00889921 -0.0145912 -0.00281667 0.00888921 0.999957 3.98837
0.999991 0.00225646 0.00348483 -0.0049889 -0.00223128 0.999971 -0.00721474 -0.0133653 -0.00350101 0.0072069 0.999968 3.99275
0.999988 0.00271012 0.00401734 -0.00416645 -0.00268321 0.999974 -0.00669006 -0.012516 -0.00403536 0.0066792 0.99997 3.99567
0.99999 0.00314895 0.00330053 -0.00506269 -0.00312338 0.999965 -0.00772236 -0.0136042 -0.00332473 0.00771197 0.999965 3.9977
0.999991 0.00226463 0.00347565 -0.00459924 -0.00224214 0.999977 -0.00646242 -0.0127045 -0.00349021 0.00645457 0.999973 3.99927
0.999992 0.00248921 0.00312404 -0.0055737 -0.00247015 0.999978 -0.00609109 -0.0124174 -0.00313913 0.00608333 0.999977 4.00035
0.999992 0.00232442 0.00331098 -0.00518035 -0.00230039 0.999971 -0.00724169 -0.0134728 -0.00332772 0.00723401 0.999968 4.00171
0.999992 0.00214843 0.00333696 -0.00513061 -0.00212485 0.999973 -0.00705253 -0.0131894 -0.00335202 0.00704539 0.99997 4.002
0.999993 0.00213197 0.00301038 -0.00547 -0.00211173 0.999975 -0.00670852 -0.013097 -0.0030246 0.00670212 0.999973 4.00272
0.999994 0.00217314 0.0028742 -0.00555061 -0.00215373 0.999975 -0.00673842 -0.0131373 -0.00288877 0.00673218 0.999973 4.00294
0.999993 0.00208937 0.00311132 -0.00542431 -0.00206903 0.999977 -0.00652669 -0.0130278 -0.00312488 0.00652021 0.999974 4.00312
0.999992 0.00232605 0.00316075 -0.00545461 -0.00230419 0.999974 -0.00690265 -0.0133511 -0.00317672 0.00689531 0.999971 4.00324
0.999992 0.00232184 0.00322637 -0.0053834 -0.00229944 0.999973 -0.00693059 -0.0134185 -0.00324238 0.00692312 0.999971 4.00336
0.999993 0.00193387 0.00324056 -0.00520131 -0.00191221 0.999976 -0.00667261 -0.0130905 -0.00325339 0.00666636 0.999972 4.00332
0.999992 0.0021361 0.00337496 -0.00509179 -0.00211395 0.999976 -0.00655397 -0.0130086 -0.00338888 0.00654679 0.999973 4.0034
0.999992 0.00212194 0.00343119 -0.00499189 -0.00209878 0.999975 -0.00673976 -0.013088 -0.0034454 0.00673251 0.999971 4.00331
0.999992 0.00210175 0.00333073 -0.00517125 -0.00208021 0.999977 -0.00645459 -0.0129351 -0.00334422 0.00644762 0.999974 4.00348
0.999996 0.00241701 0.00159154 -0.00542535 -0.0024064 0.999975 -0.00663541 -0.0131874 -0.00160754 0.00663156 0.999977 4.00344
0.999809 0.00263343 -0.0193557 -0.0088253 -0.00276856 0.999972 -0.00695818 -0.012965 0.0193368 0.00701044 0.999788 4.0023
0.998588 0.00270228 -0.0530451 -0.0133278 -0.00307807 0.999971 -0.00700403 -0.0132043 0.0530246 0.00715742 0.998568 3.99982
0.995388 0.00228149 -0.0959012 -0.0204375 -0.00290066 0.999976 -0.00631746 -0.0125723 0.0958844 0.00656651 0.995371 3.99628
0.989951 0.00177539 -0.141399 -0.0268444 -0.00263059 0.999979 -0.00586143 -0.0124163 0.141386 0.0061745 0.989935 3.99285
0.981892 0.00157587 -0.189436 -0.0338421 -0.00256284 0.999984 -0.0049652 -0.0113541 0.189425 0.00536078 0.981881 3.9886
0.971263 0.00230694 -0.237998 -0.0409419 -0.00376258 0.999977 -0.0056621 -0.0119411 0.237979 0.00639487 0.971249 3.98373
0.958453 0.00186732 -0.285243 -0.0472191 -0.00344217 0.999981 -0.00501984 -0.0113912 0.285229 0.00579314 0.958442 3.97885
0.943339 0.00188731 -0.331825 -0.0531588 -0.00352158 0.999984 -0.00432386 -0.0110039 0.331812 0.00524742 0.943331 3.97332
0.92487 0.00256819 -0.380275 -0.0598939 -0.00421525 0.999985 -0.00349853 -0.0102973 0.380261 0.00483864 0.924867 3.96704
0.905246 0.00159272 -0.424884 -0.0648488 -0.00357128 0.999986 -0.00386031 -0.0106751 0.424872 0.00501191 0.905239 3.96181
0.882298 0.00207015 -0.470687 -0.0704231 -0.00432896 0.999984 -0.00371653 -0.0107616 0.470671 0.00531667 0.882293 3.95494
0.85713 0.00219595 -0.515096 -0.0754131 -0.00475681 0.999982 -0.00365231 -0.0107396 0.515079 0.00558072 0.857125 3.94826
0.831989 0.0021816 -0.554789 -0.0800507 -0.00487591 0.999982 -0.00337992 -0.0107376 0.554771 0.00551715 0.831985 3.94213
0.802302 0.00210577 -0.596915 -0.0839084 -0.00472653 0.999985 -0.00282512 -0.0105629 0.5969 0.00508794 0.802299 3.93544
0.772563 0.00116494 -0.634937 -0.0874282 -0.00493994 0.999979 -0.004176 -0.0115656 0.634919 0.00636277 0.772552 3.92787
0.739532 0.00137661 -0.67312 -0.0913178 -0.00534844 0.999978 -0.00383106 -0.0113927 0.6731 0.00643333 0.739523 3.92069
0.706293 0.00128264 -0.707919 -0.0941007 -0.00532785 0.99998 -0.0035038 -0.0116242 0.7079 0.0062464 0.706285 3.91375
0.684315 0.000870412 -0.729186 -0.0953893 -0.0050322 0.999981 -0.00352889 -0.0117669 0.729169 0.00608428 0.684306 3.90925
0.657762 0.000947996 -0.753225 -0.0972982 -0.00536776 0.99998 -0.0034289 -0.0117631 0.753207 0.00629853 0.657754 3.90369
0.624966 0.00068603 -0.780652 -0.0992537 -0.00510445 0.999982 -0.00320769 -0.0115971 0.780635 0.0059895 0.624958 3.89705
0.588484 0.000869845 -0.808508 -0.10114 -0.00546694 0.999981 -0.00290334 -0.0115782 0.80849 0.00612864 0.588478 3.88992
0.549331 0.000858923 -0.835604 -0.102754 -0.0059842 0.999978 -0.00290617 -0.0114778 0.835583 0.00659687 0.549324 3.8823
0.507242 0.000667351 -0.861804 -0.103974 -0.00512687 0.999984 -0.00224323 -0.0116803 0.861789 0.00555621 0.507237 3.87485
0.464379 0.000599188 -0.885637 -0.105566 -0.00448996 0.999989 -0.00167773 -0.0114568 0.885625 0.00475557 0.464376 3.8671
0.420485 0.000402785 -0.907299 -0.105441 -0.0054247 0.999983 -0.00207013 -0.0118068 0.907283 0.00579228 0.42048 3.85873
0.374538 0.000732679 -0.927211 -0.105911 -0.00582595 0.999982 -0.00156316 -0.0118454 0.927193 0.00598735 0.374536 3.85082
0.327591 0.000697034 -0.944819 -0.106304 -0.00528539 0.999985 -0.00109484 -0.0116658 0.944805 0.0053524 0.32759 3.84289
0.279407 0.000918728 -0.960172 -0.105635 -0.00545577 0.999985 -0.000630791 -0.0115974 0.960157 0.00541473 0.279408 3.83487
0.230985 0.000511331 -0.972957 -0.104488 -0.00537322 0.999985 -0.000750095 -0.011625 0.972942 0.00540118 0.230984 3.82696
0.160962 0.000706078 -0.98696 -0.101984 -0.00591214 0.999982 -0.000248808 -0.0116906 0.986943 0.00587509 0.160963 3.81541
0.122307 0.000504791 -0.992492 -0.100355 -0.00568384 0.999984 -0.000191834 -0.0116072 0.992476 0.00566463 0.122308 3.80942
0.0829714 0.00058005 -0.996552 -0.098737 -0.00525073 0.999986 0.000144881 -0.0116146 0.996538 0.0052206 0.0829733 3.80367
0.0328557 0.00056561 -0.99946 -0.0960247 -0.00531679 0.999986 0.000391126 -0.0118122 0.999446 0.00530106 0.0328583 3.7956
-0.0171008 0.000711101 -0.999854 -0.0931083 -0.00584786 0.999983 0.000811211 -0.0117235 0.999837 0.00586088 -0.0170963 3.78811
-0.088682 0.000769951 -0.99606 -0.0882587 -0.00521167 0.999986 0.001237 -0.0116961 0.996046 0.00530084 -0.0886767 3.77785
-0.122176 0.000726734 -0.992508 -0.0858661 -0.00534416 0.999985 0.00139007 -0.0116336 0.992494 0.00547396 -0.122171 3.77306
-0.16657 0.00104344 -0.986029 -0.0825037 -0.00540028 0.999983 0.00197048 -0.0116555 0.986015 0.00565306 -0.166562 3.76672
-0.216009 0.00100602 -0.976391 -0.0780225 -0.00494498 0.999986 0.00212432 -0.0117693 0.976379 0.0052871 -0.216001 3.75975
-0.264476 0.000931719 -0.964392 -0.0730044 -0.00520207 0.999984 0.00239272 -0.0118701 0.964378 0.00564965 -0.264466 3.75331
-0.311276 0.00123919 -0.950319 -0.0682938 -0.00518767 0.999982 0.00300316 -0.0118238 0.950305 0.00586475 -0.311264 3.74679
-0.357117 0.00129077 -0.934059 -0.0632823 -0.00503098 0.999982 0.00330535 -0.0117517 0.934046 0.00587963 -0.357104 3.74085
-0.384666 0.00138316 -0.923055 -0.0598952 -0.00477372 0.999983 0.00348779 -0.0120133 0.923044 0.00574804 -0.384652 3.73761
-0.398575 0.00143046 -0.917135 -0.0582955 -0.00463587 0.999983 0.00357437 -0.0119389 0.917124 0.00567637 -0.398562 3.73602
-0.405689 0.00130899 -0.91401 -0.0572548 -0.00465075 0.999983 0.00349639 -0.0120541 0.913999 0.00566928 -0.405677 3.73532
-0.409507 0.0012172 -0.912306 -0.0578613 -0.00467318 0.999983 0.00343182 -0.0110731 0.912295 0.00566872 -0.409494 3.73524
-0.411308 0.00127594 -0.911496 -0.0583728 -0.00438774 0.999985 0.00337976 -0.0111879 0.911486 0.00538953 -0.411296 3.73504
-0.412347 0.00128753 -0.911026 -0.0666032 -0.00420449 0.999986 0.00331629 -0.0112626 0.911017 0.00519786 -0.412336 3.73093
-0.413109 0.00126597 -0.910681 -0.0831333 -0.00438239 0.999985 0.00337808 -0.0112815 0.910671 0.00538647 -0.413097 3.72329
-0.413202 0.00130826 -0.910638 -0.104936 -0.00413629 0.999986 0.00331347 -0.0110913 0.91063 0.0051358 -0.413191 3.71364
-0.413439 0.00138217 -0.910531 -0.130948 -0.00429425 0.999985 0.00346782 -0.0108318 0.910522 0.00534378 -0.413427 3.70121
-0.413371 0.00122623 -0.910562 -0.159733 -0.00440328 0.999985 0.00334563 -0.0108186 0.910552 0.00539245 -0.413359 3.68811
-0.413415 0.00110906 -0.910542 -0.190484 -0.00408782 0.999987 0.003074 -0.0107628 0.910534 0.00499296 -0.413405 3.67379
-0.413665 0.0012066 -0.910428 -0.223454 -0.00418719 0.999986 0.0032278 -0.0106841 0.910419 0.00514737 -0.413654 3.65912
-0.413554 0.0013273 -0.910479 -0.256428 -0.00393311 0.999987 0.00324427 -0.0100585 0.910471 0.00492269 -0.413544 3.64364
-0.413411 0.00107104 -0.910544 -0.291668 -0.00307091 0.999992 0.00257053 -0.0093169 0.910539 0.00385888 -0.413404 3.62802
-0.413621 0.00111165 -0.910448 -0.325781 -0.00321433 0.999991 0.00268127 -0.00882504 0.910443 0.00403551 -0.413614 3.61219
-0.413559 0.00110281 -0.910477 -0.353757 -0.0029917 0.999992 0.00257013 -0.00880798 0.910472 0.00378677 -0.413552 3.59941
-0.413788 0.00122123 -0.910372 -0.381656 -0.00350337 0.99999 0.00293382 -0.00883743 0.910366 0.00440335 -0.41378 3.58685
-0.413756 0.00109132 -0.910387 -0.412425 -0.00337055 0.999991 0.00273059 -0.00901526 0.910381 0.0041983 -0.413749 3.57265
-0.413368 0.00128016 -0.910563 -0.443542 -0.00266304 0.999993 0.00261483 -0.00849128 0.91056 0.00350576 -0.413362 3.55814
-0.413415 0.00136464 -0.910542 -0.476364 -0.00326283 0.99999 0.00298012 -0.00850554 0.910537 0.00420297 -0.413406 3.54341
-0.413348 0.00146322 -0.910572 -0.510059 -0.00271759 0.999992 0.00284055 -0.00835382 0.910569 0.00364869 -0.41334 3.52749
-0.413396 0.00118394 -0.910551 -0.537047 -0.00309246 0.999992 0.00270423 -0.00791004 0.910546 0.00393376 -0.413389 3.51621
-0.413789 0.00114191 -0.910372 -0.564773 -0.00320616 0.999991 0.0027116 -0.00831767 0.910367 0.00404083 -0.413782 3.50378
-0.413299 0.0012438 -0.910595 -0.593928 -0.00316283 0.999991 0.00280145 -0.0087013 0.91059 0.00403789 -0.413291 3.48895
-0.413227 0.00114133 -0.910627 -0.62555 -0.00287388 0.999993 0.00255746 -0.00853216 0.910623 0.00367384 -0.413221 3.4746
-0.413219 0.00115409 -0.910631 -0.657896 -0.00284365 0.999993 0.00255771 -0.00807054 0.910627 0.00364641 -0.413213 3.45948
-0.413326 0.00115418 -0.910582 -0.683869 -0.00290255 0.999992 0.00258502 -0.00868504 0.910578 0.00371147 -0.41332 3.44797
-0.413334 0.000912208 -0.910579 -0.702174 -0.00348733 0.999991 0.00258477 -0.00848263 0.910573 0.00424386 -0.413327 3.43966
-0.413252 0.000911155 -0.910616 -0.71523 -0.00322504 0.999992 0.00246416 -0.00822072 0.910611 0.00395509 -0.413245 3.4339
-0.413022 0.000945416 -0.910721 -0.7245 -0.00317582 0.999992 0.00247836 -0.00815672 0.910716 0.0039159 -0.413015 3.42935
-0.413084 0.00105464 -0.910692 -0.731494 -0.00282168 0.999993 0.00243796 -0.00846796 0.910689 0.00357677 -0.413078 3.42655
-0.413383 0.000997713 -0.910557 -0.736983 -0.00342731 0.999991 0.00265167 -0.00813948 0.910551 0.00421692 -0.413376 3.42426
-0.413297 0.000973448 -0.910596 -0.740494 -0.00328707 0.999991 0.00256094 -0.00795341 0.91059 0.00405162 -0.413291 3.42233
-0.413287 0.00089193 -0.9106 -0.74294 -0.00296165 0.999993 0.00232367 -0.00807374 0.910596 0.00365722 -0.413282 3.42141
-0.413351 0.00104766 -0.910571 -0.744957 -0.00308393 0.999992 0.00255049 -0.00798526 0.910566 0.00386239 -0.413345 3.42051
-0.413416 0.000935292 -0.910542 -0.746162 -0.00306177 0.999992 0.00241732 -0.00812998 0.910537 0.00378722 -0.41341 3.41988
-0.413509 0.000983384 -0.910499 -0.747135 -0.00300233 0.999993 0.00244357 -0.0082148 0.910495 0.00374405 -0.413503 3.41952
-0.41357 0.00105029 -0.910472 -0.747916 -0.00293901 0.999993 0.00248857 -0.00827698 0.910468 0.00370509 -0.413564 3.41877
-0.413379 0.000834969 -0.910559 -0.74897 -0.00299799 0.999993 0.00227802 -0.00795273 0.910554 0.00367153 -0.413374 3.41872
-0.413444 0.000885924 -0.910529 -0.757798 -0.00287499 0.999993 0.00227842 -0.00801167 0.910525 0.00355976 -0.413439 3.41487
-0.413108 0.000845822 -0.910682 -0.773825 -0.00279635 0.999994 0.00219727 -0.0082251 0.910678 0.0034543 -0.413103 3.40739
-0.413343 0.000877297 -0.910575 -0.796529 -0.00297336 0.999993 0.00231316 -0.00816728 0.910571 0.00366359 -0.413337 3.39699
-0.414925 0.000891448 -0.909855 -0.822255 -0.00299475 0.999993 0.00234547 -0.00770689 0.909851 0.00369799 -0.41492 3.38486
-0.433908 0.000870541 -0.900957 -0.848657 -0.00297321 0.999993 0.00239816 -0.00798386 0.900952 0.00371932 -0.433902 3.36953
-0.464918 0.00100186 -0.885353 -0.866392 -0.00264005 0.999993 0.00251794 -0.00804302 0.88535 0.00350802 -0.464913 3.35545
-0.501555 0.00101794 -0.865125 -0.877453 -0.00279113 0.999992 0.00279478 -0.00809794 0.865121 0.00381641 -0.501548 3.34356
-0.538999 0.000754131 -0.842306 -0.883711 -0.00271596 0.999993 0.00263328 -0.00818777 0.842302 0.00370701 -0.538993 3.33456
-0.56183 0.000735697 -0.827253 -0.888555 -0.00291701 0.999992 0.00287041 -0.0081863 0.827248 0.00402578 -0.561823 3.32806
-0.573972 0.000610562 -0.818874 -0.892955 -0.00344408 0.999989 0.00315966 -0.00796588 0.818867 0.00463383 -0.573964 3.32327
-0.580191 0.00072119 -0.81448 -0.896413 -0.00344401 0.999988 0.00333877 -0.0077958 0.814473 0.00474221 -0.580181 3.32106
-0.583064 0.000679671 -0.812426 -0.899174 -0.00321742 0.99999 0.00314567 -0.007804 0.81242 0.00444804 -0.583056 3.3191
-0.584897 0.000615878 -0.811107 -0.900979 -0.00360999 0.999988 0.00336249 -0.00819841 0.8111 0.0048948 -0.584888 3.31796
-0.586972 0.000433229 -0.809607 -0.902222 -0.004034 0.999986 0.00345978 -0.00789717 0.809597 0.00529675 -0.586962 3.31733
-0.603906 0.00067196 -0.797055 -0.900453 -0.00311367 0.99999 0.00320218 -0.00788988 0.79705 0.00441559 -0.603898 3.31467
-0.631453 0.000587145 -0.775414 -0.896318 -0.00295469 0.999991 0.00316332 -0.00776961 0.775409 0.00428859 -0.631445 3.31129
-0.664292 0.000703093 -0.747473 -0.891359 -0.00298625 0.999989 0.00359454 -0.00794092 0.747467 0.00461997 -0.664282 3.30728
-0.696245 0.000851382 -0.717804 -0.884842 -0.00205406 0.999993 0.00317845 -0.00800809 0.717802 0.00368739 -0.696238 3.30411
-0.715822 0.000823412 -0.698282 -0.881597 -0.00219926 0.999992 0.00343369 -0.00819437 0.698279 0.00399362 -0.715814 3.30235
-0.725455 0.000869997 -0.688269 -0.87934 -0.00226995 0.999991 0.00365662 -0.00803518 0.688266 0.00421505 -0.725446 3.30175
-0.730673 0.000930673 -0.682727 -0.878467 -0.00217954 0.999991 0.00369576 -0.00805057 0.682724 0.00418842 -0.730664 3.30135
-0.734169 0.000898283 -0.678966 -0.878083 -0.00208875 0.999991 0.00358158 -0.00803144 0.678963 0.00404767 -0.734161 3.30116
-0.749521 0.00084692 -0.66198 -0.874719 -0.00228574 0.99999 0.00386737 -0.00797456 0.661976 0.00441179 -0.749512 3.2996
-0.772538 0.000771639 -0.634968 -0.868865 -0.00204939 0.999991 0.00370863 -0.00811799 0.634965 0.00416635 -0.772529 3.29771
-0.799345 0.000827611 -0.600871 -0.862013 -0.00200819 0.99999 0.00404885 -0.0080271 0.600869 0.00444309 -0.799335 3.29546
-0.825922 0.000696274 -0.563783 -0.854649 -0.00204316 0.999989 0.00422815 -0.00806418 0.56378 0.00464403 -0.825912 3.2936
-0.851377 0.000597106 -0.524555 -0.847376 -0.00204551 0.999988 0.00445825 -0.00803826 0.524551 0.00486863 -0.851365 3.29202
-0.866567 0.000376121 -0.499061 -0.842827 -0.00208626 0.999988 0.00437622 -0.00829385 0.499057 0.00483346 -0.866556 3.29131
-0.883929 0.000672811 -0.46762 -0.837436 -0.00183594 0.999986 0.00490921 -0.00822265 0.467617 0.00519792 -0.883916 3.29017
-0.902859 0.000721442 -0.429936 -0.830353 -0.00138981 0.999988 0.00459659 -0.00809076 0.429934 0.0047476 -0.902848 3.28963
-0.921837 0.000388761 -0.387577 -0.822719 -0.00155206 0.999988 0.00469455 -0.00819049 0.387574 0.00492915 -0.921825 3.28923
-0.939346 0.000567573 -0.342972 -0.814844 -0.0010591 0.999989 0.00455556 -0.00819524 0.342971 0.00464249 -0.939335 3.28956
-0.954507 0.000851525 -0.298186 -0.807324 -0.000549024 0.999989 0.0046131 -0.00834042 0.298187 0.00456695 -0.954497 3.29005
-0.962646 0.000668481 -0.270761 -0.802847 -0.000698827 0.999987 0.00495342 -0.00827509 0.270761 0.00495761 -0.962634 3.29039
-0.966501 0.000266748 -0.256664 -0.800969 -0.00102007 0.999988 0.0048805 -0.00849508 0.256662 0.00497882 -0.966488 3.29096
-0.968856 0.000336019 -0.247627 -0.799587 -0.000859337 0.999988 0.00471916 -0.00842779 0.247625 0.00478498 -0.968844 3.29148
-0.97458 0.000428559 -0.22404 -0.795361 -0.000747761 0.999986 0.00516562 -0.00817938 0.224039 0.00520184 -0.974566 3.29206
-0.982424 2.55892e-05 -0.186664 -0.789434 -0.000926516 0.999987 0.00501339 -0.0085239 0.186662 0.00509822 -0.982411 3.29284
-0.98955 0.00020988 -0.144191 -0.782782 -0.000565082 0.999986 0.00533359 -0.00858021 0.14419 0.00535933 -0.989536 3.29406
-0.995123 0.000132988 -0.0986465 -0.775166 -0.000398802 0.999985 0.00537112 -0.008619 0.0986458 0.00538426 -0.995108 3.29563
-0.998595 0.000226099 -0.0529981 -0.768185 -4.6108e-05 0.999987 0.00513488 -0.00873248 0.0529986 0.00513011 -0.998581 3.29812
-0.999715 -2.70763e-05 -0.0238574 -0.763689 -0.000150304 0.999987 0.00516339 -0.00873965 0.023857 0.00516551 -0.999702 3.29973
-0.999956 0.00025042 -0.00942983 -0.761603 0.000201742 0.999987 0.00516274 -0.00892216 0.00943099 0.00516061 -0.999942 3.30048
-0.999999 0.000156151 -0.00167509 -0.760486 0.000147567 0.999987 0.00512347 -0.00884458 0.00167587 0.00512321 -0.999985 3.30104
-0.999998 -0.000441733 0.00183707 -0.759788 -0.000432334 0.999987 0.00511325 -0.00841665 -0.0018393 0.00511245 -0.999985 3.30108
-0.999992 -0.000142573 0.00393981 -0.75952 -0.000123445 0.999988 0.0048549 -0.00852838 -0.00394046 0.00485437 -0.99998 3.30149
-0.999986 -0.000433051 0.00525287 -0.759264 -0.000405453 0.999986 0.00525391 -0.00841037 -0.00525507 0.00525171 -0.999972 3.30126
-0.999984 -0.000351112 0.00561777 -0.759453 -0.000321193 0.999986 0.00532582 -0.00839783 -0.00561956 0.00532394 -0.99997 3.30113
-0.999983 -0.000417746 0.00584412 -0.759426 -0.000388941 0.999988 0.00492923 -0.00851492 -0.00584611 0.00492688 -0.999971 3.30145
-0.999983 -0.000367464 0.00585944 -0.759507 -0.000338712 0.999988 0.00490719 -0.00850073 -0.00586117 0.00490512 -0.999971 3.30156
-0.999982 -0.000237976 0.00591469 -0.759493 -0.000209229 0.999988 0.00486045 -0.00849042 -0.00591577 0.00485913 -0.999971 3.30168
-0.999982 -0.000474909 0.00605138 -0.759494 -0.000444476 0.999987 0.00502951 -0.00847889 -0.00605369 0.00502673 -0.999969 3.30143
