1 -0 0 -0 -0 1 -0 0 0 -0 1 0
1 -0 0 -0 -0 1 -0 0 0 0 1 0
1 -0 0 0 -0 1 0 0 0 0 1 0
1 -0 0 0 -0 1 0 0 0 0 1 0
1 -0 0 0 -0 1 0 0 0 0 1 0
1 -0 0 0 -0 1 0 0 0 0 1 0
1 -0 0 0 -0 1 0 0 0 0 1 0
1 -0 0 0 -0 1 0 0 0 0 1 0
1 -0 0 0 -0 1 0 0 0 0 1 0
1 -0 0 0 -0 1 0 0 0 0 1 0
1 -0 0 0 -0 1 0 0 0 0 1 0
1 -0 0 0 -0 1 0 0 0 0 1 0
1 -0 0 0 -0 1 0 0 0 0 1 0
1 -0 0 0 -0 1 0 0 0 0 1 0
1 -0 0 0 -0 1 0 0 0 0 1 0
1 -0 0 0 -0 1 0 0 0 0 1 0
1 -0 0 0 -0 1 0 0 0 0 1 0
1 -0 0 0 -0 1 0 0 0 0 1 0
1 -0 0 0 -0 1 0 0 0 0 1 0
1 -0 0 0 -0 1 0 0 0 0 1 0
1 -0 0 0 -0 1 0 0 0 0 1 0
1 -1.89011e-05 2.24818e-05 2.66026e-05 1.89e-05 1 4.60806e-05 4.79381e-05 -2.24827e-05 -4.60802e-05 1 1.21862e-06
0.999999 -0.00062262 -0.00113159 0.00235785 0.000620873 0.999999 -0.00154303 0.00190692 0.00113255 0.00154232 0.999998 0.00498618
0.999999 -0.00063569 -0.00113385 0.00271235 0.000634536 0.999999 -0.00101829 0.00193903 0.00113449 0.00101757 0.999999 0.017313
1 -0.000152453 -0.000880377 0.00225168 0.000151393 0.999999 -0.0012032 0.00256124 0.00088056 0.00120307 0.999999 0.0362184
1 -0.000320152 -0.000706811 0.00274129 0.000319195 0.999999 -0.00135417 0.00183739 0.000707243 0.00135394 0.999999 0.0598286
0.999999 -0.000500775 -0.00121412 0.00200018 0.000499048 0.999999 -0.00142239 0.00180044 0.00121483 0.00142178 0.999998 0.0877634
0.999998 -0.0012485 -0.00149462 0.000714807 0.00124397 0.999995 -0.00302826 0.00257976 0.00149839 0.00302639 0.999994 0.118473
0.999999 -0.000686552 -0.00155711 0.000781641 0.000681542 0.999995 -0.00321571 0.0027418 0.00155931 0.00321464 0.999994 0.150056
0.999997 -0.0014614 -0.00172879 0.000497576 0.00145564 0.999993 -0.00332713 0.00217647 0.00173365 0.0033246 0.999993 0.18177
0.999998 -0.00104296 -0.00156755 0.000863872 0.00103835 0.999995 -0.00293823 0.00330289 0.00157061 0.00293659 0.999994 0.215133
0.999999 -0.000440342 -0.00163799 0.000497986 0.000435438 0.999995 -0.00299322 0.00254732 0.0016393 0.0029925 0.999994 0.248863
0.999998 -0.00122639 -0.00155496 -0.000455935 0.00122768 0.999999 0.000829301 -0.00107671 0.00155395 -0.000831208 0.999998 0.285585
0.999999 -0.000516627 -0.00158255 0.00130781 0.000516204 1 -0.000267857 -0.000495507 0.00158269 0.00026704 0.999999 0.320812
0.999997 -0.00105484 -0.00198461 -0.00113795 0.00105617 0.999999 0.000668738 -0.00130261 0.0019839 -0.000670833 0.999998 0.35956
0.999998 -0.00013461 -0.00187841 0.000535546 0.00013514 1 0.000281925 -0.00229606 0.00187837 -0.000282179 0.999998 0.397424
0.999998 0.000120151 -0.00197566 -0.000194893 -0.00012079 1 -0.000323512 -0.000842781 0.00197563 0.00032375 0.999998 0.435168
0.999995 -0.00040194 -0.00300627 0.00122328 0.000399132 0.999999 -0.000934547 0.000729458 0.00300664 0.000933343 0.999995 0.470242
0.999996 -0.000609669 -0.00291902 0.000955986 0.000607588 1 -0.000713874 0.000503072 0.00291946 0.000712097 0.999995 0.507935
0.999996 -0.000684829 -0.00291267 0.000184545 0.000681449 0.999999 -0.00116108 0.000166535 0.00291347 0.00115909 0.999995 0.543156
0.999995 -0.000582037 -0.00320852 -0.000356985 0.000578043 0.999999 -0.00124557 -0.00191599 0.00320924 0.00124371 0.999994 0.579935
0.999993 0.00113033 -0.00345131 0.00284255 -0.00113427 0.999999 -0.00114066 3.26652e-06 0.00345002 0.00114457 0.999993 0.617126
0.999997 -0.00152678 -0.00167461 -0.00171676 0.00152842 0.999998 0.00098051 -0.00268358 0.00167311 -0.000983067 0.999998 0.654078
0.999997 -0.00179694 -0.00185195 -0.00125857 0.00179852 0.999998 0.000851491 -0.00341696 0.00185042 -0.000854819 0.999998 0.68992
0.999996 -0.0024065 -0.00140342 -0.0021132 0.00240787 0.999997 0.00097014 -0.00308951 0.00140108 -0.000973516 0.999999 0.725612
0.999996 -0.00213838 -0.00159302 -0.00192088 0.00213964 0.999997 0.00078967 -0.00334422 0.00159133 -0.000793076 0.999998 0.762558
0.999997 -0.00181907 -0.00187698 -0.00199491 0.00182128 0.999998 0.00117332 -0.00287439 0.00187484 -0.00117674 0.999998 0.792827
0.999997 -0.00157025 -0.00191428 -0.0010198 0.00156687 0.999997 -0.0017653 -0.000544661 0.00191705 0.00176229 0.999997 0.832376
0.999994 -0.00240512 -0.00237951 -0.00106412 0.00240098 0.999996 -0.00174189 -0.000653771 0.00238368 0.00173616 0.999996 0.844697
0.999997 -0.00169635 -0.00195502 -0.00086768 0.0016923 0.999996 -0.00206934 8.61515e-06 0.00195852 0.00206602 0.999996 0.853649
0.999995 -0.00243965 -0.00209603 -0.000799284 0.0024353 0.999995 -0.00207716 -0.00135792 0.00210108 0.00207204 0.999996 0.860286
0.999992 -0.00297584 -0.00255034 -0.00258216 0.00297085 0.999994 -0.00196098 -0.00165815 0.00255616 0.00195339 0.999995 0.864305
0.999996 -0.00103458 -0.00277642 0.000247965 0.00102721 0.999996 -0.00265518 9.71252e-05 0.00277915 0.00265232 0.999993 0.869538
0.999995 -0.00169115 -0.00262037 -7.55096e-05 0.00168462 0.999995 -0.00249134 -0.000454611 0.00262458 0.00248692 0.999993 0.871172
0.999996 -0.00100419 -0.00267144 -0.000515398 0.000997687 0.999997 -0.00243388 0.00032361 0.00267387 0.0024312 0.999993 0.873804
0.999996 -0.0010722 -0.00263872 0.000533722 0.00106624 0.999997 -0.00225774 -2.83727e-05 0.00264113 0.00225492 0.999994 0.875866
0.999997 -0.000639886 -0.00256255 -0.000245648 0.000633957 0.999997 -0.00231396 -8.81162e-05 0.00256403 0.00231233 0.999994 0.876515
0.999995 -0.00164484 -0.00261377 0.000882787 0.00164015 0.999997 -0.00179497 -0.000459112 0.00261672 0.00179067 0.999995 0.877812
0.999995 -0.00185366 -0.00258852 0.00090811 0.00184967 0.999997 -0.00154412 -0.000378701 0.00259138 0.00153932 0.999995 0.878216
0.999991 -0.002742 -0.00313108 0.00139044 0.00273797 0.999995 -0.00128915 -0.000698862 0.0031346 0.00128057 0.999994 0.879649
0.999992 -0.00217402 -0.00325513 0.00118064 0.00216901 0.999996 -0.00154263 -0.000519464 0.00325847 0.00153556 0.999994 0.87952
0.999992 -0.00234355 -0.00328155 0.00134545 0.00233877 0.999996 -0.00146006 -0.000668821 0.00328496 0.00145237 0.999994 0.879581
0.999995 -0.00157081 -0.00280224 0.00060069 0.00156336 0.999995 -0.00265983 -0.000108832 0.00280641 0.00265543 0.999993 0.879274
0.999995 -0.00131617 -0.00277601 0.000709821 0.00130817 0.999995 -0.00288092 -0.000223191 0.00277979 0.00287728 0.999992 0.879526
0.999995 -0.00158389 -0.00278057 0.000908255 0.00157645 0.999995 -0.00267676 -0.000336857 0.0027848 0.00267236 0.999993 0.8797
0.999995 -0.00148619 -0.00287662 0.0006496 0.00147873 0.999996 -0.0025934 -0.000240077 0.00288046 0.00258913 0.999992 0.879693
0.999995 -0.00139069 -0.00278852 0.000702949 0.00138344 0.999996 -0.00260065 -0.000142197 0.00279213 0.00259678 0.999993 0.879715
0.999995 -0.00130639 -0.00287629 0.000526852 0.00129892 0.999996 -0.00259958 -0.000230584 0.00287967 0.00259583 0.999992 0.879784
0.999995 -0.00145259 -0.00290304 0.000449836 0.00144493 0.999995 -0.0026378 -0.000456044 0.00290686 0.00263359 0.999992 0.880173
0.999995 -0.00139467 -0.00281458 0.000365389 0.00138709 0.999995 -0.00269412 -0.000322537 0.00281833 0.00269021 0.999992 0.880249
0.999995 -0.00146789 -0.00274904 0.000422079 0.00146071 0.999996 -0.00261131 -0.000287494 0.00275286 0.00260729 0.999993 0.880165
0.999995 -0.00158388 -0.00282991 0.000469206 0.00157627 0.999995 -0.00268881 -0.000315494 0.00283415 0.00268433 0.999992 0.880206
0.999995 -0.00137158 -0.00280018 0.000451446 0.00136437 0.999996 -0.00257385 -0.00034611 0.0028037 0.00257002 0.999993 0.880249
0.999995 -0.00152204 -0.00284105 0.000472521 0.00151442 0.999995 -0.00267917 -0.000175391 0.00284511 0.00267486 0.999992 0.880156
0.999994 -0.00180224 -0.00297778 0.000389784 0.00179394 0.999995 -0.00278697 -0.000348305 0.00298278 0.00278162 0.999992 0.880334
0.999994 -0.00181441 -0.0029775 0.000361384 0.00180608 0.999994 -0.00279787 -0.000338277 0.00298256 0.00279248 0.999992 0.880271
0.999994 -0.0016561 -0.00294779 0.000294129 0.00164785 0.999995 -0.0028012 -0.000311202 0.00295241 0.00279632 0.999992 0.880298
0.999994 -0.001865 -0.00296847 0.000339299 0.00185672 0.999994 -0.00279124 -0.000356102 0.00297366 0.00278571 0.999992 0.880233
0.999994 -0.00170585 -0.00295964 0.000229209 0.0016977 0.999995 -0.00275637 -0.000254696 0.00296433 0.00275133 0.999992 0.880249
0.999994 -0.00178275 -0.00297307 0.00028394 0.00177461 0.999995 -0.00273851 -0.000311527 0.00297794 0.00273322 0.999992 0.880217
0.999994 -0.00182715 -0.00300234 0.000325233 0.00181885 0.999995 -0.00276313 -0.000311873 0.00300737 0.00275765 0.999992 0.880205
0.999994 -0.00170053 -0.00295792 0.000218789 0.00169235 0.999995 -0.00276535 -0.000259831 0.00296261 0.00276033 0.999992 0.88027
0.999994 -0.00183257 -0.0029952 0.000327345 0.0018243 0.999995 -0.00276136 -0.000313567 0.00300024 0.00275588 0.999992 0.880211
0.999994 -0.00163621 -0.00299714 0.00022905 0.00162806 0.999995 -0.00271876 -0.000287883 0.00300157 0.00271386 0.999992 0.880245
0.999994 -0.00174949 -0.00287722 0.000577645 0.00174216 0.999995 -0.00254721 -0.000168411 0.00288166 0.00254219 0.999993 0.880623
0.999994 -0.00169721 -0.00285275 0.000468912 0.00169575 0.999998 -0.000512649 -0.00193097 0.00285361 0.000507809 0.999996 0.88736
0.999994 -0.00175206 -0.00293465 0.000491062 0.0017512 0.999998 -0.000296262 -0.00204093 0.00293516 0.000291121 0.999996 0.900939
0.999994 -0.00183497 -0.00282062 0.000174804 0.0018335 0.999998 -0.000524322 -0.00205098 0.00282158 0.000519147 0.999996 0.921356
0.999992 -0.00196607 -0.00348267 0.00176272 0.00196229 0.999997 -0.00109003 -0.00278358 0.0034848 0.00108318 0.999993 0.946139
0.999992 -0.00252572 -0.00295748 0.000762884 0.00252418 0.999997 -0.000526786 -0.00181726 0.00295881 0.000519316 0.999995 0.974774
0.99999 -0.00313137 -0.00307647 0.000127335 0.00312898 0.999995 -0.000780696 -0.00203764 0.0030789 0.000771062 0.999995 1.00489
0.999991 -0.00282676 -0.00301613 -5.64433e-06 0.00282447 0.999996 -0.000762581 -0.00165314 0.00301827 0.000754055 0.999995 1.03764
0.999993 -0.00230743 -0.00300801 -0.000147962 0.00230709 0.999997 -0.000117037 -0.0011056 0.00300827 0.000110096 0.999995 1.06967
0.999991 -0.00315475 -0.00280041 1.56701e-05 0.0031527 0.999995 -0.000735984 -0.00194679 0.00280272 0.000727149 0.999996 1.10764
0.999992 -0.00251113 -0.00303029 0.000165884 0.00250887 0.999997 -0.000748767 -0.00224649 0.00303216 0.000741159 0.999995 1.14194
0.999985 -0.00282279 -0.00459242 -0.000415596 0.0028191 0.999996 -0.000810056 -0.00316506 0.00459469 0.000797098 0.999989 1.17706
0.999986 -0.00253123 -0.00470246 -0.000189258 0.00253032 0.999997 -0.000199289 -0.00266419 0.00470294 0.000187387 0.999989 1.21143
0.999986 -0.00232284 -0.00469028 7.11016e-05 0.00231553 0.999996 -0.00156366 -0.00531664 0.00469389 0.00155278 0.999988 1.24555
0.999988 -0.0028214 -0.00410776 0.000404358 0.00281609 0.999995 -0.00129655 -0.00425782 0.0041114 0.00128497 0.999991 1.28273
0.999986 -0.00258882 -0.00469016 7.07345e-05 0.00258267 0.999996 -0.00131695 -0.00473738 0.00469355 0.00130482 0.999988 1.31869
0.999995 -0.00224979 -0.00242498 -0.00278145 0.00224744 0.999997 -0.000970552 -0.00381663 0.00242716 0.000965096 0.999997 1.35334
0.999995 -0.00190957 -0.00257086 -0.002527 0.00190782 0.999998 -0.00068427 -0.00352082 0.00257216 0.000679361 0.999996 1.39052
0.999995 -0.00195061 -0.00261564 -0.00284007 0.00194812 0.999998 -0.000953321 -0.00435797 0.00261749 0.00094822 0.999996 1.42763
0.999995 -0.00238939 -0.00209498 -0.00185338 0.00238718 0.999997 -0.00105448 -0.00475349 0.00209749 0.00104947 0.999997 1.46433
0.999994 -0.00262952 -0.0020363 -0.000878934 0.00262788 0.999996 -0.000804318 -0.00365094 0.0020384 0.000798963 0.999998 1.50088
0.999991 -0.00385532 -0.0017869 -0.00484622 0.00385036 0.999989 -0.00277203 -0.00309811 0.00179757 0.00276512 0.999995 1.54006
0.999991 -0.00393286 -0.00143429 -0.00514224 0.00392895 0.999989 -0.0027155 -0.00254052 0.00144495 0.00270985 0.999995 1.5756
0.999993 -0.00331706 -0.00159506 -0.00485287 0.00331224 0.99999 -0.00301219 -0.00309371 0.00160504 0.00300688 0.999994 1.61236
0.999992 -0.00331042 -0.00207244 -0.00462155 0.003306 0.999992 -0.00213484 -0.00295799 0.00207949 0.00212798 0.999996 1.65434
0.999994 -0.00289325 -0.00199797 -0.00538344 0.00288755 0.999992 -0.00284797 -0.00464738 0.0020062 0.00284219 0.999994 1.69321
0.99999 -0.00364871 -0.00273286 -0.00567168 0.00364039 0.999989 -0.00304203 -0.00350679 0.00274393 0.00303205 0.999992 1.72838
0.999991 -0.00308763 -0.00296167 -0.00712985 0.00307855 0.999991 -0.0030647 -0.00295152 0.00297111 0.00305555 0.999991 1.76277
0.99999 -0.00357751 -0.00255129 -0.0070889 0.00356982 0.999989 -0.00301503 -0.00357671 0.00256204 0.00300589 0.999992 1.80088
0.999986 -0.00415043 -0.00323004 -0.00711352 0.0041413 0.999987 -0.00282838 -0.00354118 0.00324173 0.00281496 0.999991 1.83899
0.999989 -0.00367751 -0.00289527 -0.00831604 0.00366931 0.999989 -0.00283069 -0.00404103 0.00290565 0.00282004 0.999992 1.87843
0.999996 -0.00249813 -0.00158562 -0.00743797 0.00249311 0.999992 -0.0031609 -0.00501792 0.0015935 0.00315693 0.999994 1.91794
0.999995 -0.00262175 -0.00153526 -0.00705504 0.0026166 0.999991 -0.00334468 -0.00513955 0.00154401 0.00334065 0.999993 1.95473
0.999994 -0.00301373 -0.00153446 -0.00764772 0.00300882 0.99999 -0.00319235 -0.00472799 0.00154406 0.00318772 0.999994 1.99213
0.999995 -0.0025897 -0.00197256 -0.00752629 0.00258302 0.999991 -0.00338517 -0.00469274 0.0019813 0.00338005 0.999992 2.0271
0.999996 -0.00215636 -0.00179211 -0.00718987 0.00215084 0.999993 -0.00307347 -0.00463406 0.00179873 0.0030696 0.999994 2.06478
0.999992 -0.00318861 -0.00222484 -0.00550577 0.00318189 0.99999 -0.0030172 -0.00500398 0.00223444 0.00301009 0.999993 2.0991
0.999994 -0.00281264 -0.00201093 -0.00593854 0.00280492 0.999989 -0.00382928 -0.00478639 0.00202167 0.00382362 0.999991 2.13601
0.999991 -0.0034387 -0.00229517 -0.00678461 0.00343126 0.999989 -0.00323561 -0.00473799 0.00230627 0.00322771 0.999992 2.17196
0.999992 -0.00333918 -0.00214406 -0.00621461 0.00333157 0.999988 -0.00354301 -0.00592276 0.00215587 0.00353584 0.999991 2.20924
0.999989 -0.00446633 -0.00169929 -0.00652531 0.00445899 0.999981 -0.00429591 -0.00637029 0.00171845 0.00428828 0.999989 2.2499
0.999994 -0.00111741 -0.00336419 -0.00429219 0.00111029 0.999997 -0.00211578 -0.00674145 0.00336655 0.00211203 0.999992 2.28377
0.999991 -0.00257827 -0.00334324 -0.00564935 0.00257066 0.999994 -0.00228089 -0.00679467 0.0033491 0.00227228 0.999992 2.32301
0.999995 -0.00102767 -0.00302751 -0.00468121 0.00101996 0.999996 -0.00254944 -0.00638109 0.00303012 0.00254634 0.999992 2.35857
0.999995 -0.00162258 -0.00287742 -0.00439233 0.00161747 0.999997 -0.00177723 -0.00748321 0.00288029 0.00177256 0.999994 2.39231
0.999994 -0.00188259 -0.00303246 -0.00640215 0.00187812 0.999997 -0.00147559 -0.0070152 0.00303523 0.00146988 0.999994 2.42847
0.999996 -0.00230324 -0.00160076 -0.00892036 0.00229433 0.999982 -0.00554919 -0.00217148 0.00161352 0.0055455 0.999983 2.46966
0.999996 -0.00241392 -0.00176862 -0.00940206 0.00240403 0.999982 -0.00557618 -0.00248787 0.00178204 0.0055719 0.999983 2.50962
0.999996 -0.00239199 -0.00148197 -0.00946295 0.002384 0.999983 -0.00536837 -0.00115999 0.00149479 0.00536482 0.999984 2.54644
0.999993 -0.00312133 -0.00185196 -0.00947798 0.00311184 0.999982 -0.00510378 -0.00323845 0.00186785 0.00509799 0.999985 2.58183
0.999994 -0.00252576 -0.00222581 -0.0104378 0.00251268 0.99998 -0.0058578 -0.00437829 0.00224056 0.00585217 0.99998 2.61939
0.999988 -0.00382237 -0.00310385 -0.00618589 0.00380726 0.999981 -0.00486136 -0.00601345 0.00312238 0.00484948 0.999983 2.65606
0.999987 -0.0039023 -0.00329069 -0.00590699 0.00388739 0.999982 -0.00452498 -0.00552855 0.00330829 0.00451213 0.999984 2.69363
0.999985 -0.0042423 -0.00345464 -0.00708141 0.00422536 0.999979 -0.00489731 -0.00656925 0.00347534 0.00488264 0.999982 2.73091
0.99999 -0.00314933 -0.0030216 -0.00698123 0.00313493 0.999984 -0.00475713 -0.00599119 0.00303653 0.00474761 0.999984 2.772
0.999986 -0.00397395 -0.00344608 -0.00827106 0.00395722 0.99998 -0.00484802 -0.00680913 0.00346528 0.00483432 0.999982 2.80863
0.999992 -0.00107064 -0.0037275 -0.00624919 0.00105186 0.999987 -0.00503596 -0.00942334 0.00373284 0.00503201 0.99998 2.86058
0.999992 -0.00127095 -0.00375272 -0.00702874 0.00125063 0.999985 -0.00541128 -0.0100531 0.00375954 0.00540655 0.999978 2.91621
0.99999 -0.00151865 -0.00428601 -0.00582875 0.00149719 0.999986 -0.00500547 -0.00886738 0.00429355 0.004999 0.999978 2.9685
0.999992 -0.000156783 -0.00406976 -0.00793426 0.000135509 0.999986 -0.00522714 -0.0092997 0.00407052 0.00522655 0.999978 3.0207
0.999995 -0.00241245 -0.00200894 -0.0102178 0.00240349 0.999987 -0.0044507 -0.0112471 0.00201965 0.00444585 0.999988 3.05735
0.999994 -0.00259643 -0.0020939 -0.0107878 0.00258778 0.999988 -0.00412248 -0.011626 0.00210457 0.00411704 0.999989 3.09852
0.999995 -0.00240533 -0.00208212 -0.0102604 0.00239579 0.999987 -0.00457397 -0.0113667 0.00209309 0.00456896 0.999987 3.14238
0.999995 -0.00252294 -0.0017813 -0.01009 0.0025147 0.999986 -0.00461522 -0.0118224 0.00179292 0.00461072 0.999988 3.18453
0.999998 -0.000882947 -0.00180197 -0.00974059 0.000875682 0.999992 -0.00402855 -0.0149843 0.00180551 0.00402696 0.99999 3.23172
0.999997 -0.00125865 -0.00205275 -0.0105909 0.00124941 0.999989 -0.00449626 -0.016035 0.00205839 0.00449368 0.999988 3.27585
0.999997 -0.00203531 -0.00148095 -0.00995034 0.00202848 0.999987 -0.00459457 -0.0160434 0.00149029 0.00459155 0.999988 3.32069
0.999997 -0.00151991 -0.001757 -0.0108126 0.00151263 0.99999 -0.00413737 -0.0160258 0.00176327 0.0041347 0.99999 3.36216
0.999998 -0.00105416 -0.0015689 -0.00749451 0.00104765 0.999991 -0.00414485 -0.0159446 0.00157325 0.0041432 0.99999 3.40398
0.999997 -0.00175997 -0.00165955 -0.00753109 0.00175345 0.999991 -0.00392374 -0.0160562 0.00166644 0.00392082 0.999991 3.44817
0.999998 -0.00121797 -0.00134532 -0.00686241 0.00121201 0.999989 -0.00442277 -0.0162376 0.0013507 0.00442113 0.999989 3.48974
0.999996 -0.00131422 -0.00242422 -0.00806866 0.00130303 0.999989 -0.00461484 -0.0177717 0.00243025 0.00461166 0.999986 3.53618
0.999998 -0.00121672 -0.00160862 -0.00783617 0.00121051 0.999992 -0.00385465 -0.0167295 0.00161329 0.00385269 0.999991 3.58189
0.999997 -0.00247164 -0.000693429 -0.0120215 0.00246811 0.999984 -0.0050465 -0.0176323 0.000705891 0.00504478 0.999987 3.62496
0.999997 -0.00221985 -0.000634601 -0.0120676 0.00221671 0.999985 -0.00491122 -0.0170335 0.000645494 0.0049098 0.999988 3.66761
0.999995 -0.00313686 -0.0007079 -0.0129382 0.00313267 0.999978 -0.00583878 -0.0182386 0.0007262 0.00583654 0.999983 3.71213
0.999998 -0.00197291 -0.000582389 -0.010885 0.00196967 0.999983 -0.00550805 -0.0196511 0.000593246 0.0055069 0.999985 3.7567
0.999996 -0.00261765 -0.00132223 -0.0128347 0.00261064 0.999983 -0.00527933 -0.0171234 0.00133603 0.00527586 0.999985 3.79559
0.999996 -0.00266369 -0.0013176 -0.0129097 0.00265666 0.999982 -0.00530729 -0.0173166 0.00133171 0.00530377 0.999985 3.84094
0.999995 -0.00188194 -0.00239482 -0.0136512 0.00186928 0.999984 -0.00527493 -0.0159513 0.0024047 0.00527043 0.999983 3.88613
0.999997 -0.00210095 -0.00141089 -0.0137598 0.00209396 0.999986 -0.00493956 -0.0184506 0.00142124 0.00493659 0.999987 3.92996
0.999996 -0.00209147 -0.00200547 -0.0146423 0.00208014 0.999982 -0.00563456 -0.0189631 0.00201722 0.00563037 0.999982 3.97673
0.999993 -0.00298404 -0.00202795 -0.0160613 0.00297224 0.999979 -0.00579754 -0.0188794 0.00204521 0.00579147 0.999981 4.02316
0.999995 -0.00226175 -0.00199794 -0.0148192 0.00225021 0.999981 -0.00575862 -0.0194373 0.00201093 0.0057541 0.999981 4.06785
0.999995 -0.00241389 -0.00195537 -0.0168484 0.00240329 0.999983 -0.0054018 -0.0190002 0.00196837 0.00539707 0.999983 4.11193
0.999996 -0.00189812 -0.00230806 -0.018501 0.00188312 0.999977 -0.00648528 -0.0193002 0.00232031 0.00648091 0.999976 4.15041
0.999994 -0.00196729 -0.0026795 -0.0189854 0.00195101 0.99998 -0.00606274 -0.0194296 0.00269137 0.00605748 0.999978 4.19479
0.999996 -0.00157786 -0.00217596 -0.0183785 0.001564 0.999979 -0.00635504 -0.019448 0.00218594 0.00635161 0.999977 4.23832
0.999996 -0.00159967 -0.00251017 -0.0186206 0.00158411 0.99998 -0.0061887 -0.0211309 0.00252002 0.0061847 0.999978 4.28188
0.999993 -0.00286689 -0.0022921 -0.0191428 0.00285098 0.999972 -0.00691439 -0.021221 0.00231186 0.00690781 0.999973 4.32544
0.999989 -0.00404993 -0.00219309 -0.0199727 0.00403709 0.999975 -0.00582621 -0.020937 0.00221663 0.0058173 0.999981 4.37298
0.99999 -0.00400815 -0.00186389 -0.0197465 0.00399765 0.999976 -0.00560032 -0.0205878 0.00188629 0.00559281 0.999983 4.41748
0.999988 -0.00453031 -0.00191344 -0.020963 0.00451782 0.999969 -0.00648489 -0.0222619 0.00194276 0.00647616 0.999977 4.46278
0.999988 -0.00439096 -0.00233116 -0.0203474 0.00437762 0.999974 -0.00570012 -0.0220857 0.00235612 0.00568984 0.999981 4.5052
0.999993 -0.00294895 -0.00248682 -0.0202545 0.00293401 0.999978 -0.00598732 -0.0223747 0.00250442 0.00597998 0.999979 4.54765
0.999986 -0.00507632 -0.00178487 -0.0223005 0.00506594 0.999971 -0.00577202 -0.0229539 0.00181411 0.0057629 0.999982 4.59611
0.999987 -0.00465626 -0.00191885 -0.0225438 0.00464448 0.999971 -0.00609496 -0.022998 0.00194718 0.00608597 0.99998 4.63853
0.99999 -0.0033188 -0.00315309 -0.0198597 0.00329844 0.999974 -0.00644088 -0.0243394 0.00317439 0.00643041 0.999974 4.68695
0.99999 -0.00373702 -0.00229257 -0.0224296 0.00372271 0.999974 -0.00621425 -0.0232673 0.00231573 0.00620565 0.999978 4.7281
0.999991 -0.00319878 -0.00288575 -0.0180813 0.00318098 0.999976 -0.00615034 -0.0253572 0.00290536 0.0061411 0.999977 4.77461
0.999994 -0.00296396 -0.00191015 -0.0197192 0.00295392 0.999982 -0.0052343 -0.0244668 0.00192563 0.00522863 0.999984 4.81569
0.999992 -0.00316487 -0.00228413 -0.0203293 0.00315442 0.999985 -0.00456066 -0.0236434 0.00229853 0.00455342 0.999987 4.86093
0.999994 -0.00285837 -0.0021268 -0.019226 0.00284803 0.999984 -0.00484869 -0.0250032 0.00214063 0.0048426 0.999986 4.90498
0.999992 -0.00294051 -0.00259378 -0.0204345 0.00292934 0.999986 -0.0042976 -0.0249867 0.00260638 0.00428997 0.999987 4.94648
0.99999 -0.00385779 -0.00240606 -0.0205712 0.00384259 0.999973 -0.00629058 -0.0248536 0.00243026 0.00628127 0.999977 4.98852
0.999991 -0.00352682 -0.00248739 -0.0192717 0.00351118 0.999974 -0.00626167 -0.0247966 0.00250941 0.00625288 0.999977 5.03232
0.99999 -0.00356209 -0.0025844 -0.0212182 0.00354568 0.999974 -0.0063267 -0.02544 0.00260686 0.00631747 0.999977 5.07561
0.999994 -0.00225911 -0.00256379 -0.0203644 0.00224384 0.99998 -0.00594077 -0.0247491 0.00257716 0.00593498 0.999979 5.11626
0.999987 -0.0034356 -0.00366316 -0.0225923 0.00341602 0.99998 -0.00533938 -0.0245706 0.00368143 0.0053268 0.999979 5.16139
0.999988 -0.00398704 -0.00291632 -0.0221799 0.00396871 0.999973 -0.00626364 -0.0297888 0.00294121 0.00625199 0.999976 5.20594
0.999987 -0.00418521 -0.00305452 -0.022442 0.00416591 0.999971 -0.00629711 -0.0292985 0.00308078 0.0062843 0.999976 5.24785
0.999984 -0.00503547 -0.00242822 -0.0224655 0.00501929 0.999965 -0.00662509 -0.0303295 0.0024615 0.0066128 0.999975 5.29015
0.999984 -0.00469407 -0.00299811 -0.0219528 0.00467402 0.999967 -0.00666017 -0.0309969 0.00302927 0.00664606 0.999973 5.33447
0.999982 -0.00536755 -0.00255092 -0.0223719 0.00535127 0.999966 -0.00634385 -0.0311575 0.00258488 0.00633009 0.999977 5.38074
0.999989 -0.00411743 -0.00217641 -0.0225297 0.00410559 0.999977 -0.00541602 -0.034029 0.00219866 0.00540703 0.999983 5.42465
0.999989 -0.00416449 -0.00223641 -0.0229108 0.00415271 0.999978 -0.00524537 -0.0340515 0.00225821 0.00523603 0.999984 5.46553
0.999976 -0.00615093 -0.00310115 -0.0288098 0.00613622 0.99997 -0.00473135 -0.0312969 0.00313015 0.00471221 0.999984 5.50539
0.999992 -0.00339689 -0.00217842 -0.0229802 0.00338428 0.999978 -0.00576467 -0.03566 0.00219795 0.00575725 0.999981 5.54952
0.999985 -0.00488474 -0.00232459 -0.0231629 0.00487172 0.999973 -0.00557398 -0.0354669 0.00235175 0.00556258 0.999982 5.59152
0.999984 -0.00513642 -0.00248164 -0.0237062 0.00512239 0.999971 -0.00562527 -0.0339764 0.00251047 0.00561246 0.999981 5.63451
0.999987 -0.00442879 -0.00257207 -0.0230631 0.00441464 0.999975 -0.005483 -0.0337502 0.00259629 0.00547157 0.999982 5.67628
0.999988 -0.00397061 -0.00279383 -0.0241095 0.00395369 0.999974 -0.00603717 -0.0348963 0.00281773 0.00602605 0.999978 5.71846
0.999986 -0.00462934 -0.002588 -0.0238285 0.00461482 0.999974 -0.0055854 -0.0351824 0.00261378 0.00557338 0.999981 5.76697
0.999985 -0.00440658 -0.00332954 -0.0245066 0.00438837 0.999975 -0.00545574 -0.0345542 0.0033535 0.00544105 0.99998 5.80946
0.999981 -0.00604604 -0.00141047 -0.0268682 0.00603699 0.999962 -0.00633125 -0.033527 0.0014487 0.00632261 0.999979 5.85254
0.999975 -0.00691643 -0.00143469 -0.0265025 0.00690794 0.999959 -0.00584046 -0.0355731 0.00147502 0.00583041 0.999982 5.8948
0.999983 -0.00558428 -0.00163768 -0.0261232 0.0055739 0.999965 -0.00627651 -0.0345194 0.00167268 0.00626727 0.999979 5.94032
0.999974 -0.00699326 -0.00189109 -0.0277421 0.00698126 0.999956 -0.00627625 -0.0360033 0.0019349 0.00626288 0.999979 5.98542
0.999968 -0.00775863 -0.00192784 -0.0287337 0.00774553 0.999947 -0.0067128 -0.0372815 0.00197982 0.00669765 0.999976 6.03068
0.999974 -0.00680412 -0.002511 -0.0274074 0.00678839 0.999958 -0.00622197 -0.0341097 0.00255323 0.00620476 0.999977 6.07705
0.999975 -0.00647486 -0.00267308 -0.0283292 0.00645707 0.999957 -0.00660934 -0.0340494 0.00271577 0.00659192 0.999975 6.12037
0.999977 -0.00620502 -0.0026619 -0.0283989 0.00618667 0.999957 -0.00684918 -0.0348782 0.00270428 0.00683255 0.999973 6.16644
0.999983 -0.00532754 -0.00241019 -0.0282161 0.005311 0.999963 -0.00681728 -0.0345926 0.00244642 0.00680436 0.999974 6.21011
0.999983 -0.00552239 -0.00202696 -0.0285415 0.0055101 0.999967 -0.00601969 -0.0343222 0.00206014 0.00600842 0.99998 6.25195
0.999985 -0.00511198 -0.00183961 -0.0275426 0.00510032 0.999967 -0.00628935 -0.0382027 0.00187171 0.00627987 0.999979 6.30062
0.999986 -0.00487783 -0.00195556 -0.0280912 0.0048659 0.99997 -0.00606143 -0.0378392 0.00198507 0.00605184 0.99998 6.34301
0.999983 -0.00557079 -0.00180227 -0.0281996 0.00555939 0.999965 -0.00627093 -0.0378662 0.00183714 0.0062608 0.999979 6.38384
0.999987 -0.00462921 -0.00189246 -0.0279464 0.00461737 0.99997 -0.00621055 -0.0380929 0.00192115 0.00620173 0.999979 6.4274
0.999987 -0.00427853 -0.00290992 -0.0281388 0.0042594 0.999969 -0.00654797 -0.0390995 0.00293784 0.00653549 0.999974 6.47595
0.999992 -0.00357192 -0.00158147 -0.0292942 0.00356317 0.999978 -0.00550573 -0.0423179 0.00160111 0.00550006 0.999984 6.51855
0.999994 -0.0031358 -0.00163649 -0.0291169 0.0031266 0.999979 -0.00559421 -0.0424093 0.001654 0.00558906 0.999983 6.55957
0.999987 -0.00473418 -0.00163493 -0.0292602 0.00472493 0.999973 -0.00561415 -0.0423883 0.00166147 0.00560636 0.999983 6.60124
0.999991 -0.00391811 -0.00171336 -0.0287176 0.00390897 0.999978 -0.00530625 -0.0416411 0.00173411 0.0052995 0.999984 6.64445
0.99999 -0.00422754 -0.0015753 -0.0302179 0.00421891 0.999976 -0.00544432 -0.043013 0.00159828 0.00543762 0.999984 6.68785
0.999988 -0.00442431 -0.00214604 -0.0296189 0.00441048 0.99997 -0.00640651 -0.0412683 0.00217431 0.00639697 0.999977 6.73334
0.999986 -0.0047134 -0.00218767 -0.0283862 0.0046998 0.99997 -0.00618214 -0.0418029 0.00221674 0.00617177 0.999978 6.7775
0.999983 -0.005545 -0.00204358 -0.0305859 0.00553325 0.999968 -0.0057123 -0.0415024 0.00207519 0.00570089 0.999982 6.81655
0.999985 -0.00520716 -0.00176704 -0.0304839 0.00519581 0.999966 -0.00636372 -0.0423377 0.00180011 0.00635445 0.999978 6.85669
0.999987 -0.00459329 -0.00242453 -0.0289501 0.00457923 0.999973 -0.00577465 -0.0416143 0.00245099 0.00576347 0.99998 6.89954
0.999986 -0.00440272 -0.00302147 -0.0305043 0.0043827 0.999969 -0.00660127 -0.0437229 0.00305044 0.00658794 0.999974 6.94148
0.999985 -0.00453781 -0.00304472 -0.0307086 0.00451754 0.999968 -0.006631 -0.0434476 0.00307471 0.00661714 0.999973 6.98361
0.999982 -0.0051571 -0.00299498 -0.031057 0.00513781 0.999966 -0.00641499 -0.0443497 0.00302796 0.00639949 0.999975 7.02708
0.99998 -0.00526605 -0.00343656 -0.0314765 0.00524344 0.999965 -0.00655541 -0.0447989 0.00347096 0.00653726 0.999973 7.06891
0.999981 -0.00516552 -0.00345462 -0.0322888 0.0051421 0.999964 -0.00675365 -0.0450421 0.00348938 0.00673576 0.999971 7.1109
0.999976 -0.00620646 -0.00319595 -0.0335096 0.00618372 0.999956 -0.0070779 -0.0449793 0.00323974 0.00705797 0.99997 7.15025
0.999973 -0.00652187 -0.00345957 -0.0335626 0.00649738 0.999954 -0.00704294 -0.0450305 0.00350534 0.00702027 0.999969 7.19237
0.999977 -0.00583398 -0.0033171 -0.0339683 0.00580978 0.999957 -0.00725978 -0.0453584 0.00335931 0.00724034 0.999968 7.23464
0.999967 -0.00639836 -0.00492148 -0.0352048 0.006362 0.999953 -0.00736833 -0.0458762 0.00496839 0.00733678 0.999961 7.2799
0.999594 -0.00566516 -0.0279108 -0.0394112 0.00546892 0.99996 -0.00710217 -0.0455238 0.02795 0.00694665 0.999585 7.32071
0.997671 -0.00604316 -0.0679361 -0.0451635 0.00550001 0.999951 -0.00817917 -0.0463214 0.0679822 0.00778648 0.997656 7.36335
0.993479 -0.00609484 -0.113854 -0.0537605 0.00518878 0.999952 -0.00825276 -0.0456985 0.113899 0.00760818 0.993463 7.4013
0.986401 -0.00633974 -0.164232 -0.0615915 0.00502514 0.999952 -0.00841872 -0.0465356 0.164277 0.00747894 0.986386 7.42689
0.976461 -0.00694522 -0.215581 -0.0695026 0.00514502 0.999947 -0.00891052 -0.0467053 0.215632 0.00759161 0.976445 7.44261
0.963764 -0.00636887 -0.266682 -0.0769315 0.00426802 0.999955 -0.00845659 -0.0468061 0.266724 0.00701195 0.963747 7.45139
0.948695 -0.00484459 -0.316154 -0.0824572 0.00229486 0.999962 -0.00843663 -0.047452 0.316183 0.00727826 0.94867 7.45645
0.931013 -0.00436308 -0.364961 -0.0881702 0.00145929 0.999965 -0.00823189 -0.0473361 0.364984 0.00713141 0.930987 7.45805
0.910047 -0.00618595 -0.41446 -0.0949561 0.00259923 0.999954 -0.00921742 -0.0482583 0.414498 0.007311 0.910021 7.45759
0.88604 -0.00699155 -0.463557 -0.101646 0.00289419 0.99995 -0.00954971 -0.0470332 0.463601 0.0071198 0.886016 7.45466
0.859661 -0.00453574 -0.510846 -0.105622 3.86401e-05 0.999961 -0.00881351 -0.0486146 0.510866 0.00755689 0.859627 7.44957
0.829809 -0.00577802 -0.558017 -0.113433 0.000966339 0.99996 -0.00891712 -0.0478191 0.558046 0.00686027 0.829781 7.44593
0.799792 -0.0055176 -0.600252 -0.118576 0.000180836 0.99996 -0.00895082 -0.0472008 0.600277 0.00705025 0.799761 7.43966
0.768118 -0.00605233 -0.64028 -0.121273 0.000690921 0.999963 -0.0086234 -0.0474268 0.640308 0.0061814 0.768093 7.43179
0.734001 -0.00645355 -0.679118 -0.125156 0.00020178 0.999957 -0.00928435 -0.048169 0.679148 0.00667769 0.733971 7.42597
0.697479 -0.00661542 -0.716575 -0.128596 0.000135447 0.999959 -0.00909977 -0.0472994 0.716605 0.00624984 0.697451 7.41852
0.660396 -0.00665298 -0.750888 -0.132939 -0.00106121 0.999951 -0.00979304 -0.0473465 0.750917 0.00726413 0.660357 7.41364
0.619699 -0.00701441 -0.784808 -0.136228 -0.00099989 0.999952 -0.00972685 -0.0475327 0.784839 0.00681244 0.619662 7.40533
0.578299 -0.00670703 -0.815797 -0.137735 -0.00209303 0.999951 -0.00970473 -0.0474869 0.815822 0.00731972 0.578256 7.39782
0.534066 -0.00682467 -0.845415 -0.139513 -0.00189848 0.999955 -0.00927152 -0.0470305 0.845441 0.00655661 0.534029 7.38936
0.488928 -0.00637162 -0.872301 -0.140916 -0.00333705 0.999952 -0.00917446 -0.047823 0.872318 0.00739656 0.488884 7.38169
0.441619 -0.00634334 -0.89718 -0.141273 -0.00352116 0.999955 -0.00880321 -0.0475399 0.897196 0.00704678 0.441577 7.37273
0.394423 -0.00595745 -0.91891 -0.142585 -0.00393801 0.999959 -0.00817321 -0.0467771 0.918921 0.00684238 0.394383 7.36435
0.345482 -0.00623557 -0.938405 -0.141612 -0.00365195 0.999961 -0.0079891 -0.0478842 0.938418 0.00618709 0.345446 7.35617
0.297845 -0.00627014 -0.954594 -0.141016 -0.00495775 0.999955 -0.00811496 -0.0471131 0.954601 0.00714964 0.2978 7.34775
0.244261 -0.00583716 -0.969692 -0.142564 -0.00687968 0.999946 -0.00775224 -0.047123 0.969685 0.00856473 0.244208 7.34009
0.193518 -0.00622542 -0.981077 -0.140369 -0.00622909 0.999952 -0.00757389 -0.0472504 0.981077 0.0075769 0.19347 7.3313
0.14593 -0.00612104 -0.989276 -0.138347 -0.00773264 0.999943 -0.0073277 -0.0472176 0.989265 0.00871905 0.145875 7.32381
0.094891 -0.00624297 -0.995468 -0.136342 -0.00740688 0.999948 -0.00697711 -0.0468557 0.99546 0.00803538 0.0948398 7.31615
0.0427122 -0.00575982 -0.999071 -0.133555 -0.00843281 0.999946 -0.00612539 -0.0467262 0.999052 0.00868661 0.0426614 7.30764
-0.0111805 -0.0049567 -0.999925 -0.130286 -0.0082168 0.999954 -0.00486497 -0.0472828 0.999904 0.00816179 -0.0112207 7.3017
-0.0595263 -0.00541096 -0.998212 -0.127315 -0.00831125 0.999953 -0.00492477 -0.046879 0.998192 0.00800324 -0.0595685 7.29254
-0.112069 -0.0052503 -0.993687 -0.1227 -0.00935214 0.999947 -0.00422864 -0.046009 0.993656 0.0088192 -0.112112 7.28512
-0.169422 -0.00567825 -0.985527 -0.127401 -0.00923709 0.999949 -0.00417339 -0.0463539 0.9855 0.00839634 -0.169466 7.27628
-0.220009 -0.00485365 -0.975486 -0.143115 -0.0115046 0.999931 -0.00238056 -0.0477495 0.97543 0.0106988 -0.22005 7.2661
-0.248833 -0.0051057 -0.968533 -0.164381 -0.0113999 0.999932 -0.00234239 -0.0481872 0.968479 0.0104583 -0.248874 7.2577
-0.263772 -0.00508047 -0.964572 -0.191441 -0.011375 0.999933 -0.00215612 -0.0481227 0.964518 0.0104033 -0.263812 7.24949
-0.271612 -0.00463829 -0.962396 -0.224995 -0.0113003 0.999935 -0.00162998 -0.0475316 0.962341 0.0104327 -0.271646 7.24055
-0.27519 -0.00499307 -0.961377 -0.261118 -0.0115464 0.999932 -0.0018882 -0.0482434 0.961321 0.0105808 -0.275229 7.23113
-0.27624 -0.00380629 -0.961081 -0.294927 -0.0105397 0.999944 -0.000930817 -0.0495565 0.961031 0.00987236 -0.276265 7.21963
-0.277375 -0.00427558 -0.960752 -0.32937 -0.0108876 0.99994 -0.00130666 -0.0498769 0.9607 0.0100978 -0.277405 7.20994
-0.277845 -0.00376769 -0.960618 -0.367315 -0.0113837 0.999935 -0.000629308 -0.0492779 0.960558 0.0107606 -0.27787 7.20002
-0.27801 -0.00399057 -0.96057 -0.402539 -0.0116011 0.999932 -0.000796495 -0.0498982 0.960508 0.0109222 -0.278038 7.18923
-0.278208 -0.00441585 -0.960511 -0.442278 -0.0113564 0.999935 -0.00130777 -0.0506654 0.960454 0.0105441 -0.27824 7.18042
-0.27862 -0.00494673 -0.960389 -0.495829 -0.00801441 0.999964 -0.0028255 -0.0535371 0.960368 0.00690971 -0.278649 7.16125
-0.278951 -0.00490579 -0.960293 -0.541676 -0.00827367 0.999962 -0.00270506 -0.0523832 0.96027 0.00719056 -0.278981 7.14665
-0.278334 -0.00525095 -0.96047 -0.581094 -0.00893621 0.999956 -0.0028772 -0.0531735 0.960443 0.00778213 -0.278368 7.13677
-0.277839 -0.00588083 -0.96061 -0.62456 -0.00846986 0.999957 -0.00367196 -0.0550607 0.96059 0.00711601 -0.277877 7.12368
-0.278269 -0.00457337 -0.960492 -0.663135 -0.00908793 0.999956 -0.00212837 -0.053138 0.96046 0.00813663 -0.278298 7.1114
-0.279207 -0.00389898 -0.960223 -0.698028 -0.0103656 0.999946 -0.00104624 -0.0504833 0.960175 0.00966114 -0.279232 7.10443
-0.279203 -0.00474114 -0.96022 -0.740312 -0.0122674 0.999924 -0.00137018 -0.0493964 0.960154 0.0113968 -0.27924 7.09302
-0.278892 -0.00394048 -0.960315 -0.779052 -0.011404 0.999935 -0.000791132 -0.0502646 0.960255 0.0107308 -0.278918 7.08105
-0.279428 -0.00369475 -0.960159 -0.81789 -0.0102263 0.999947 -0.000871769 -0.0515297 0.960112 0.00957527 -0.279451 7.06951
-0.279298 -0.00426292 -0.960195 -0.858985 -0.0113594 0.999935 -0.00113518 -0.0513405 0.960137 0.0105902 -0.279328 7.05702
-0.278263 -0.00480286 -0.960493 -0.900415 -0.0101123 0.999947 -0.00207051 -0.0510752 0.960452 0.00913668 -0.278297 7.04446
-0.277964 -0.00465902 -0.96058 -0.939723 -0.0114089 0.999934 -0.00154849 -0.0509634 0.960524 0.0105288 -0.277999 7.03284
-0.278284 -0.00478156 -0.960487 -0.986478 -0.0103675 0.999944 -0.00197419 -0.0511885 0.960443 0.00940846 -0.278318 7.01999
-0.27819 -0.00523594 -0.960512 -1.0307 -0.0105598 0.999941 -0.00239247 -0.0515883 0.960468 0.00947724 -0.278229 7.00597
-0.278736 -0.00527898 -0.960353 -1.07386 -0.0117518 0.999929 -0.00208564 -0.051521 0.960296 0.0107045 -0.278778 6.99462
-0.278557 -0.00557192 -0.960404 -1.11395 -0.00977756 0.999948 -0.00296545 -0.0514829 0.96037 0.00856435 -0.278597 6.98383
-0.279268 -0.00571109 -0.960196 -1.15597 -0.0103624 0.999942 -0.00293364 -0.0513866 0.960157 0.00913067 -0.279311 6.97131
-0.278001 -0.0056634 -0.960564 -1.19581 -0.0100092 0.999945 -0.00299877 -0.0520345 0.960529 0.00878086 -0.278042 6.96024
-0.278851 -0.00537725 -0.960319 -1.23541 -0.010741 0.999939 -0.00248018 -0.051683 0.960274 0.00962322 -0.278892 6.94782
-0.278877 -0.00559071 -0.960311 -1.27594 -0.010966 0.999936 -0.00263684 -0.0546253 0.960264 0.00979544 -0.278921 6.93635
-0.278303 -0.0065076 -0.960471 -1.32124 -0.0108612 0.999934 -0.00362788 -0.0527324 0.960432 0.00942221 -0.278355 6.92421
-0.279155 -0.00637944 -0.960225 -1.36331 -0.0109834 0.999934 -0.00345016 -0.0524147 0.960183 0.00958344 -0.279207 6.91021
-0.278957 -0.00627494 -0.960283 -1.40297 -0.0114785 0.999929 -0.00319957 -0.0529071 0.960235 0.01013 -0.279009 6.89894
-0.278671 -0.00609163 -0.960367 -1.44346 -0.0101572 0.999943 -0.00339535 -0.0539146 0.960333 0.00880841 -0.278717 6.88665
-0.278427 -0.00667724 -0.960434 -1.47971 -0.0124062 0.999917 -0.0033552 -0.0542121 0.960377 0.0109812 -0.278487 6.87783
-0.278505 -0.00657957 -0.960412 -1.52434 -0.0121234 0.999921 -0.00333463 -0.0531564 0.960358 0.0107147 -0.278563 6.8662
-0.278775 -0.00632197 -0.960336 -1.56326 -0.0112841 0.999931 -0.00330696 -0.0535472 0.96029 0.00991467 -0.278827 6.85472
-0.27867 -0.00659204 -0.960364 -1.60403 -0.0118271 0.999924 -0.00343169 -0.0541501 0.960314 0.010402 -0.278727 6.8428
-0.278551 -0.00665892 -0.960398 -1.64473 -0.0108759 0.999934 -0.00377864 -0.0555673 0.96036 0.00939262 -0.278605 6.83057
-0.278607 -0.00583124 -0.960387 -1.68269 -0.0109395 0.999936 -0.00289782 -0.0542675 0.960343 0.00969883 -0.278653 6.82047
-0.278666 -0.00589236 -0.96037 -1.72315 -0.0101065 0.999944 -0.00320261 -0.0531344 0.960335 0.00881351 -0.27871 6.80812
-0.278765 -0.00536278 -0.960344 -1.76291 -0.00967972 0.999949 -0.00277415 -0.0531586 0.96031 0.00852252 -0.278803 6.79638
-0.288291 -0.00545717 -0.957527 -1.80175 -0.0101352 0.999945 -0.00264744 -0.0538538 0.957489 0.00894148 -0.28833 6.78249
-0.315602 -0.00639794 -0.94887 -1.83346 -0.01167 0.999928 -0.00286068 -0.0536756 0.94882 0.0101704 -0.315654 6.76974
-0.353213 -0.00577361 -0.935525 -1.85411 -0.0116909 0.99993 -0.00175712 -0.0536876 0.93547 0.0103165 -0.353256 6.75728
-0.395998 -0.0064998 -0.918229 -1.8676 -0.0117643 0.999929 -0.00200461 -0.0539776 0.918176 0.0100085 -0.396046 6.74611
-0.439958 -0.00664005 -0.897994 -1.8747 -0.0123342 0.999923 -0.00135078 -0.0540906 0.897934 0.0104818 -0.440006 6.73758
-0.484705 -0.00701403 -0.87465 -1.87869 -0.0130383 0.999915 -0.000793136 -0.0542313 0.874581 0.0110195 -0.484755 6.72895
-0.52808 -0.00650195 -0.84917 -1.87928 -0.0124031 0.999923 5.69645e-05 -0.0548609 0.849104 0.0105624 -0.52812 6.72153
-0.57233 -0.0067677 -0.819995 -1.87647 -0.0128613 0.999917 0.000724121 -0.0539841 0.819922 0.0109607 -0.57237 6.71565
-0.612115 -0.00714718 -0.790737 -1.87313 -0.0128864 0.999917 0.000937557 -0.0541519 0.790664 0.0107636 -0.612156 6.71036
-0.653379 -0.00673594 -0.757001 -1.86765 -0.0127614 0.999916 0.00211711 -0.0540076 0.756923 0.0110437 -0.65341 6.70553
-0.690465 -0.00682487 -0.723334 -1.86138 -0.0123312 0.999921 0.00233632 -0.0543741 0.723261 0.0105327 -0.690495 6.70256
-0.729021 -0.00637744 -0.684462 -1.85419 -0.0115584 0.999929 0.00299405 -0.0535441 0.684394 0.010094 -0.729043 6.69833
-0.765868 -0.00611358 -0.642969 -1.84647 -0.0116065 0.999923 0.00431733 -0.0547967 0.642893 0.0107691 -0.76588 6.69553
-0.798169 -0.00627596 -0.6024 -1.83928 -0.0114034 0.999924 0.00469189 -0.0545617 0.602325 0.0106144 -0.79818 6.69289
-0.828429 -0.00569634 -0.560066 -1.83164 -0.0105271 0.99993 0.00540115 -0.0545451 0.559996 0.0103703 -0.82843 6.69111
-0.85625 -0.00606565 -0.516526 -1.82453 -0.0103717 0.999931 0.00545085 -0.052861 0.516458 0.0100245 -0.856254 6.6891
-0.881736 -0.00607812 -0.471703 -1.81699 -0.00973818 0.999938 0.00531854 -0.0529263 0.471642 0.00928308 -0.881741 6.68747
-0.905236 -0.00634707 -0.424863 -1.8084 -0.00965505 0.999938 0.00563339 -0.0529788 0.4248 0.00920162 -0.90524 6.68792
