1 -0 0 -0 -0 1 -0 0 0 -0 1 0
1 4.25736e-06 7.86781e-05 2.92021e-05 -4.25654e-06 1 -1.03127e-05 3.85938e-05 -7.86781e-05 1.03123e-05 1 3.27589e-06
1 -2.92573e-05 3.45878e-05 4.91748e-05 2.92556e-05 1 5.02946e-05 0.00011892 -3.45893e-05 -5.02936e-05 1 3.88319e-05
1 -3.37528e-06 -4.52138e-06 -1.12887e-06 3.37533e-06 1 9.72061e-06 1.94881e-05 4.52135e-06 -9.72063e-06 1 -1.64105e-05
1 1.18575e-05 4.64401e-05 4.34652e-05 -1.18585e-05 1 2.07043e-05 4.56755e-05 -4.64398e-05 -2.07049e-05 1 4.37505e-05
1 3.27443e-05 3.46502e-05 1.2307e-05 -3.27453e-05 1 2.81479e-05 1.13186e-05 -3.46493e-05 -2.8149e-05 1 1.12524e-05
1 -1.35734e-05 3.09785e-05 4.25308e-05 1.35731e-05 1 1.11294e-05 3.57855e-05 -3.09787e-05 -1.1129e-05 1 2.99451e-05
1 4.36425e-05 3.52594e-05 2.10697e-05 -4.36433e-05 1 2.31631e-05 1.22041e-05 -3.52584e-05 -2.31646e-05 1 9.18265e-06
1 -1.35624e-05 3.09885e-05 4.25236e-05 1.35621e-05 1 1.11243e-05 3.57915e-05 -3.09887e-05 -1.11239e-05 1 2.99528e-05
1 -8.8497e-06 3.30083e-05 5.27362e-05 8.84872e-06 1 2.99604e-05 9.41018e-05 -3.30086e-05 -2.99601e-05 1 3.95996e-05
1 5.6645e-05 2.65294e-05 7.77552e-07 -5.66456e-05 1 2.29295e-05 3.66751e-05 -2.65281e-05 -2.2931e-05 1 -2.9675e-06
1 1.92973e-05 1.27091e-06 -9.36311e-06 -1.92973e-05 1 1.93771e-06 6.90926e-06 -1.27087e-06 -1.93774e-06 1 -4.56037e-05
1 1.97339e-05 1.89902e-05 3.90112e-05 -1.9734e-05 1 5.9436e-06 1.85304e-05 -1.89901e-05 -5.94398e-06 1 3.50262e-05
1 9.19337e-06 3.59095e-05 3.15055e-05 -9.194e-06 1 1.76172e-05 4.04868e-05 -3.59093e-05 -1.76175e-05 1 3.26954e-05
1 -2.73827e-05 5.11527e-05 0.000123366 2.73842e-05 1 -2.94633e-05 9.90673e-05 -5.11519e-05 2.94647e-05 1 0.000539193
1 5.88817e-05 0.000125774 6.28155e-06 -5.8903e-05 1 0.000169368 0.000239825 -0.000125764 -0.000169375 1 0.0096799
1 -4.88869e-05 0.000230292 0.000195185 4.88527e-05 1 0.00014879 0.000461366 -0.000230299 -0.000148779 1 0.0273569
1 0.000112714 7.17231e-05 -0.000140968 -0.000112723 1 0.000125328 0.000192662 -7.17089e-05 -0.000125336 1 0.0515439
1 -0.000244678 0.000272965 -0.00012042 0.000244606 1 0.000265691 0.000525035 -0.00027303 -0.000265624 1 0.0802564
1 0.000614541 -0.000212771 -0.000514452 -0.000614616 1 -0.00035387 0.000675078 0.000212554 0.000354001 1 0.112005
1 0.000336915 -0.000138867 -0.000813955 -0.000336954 1 -0.000281413 0.000949461 0.000138772 0.00028146 1 0.146345
1 9.75259e-05 0.000159192 4.30584e-05 -9.74841e-05 1 -0.000262933 0.000790964 -0.000159218 0.000262918 1 0.181731
1 0.000127158 -8.87624e-05 -0.000617419 -0.000127199 1 -0.000460287 0.000580778 8.87038e-05 0.000460298 1 0.218676
1 -8.14397e-05 -0.000228196 -0.00104766 8.13591e-05 1 -0.000353376 0.00100452 0.000228224 0.000353358 1 0.255359
0.999999 0.000453895 -0.000896702 -0.00266092 -0.000454387 1 -0.000548772 0.00120611 0.000896452 0.000549179 0.999999 0.295431
0.999999 0.000438837 -0.00114637 -0.00313446 -0.000439412 1 -0.000501509 0.00139716 0.00114615 0.000502013 0.999999 0.325037
1 0.000271759 -0.000842746 -0.00295127 -0.00027253 1 -0.000914729 0.000741244 0.000842497 0.000914958 0.999999 0.345794
0.999999 0.000165287 -0.00111374 -0.0032773 -0.000166027 1 -0.00066512 0.000881493 0.00111363 0.000665305 0.999999 0.361203
0.999999 0.000636458 -0.00116329 -0.00325716 -0.000637238 1 -0.000669943 0.00101688 0.00116286 0.000670684 0.999999 0.372036
1 0.000438645 -0.000871107 -0.00346195 -0.000439566 0.999999 -0.0010575 0.000714454 0.000870643 0.00105788 0.999999 0.380111
1 9.67274e-05 -0.000933117 -0.00342779 -9.78459e-05 0.999999 -0.00119866 0.000567641 0.000933 0.00119875 0.999999 0.3856
1 0.000366818 -0.000789107 -0.00344693 -0.000367468 1 -0.000822822 0.000440693 0.000788805 0.000823112 0.999999 0.389733
1 0.000332844 -0.000916579 -0.00346069 -0.000333663 1 -0.000892941 0.000581939 0.000916281 0.000893246 0.999999 0.392964
1 0.000248904 -0.00083716 -0.00338801 -0.000249909 0.999999 -0.00120028 0.000548023 0.000836861 0.00120049 0.999999 0.394809
0.999999 0.000496199 -0.00088694 -0.00357481 -0.000496692 1 -0.000555453 0.000591835 0.000886664 0.000555894 0.999999 0.396925
0.999999 0.000674076 -0.00100595 -0.00326723 -0.000674718 1 -0.000637899 0.000578328 0.00100552 0.000638577 0.999999 0.397904
0.999999 0.00071321 -0.000734012 -0.0036188 -0.000713777 0.999999 -0.00077251 0.000306586 0.000733461 0.000773033 0.999999 0.398593
0.999999 0.000619806 -0.000794725 -0.00337568 -0.000620306 1 -0.000629395 0.00040689 0.000794335 0.000629888 0.999999 0.399207
1 0.000579086 -0.000795947 -0.00359932 -0.000579621 1 -0.000672587 0.000417557 0.000795557 0.000673048 0.999999 0.399417
0.999999 0.000638375 -0.000880189 -0.00361139 -0.000638934 1 -0.000635154 0.000324395 0.000879784 0.000635716 0.999999 0.399742
0.999999 0.000785675 -0.000858617 -0.00376849 -0.000786225 0.999999 -0.000640249 0.000387618 0.000858114 0.000640924 0.999999 0.400083
0.999999 0.000734328 -0.000886613 -0.00358872 -0.000734962 0.999999 -0.00071577 0.000392882 0.000886087 0.000716421 0.999999 0.400184
0.999999 0.00061018 -0.000862106 -0.00354493 -0.00061082 1 -0.000742334 0.000464797 0.000861652 0.00074286 0.999999 0.400355
0.999999 0.000677401 -0.000754473 -0.00347335 -0.000677949 1 -0.000726994 0.000288043 0.00075398 0.000727506 0.999999 0.400319
0.999999 0.00060423 -0.00082094 -0.00341353 -0.000604823 1 -0.000722325 0.000317538 0.000820503 0.000722821 0.999999 0.400475
0.999999 0.000670195 -0.000887152 -0.00350667 -0.000670838 1 -0.00072494 0.000281518 0.000886666 0.000725534 0.999999 0.400469
0.999999 0.00075611 -0.000793535 -0.00355397 -0.000756667 0.999999 -0.000701429 0.000295509 0.000793004 0.000702029 0.999999 0.400642
0.999999 0.000691521 -0.000871456 -0.0036464 -0.000692154 0.999999 -0.000726116 0.000302474 0.000870954 0.000726719 0.999999 0.400636
0.999999 0.000563963 -0.000922422 -0.00358576 -0.000564654 1 -0.000748738 0.000296449 0.000921999 0.000749258 0.999999 0.40063
0.999999 0.000642656 -0.000890793 -0.00364196 -0.000643316 1 -0.000740784 0.00026588 0.000890317 0.000741357 0.999999 0.400601
0.999999 0.000675778 -0.000823792 -0.00357949 -0.000676351 1 -0.000695314 0.000273014 0.000823322 0.000695871 0.999999 0.400681
0.999999 0.000736301 -0.000859308 -0.00361333 -0.000736932 0.999999 -0.00073399 0.000238992 0.000858767 0.000734623 0.999999 0.400606
0.999999 0.000649625 -0.000895748 -0.00360803 -0.000650278 1 -0.000729664 0.000281245 0.000895273 0.000730246 0.999999 0.400616
0.999999 0.000714834 -0.000889077 -0.00360481 -0.000715481 0.999999 -0.000727549 0.00028127 0.000888557 0.000728185 0.999999 0.40059
0.999999 0.000707543 -0.000803607 -0.00359163 -0.000708146 0.999999 -0.000751162 0.000325352 0.000803075 0.000751731 0.999999 0.400738
0.999999 0.000697161 -0.000812823 -0.00366967 -0.000697762 0.999999 -0.000739587 0.000251341 0.000812307 0.000740153 0.999999 0.400588
0.999999 0.000557376 -0.000848427 -0.00361549 -0.000557999 1 -0.000734743 0.00026551 0.000848017 0.000735216 0.999999 0.400576
0.999999 0.000612395 -0.000852999 -0.00364953 -0.000613007 1 -0.000716913 0.000274512 0.00085256 0.000717435 0.999999 0.400621
0.999999 0.000596076 -0.000818368 -0.00365251 -0.00059668 1 -0.000737847 0.000277506 0.000817928 0.000738335 0.999999 0.400616
0.999999 0.000628012 -0.000832336 -0.00365998 -0.000628624 1 -0.000735406 0.000276988 0.000831874 0.000735929 0.999999 0.400618
0.999999 0.000617588 -0.000836675 -0.00364151 -0.000618183 1 -0.000710959 0.000280041 0.000836235 0.000711476 0.999999 0.400645
0.999999 0.000771486 -0.000889267 -0.0036637 -0.000772146 0.999999 -0.000742128 0.000281695 0.000888694 0.000742814 0.999999 0.400576
0.999999 0.000775068 -0.000892088 -0.00365772 -0.000775728 0.999999 -0.000740038 0.000284919 0.000891514 0.000740729 0.999999 0.400583
0.999999 0.000615128 -0.000830515 -0.00365336 -0.000615742 1 -0.000738777 0.000250111 0.00083006 0.000739288 0.999999 0.400553
0.999999 0.000614132 -0.00083074 -0.00365337 -0.000614744 1 -0.000737448 0.000250932 0.000830287 0.000737958 0.999999 0.400554
0.999999 0.000605535 -0.000827439 -0.00364989 -0.000606146 1 -0.000738911 0.000249924 0.000826991 0.000739412 0.999999 0.400555
0.999999 0.00071454 -0.000889628 -0.00363419 -0.000715185 0.999999 -0.000725416 0.000274569 0.00088911 0.000726051 0.999999 0.400599
0.999999 0.000589141 -0.000834352 -0.0036386 -0.000589755 1 -0.000735566 0.00025909 0.000833918 0.000736057 0.999999 0.400569
0.999999 0.000589141 -0.000834352 -0.0036386 -0.000589755 1 -0.000735566 0.00025909 0.000833918 0.000736057 0.999999 0.400569
0.999999 0.000743427 -0.000947874 -0.00360346 -0.000744131 0.999999 -0.00074243 0.000276762 0.000947321 0.000743134 0.999999 0.400601
1 0.000289141 -0.000823512 -0.00349896 -0.000289761 1 -0.000752914 0.00057568 0.000823294 0.000753152 0.999999 0.401319
1 0.000340984 -0.000754912 -0.00345263 -0.00034143 1 -0.000590306 0.000464123 0.00075471 0.000590564 1 0.411106
1 0.00042719 -0.000794971 -0.0035994 -0.000427834 1 -0.00080963 0.000332506 0.000794625 0.00080997 0.999999 0.430105
1 5.4005e-05 -0.000727594 -0.00330757 -5.47227e-05 1 -0.000986427 0.000445363 0.00072754 0.000986467 0.999999 0.452816
1 0.000231087 -0.000565086 -0.00326728 -0.000231529 1 -0.00078243 0.000704585 0.000564905 0.00078256 1 0.482311
0.999999 7.57024e-05 -0.00116066 -0.00417227 -7.68085e-05 1 -0.000952962 0.0007514 0.00116059 0.00095305 0.999999 0.514208
0.999999 0.000182059 -0.0010782 -0.00413872 -0.00018298 1 -0.000853776 0.000912498 0.00107805 0.000853973 0.999999 0.547808
0.999999 -0.000144118 -0.0010972 -0.00391394 0.000142847 0.999999 -0.00115835 0.000760294 0.00109737 0.0011582 0.999999 0.583471
0.999999 0.000157494 -0.00113529 -0.00452617 -0.000158596 1 -0.000970864 0.000565076 0.00113513 0.000971043 0.999999 0.620698
0.999999 0.000154642 -0.001481 -0.00621153 -0.000156653 0.999999 -0.00135779 9.10906e-05 0.00148078 0.00135802 0.999998 0.695837
1 -0.000297152 -0.00053752 -0.00439265 0.000296617 0.999999 -0.000994703 0.0004785 0.000537816 0.000994543 0.999999 0.734669
1 -0.000248758 -0.000323995 -0.00466865 0.000248396 0.999999 -0.00111531 0.00116707 0.000324272 0.00111523 0.999999 0.774235
1 -0.000210048 -0.000516212 -0.004865 0.000209369 0.999999 -0.0013161 0.00098278 0.000516488 0.00131599 0.999999 0.815445
1 2.77401e-05 -0.000190933 -0.00429321 -2.79813e-05 0.999999 -0.00126384 0.000120643 0.000190898 0.00126384 0.999999 0.853814
1 -0.000414255 -0.000532621 -0.00467379 0.000413458 0.999999 -0.00149575 0.000309807 0.00053324 0.00149553 0.999999 0.894668
0.999999 -0.000709291 -0.000803583 -0.00563572 0.000707352 0.999997 -0.00241089 0.000211251 0.000805291 0.00241032 0.999997 0.922735
1 -0.000599645 -0.000390499 -0.00544261 0.000598656 0.999997 -0.00252773 0.000491828 0.000392014 0.00252749 0.999997 0.954276
0.999999 -0.000855506 -0.000889724 -0.00582415 0.000853431 0.999997 -0.00232993 0.000263041 0.000891715 0.00232917 0.999997 0.988398
0.999999 -0.00095392 -0.000904295 -0.00598828 0.000951674 0.999996 -0.00248141 -0.000332843 0.000906659 0.00248055 0.999997 1.02331
0.999999 -0.000372204 -0.000999231 -0.00621785 0.000369705 0.999997 -0.00250045 1.36502e-05 0.00100016 0.00250008 0.999996 1.05948
1 8.04641e-05 -0.000690809 -0.0055695 -8.22847e-05 0.999997 -0.0026359 -0.00176809 0.000690594 0.00263596 0.999996 1.08765
1 5.79179e-05 -0.000765125 -0.00556059 -5.99849e-05 0.999996 -0.00270177 -0.00181378 0.000764966 0.00270182 0.999996 1.11809
1 -0.00010919 -0.000565464 -0.00612167 0.000107636 0.999996 -0.00274718 -0.00151752 0.000565762 0.00274712 0.999996 1.18468
1 6.42469e-05 -0.000462984 -0.00562473 -6.54113e-05 0.999997 -0.00251553 -0.00195532 0.000462821 0.00251556 0.999997 1.22227
1 0.000221876 -0.0007284 -0.00709236 -0.000223781 0.999997 -0.00261582 -0.0020207 0.000727817 0.00261598 0.999996 1.25077
1 -0.000217374 -0.000582993 -0.0056236 0.000215732 0.999996 -0.00281541 0.000272933 0.000583603 0.00281528 0.999996 1.28055
1 -0.00014735 -0.000246467 -0.00584198 0.000146744 0.999997 -0.00245552 0.000401075 0.000246828 0.00245548 0.999997 1.31304
1 -0.000826546 -0.000310308 -0.00563101 0.000825652 0.999996 -0.00286816 0.000344381 0.000312677 0.0028679 0.999996 1.34775
1 -0.00012415 -5.95044e-05 -0.00642255 0.000123991 0.999996 -0.00267337 0.000198489 5.98361e-05 0.00267336 0.999996 1.38315
1 5.70697e-05 -0.000487304 -0.00731085 -5.85175e-05 0.999996 -0.00297165 -0.000314796 0.000487132 0.00297168 0.999995 1.44114
1 -0.000662836 -4.87801e-05 -0.00717769 0.000662691 0.999996 -0.00291365 -0.00158585 5.07112e-05 0.00291362 0.999996 1.47204
1 -0.000648115 -0.000100313 -0.00714217 0.000647809 0.999995 -0.00301934 -0.00151831 0.00010227 0.00301927 0.999995 1.50893
0.999999 -0.00102434 -7.67316e-05 -0.00743833 0.00102407 0.999994 -0.00340906 -0.00166714 8.02231e-05 0.00340898 0.999994 1.54327
0.999999 -0.00119902 -3.99114e-05 -0.00727336 0.00119889 0.999995 -0.00307803 -0.00195444 4.36018e-05 0.00307798 0.999995 1.56905
1 -0.000966862 -0.000245693 -0.0072661 0.000966013 0.999994 -0.0034328 -0.00198014 0.000249011 0.00343256 0.999994 1.59925
1 -0.000136269 -0.000465302 -0.00729999 0.000134529 0.999993 -0.00373768 -0.00201576 0.000465808 0.00373762 0.999993 1.63226
1 -0.00024293 -0.000494868 -0.00735475 0.000241076 0.999993 -0.00374255 -0.00188939 0.000495773 0.00374243 0.999993 1.66606
1 0.000117583 -0.000210483 -0.00757132 -0.000118419 0.999992 -0.00397789 -0.00175816 0.000210014 0.00397791 0.999992 1.70346
0.999999 -0.000762227 -0.000654729 -0.00788996 0.000759355 0.99999 -0.00437515 -0.00312827 0.000658057 0.00437465 0.99999 1.73981
1 -0.0006622 -0.000665135 -0.00825448 0.000659435 0.999991 -0.00414804 -0.00265454 0.000667875 0.0041476 0.999991 1.77795
1 -0.00035538 -0.000513589 -0.0083373 0.000353407 0.999993 -0.00383682 -0.00276711 0.000514949 0.00383664 0.999993 1.81546
1 -0.000392952 -0.000769585 -0.00859297 0.000390019 0.999993 -0.00380677 -0.00282918 0.000771075 0.00380647 0.999992 1.85418
1 -0.000588508 -0.000609423 -0.00840189 0.00058592 0.999991 -0.00423771 -0.00301606 0.000611911 0.00423735 0.999991 1.8926
1 -0.000828899 -0.00033208 -0.00815078 0.000827411 0.99999 -0.00445797 -0.0036252 0.000335772 0.00445769 0.99999 1.93282
0.999999 -0.000814325 -0.000689993 -0.00812845 0.000811445 0.999991 -0.00416468 -0.00365171 0.000693378 0.00416412 0.999991 1.97222
1 -0.000549443 -0.000420401 -0.00901951 0.00054759 0.99999 -0.00439568 -0.00236527 0.000422812 0.00439545 0.99999 2.01292
0.999999 -0.000552306 -0.000891453 -0.00946563 0.000547964 0.999988 -0.00486312 -0.00254072 0.000894128 0.00486263 0.999988 2.05157
0.999999 -0.000952748 -0.000907298 -0.00944076 0.000949671 0.999994 -0.00338568 -0.001914 0.000910518 0.00338481 0.999994 2.09229
0.999999 -0.0012516 -0.000306187 -0.00891196 0.00125004 0.999987 -0.00503109 -0.0032191 0.00031248 0.00503071 0.999987 2.13137
0.999999 -0.00121968 -0.000820022 -0.00905774 0.00121596 0.999989 -0.00452285 -0.00298963 0.000825529 0.00452185 0.999989 2.17114
1 -0.000559838 7.68744e-05 -0.00967474 0.000560156 0.999991 -0.00420356 -0.00468863 -7.45204e-05 0.0042036 0.999991 2.20991
1 -0.00040384 0.000248617 -0.00932553 0.000404804 0.999992 -0.003891 -0.00476552 -0.000247044 0.0038911 0.999992 2.24123
1 -0.000668733 0.000249432 -0.0096155 0.000669824 0.99999 -0.00439857 -0.00526357 -0.000246488 0.00439873 0.99999 2.27266
1 -0.000616818 0.000270148 -0.00980928 0.000617825 0.999993 -0.00374156 -0.00451038 -0.000267839 0.00374173 0.999993 2.30607
1 -0.000791833 -7.47396e-05 -0.00934834 0.000791463 0.999988 -0.00483282 -0.00451528 7.85655e-05 0.00483276 0.999988 2.34175
1 -0.000650694 -0.000515983 -0.00996464 0.000648275 0.999989 -0.00467398 -0.00467133 0.000519018 0.00467365 0.999989 2.3782
1 -0.00047145 -7.38039e-05 -0.00988297 0.000471075 0.999987 -0.00500937 -0.00491708 7.61646e-05 0.00500933 0.999987 2.41512
1 -0.000406024 -0.000129274 -0.0102617 0.000405391 0.999988 -0.00486024 -0.00479636 0.000131246 0.00486019 0.999988 2.4542
1 6.68988e-06 -0.000190837 -0.00954561 -7.56334e-06 0.99999 -0.00457735 -0.00488879 0.000190805 0.00457735 0.99999 2.49425
1 0.000125268 1.54244e-05 -0.00962876 -0.000125196 0.999989 -0.00458359 -0.0048882 -1.59984e-05 0.00458359 0.999989 2.53179
1 0.000325398 0.000353598 -0.0101449 -0.00032378 0.99999 -0.00456475 -0.00485179 -0.00035508 0.00456464 0.99999 2.57093
1 0.000298942 -0.000257985 -0.00977677 -0.000300181 0.999988 -0.00481385 -0.0057255 0.000256543 0.00481392 0.999988 2.61086
1 0.000158781 -0.000261894 -0.0102037 -0.000160055 0.999988 -0.0048713 -0.00605329 0.000261118 0.00487134 0.999988 2.6507
0.999999 -0.00104239 -0.00053769 -0.00980024 0.00103917 0.999982 -0.00596089 -0.00570036 0.000543894 0.00596033 0.999982 2.68914
1 -0.000587496 -0.000679189 -0.0101127 0.000583402 0.999982 -0.00601208 -0.00609706 0.000682709 0.00601168 0.999982 2.73148
0.999999 -0.00086105 -0.000826744 -0.0104809 0.000856116 0.999982 -0.0059503 -0.0060162 0.000831853 0.00594958 0.999982 2.76945
0.999999 -0.000965756 -0.000637722 -0.010562 0.000961758 0.99998 -0.00624046 -0.00664619 0.000643736 0.00623984 0.99998 2.8092
1 -0.000299637 0.000431155 -0.0118371 0.000302193 0.999982 -0.00593929 -0.00732673 -0.000429367 0.00593942 0.999982 2.85016
1 -0.000492128 0.00045224 -0.0117138 0.000494749 0.999983 -0.00581319 -0.00770781 -0.000449371 0.00581341 0.999983 2.88996
1 -0.000664746 0.000406557 -0.0114692 0.000667257 0.999981 -0.00620826 -0.00792998 -0.000402422 0.00620853 0.999981 2.93006
1 -0.0007661 0.000213835 -0.0110723 0.000767411 0.999981 -0.00619604 -0.00799001 -0.000209084 0.0061962 0.999981 2.96978
0.999999 -0.000926956 0.000375655 -0.0118832 0.000929103 0.999983 -0.00575611 -0.00857469 -0.000370313 0.00575645 0.999983 3.00908
0.999999 -0.00107093 0.000507898 -0.011894 0.00107367 0.999985 -0.00541147 -0.00862213 -0.000502095 0.00541201 0.999985 3.04855
0.999999 -0.00117175 0.00076593 -0.0118724 0.00117602 0.999984 -0.00560913 -0.00891864 -0.000759345 0.00561002 0.999984 3.08978
0.999999 -0.00118613 0.000603073 -0.0118159 0.00118962 0.999982 -0.00582301 -0.00904449 -0.000596156 0.00582373 0.999983 3.1294
0.999998 -0.00164542 0.00116651 -0.0122003 0.0016524 0.999981 -0.00600932 -0.00965579 -0.00115659 0.00601124 0.999981 3.16971
0.999998 -0.00172597 0.00142097 -0.0122781 0.00173427 0.999981 -0.00586051 -0.00969934 -0.00141082 0.00586296 0.999982 3.20706
0.999998 -0.00191601 0.00037548 -0.0117939 0.00191826 0.99998 -0.00606879 -0.010047 -0.000363844 0.0060695 0.999982 3.24978
0.999999 -0.00151535 -0.000164818 -0.0121555 0.00151427 0.999978 -0.00638546 -0.0103226 0.000174491 0.0063852 0.99998 3.28819
0.999998 -0.00210552 0.00020438 -0.0115418 0.00210676 0.999978 -0.00626674 -0.0105577 -0.000191181 0.00626716 0.99998 3.32844
0.999999 -0.00109002 0.000108023 -0.0135676 0.00109069 0.999979 -0.00639082 -0.00979365 -0.000101055 0.00639093 0.99998 3.36765
0.999999 -0.00108512 0.000188484 -0.0135483 0.00108631 0.999979 -0.00641988 -0.00979141 -0.000181513 0.00642009 0.999979 3.39826
0.999999 -0.00134824 0.000370515 -0.0135148 0.00135052 0.99998 -0.0062022 -0.0102977 -0.000362145 0.0062027 0.999981 3.42927
0.999999 -0.00156067 0.000229341 -0.0134971 0.00156207 0.999979 -0.00622788 -0.0103768 -0.000219617 0.00622824 0.999981 3.46289
0.999999 -0.0012372 8.64617e-05 -0.0140677 0.00123772 0.999979 -0.00635484 -0.010832 -7.85977e-05 0.00635494 0.99998 3.50132
0.999999 -0.000870634 -0.000767459 -0.0139885 0.000865434 0.999977 -0.00675051 -0.0100904 0.000773319 0.00674984 0.999977 3.53496
0.999999 -0.0011008 -0.000621783 -0.0141524 0.00109641 0.999975 -0.00701043 -0.0102045 0.000629485 0.00700974 0.999975 3.56351
1 -0.000625534 -0.000691517 -0.0146812 0.000621013 0.999979 -0.00651908 -0.0102456 0.00069558 0.00651864 0.999979 3.59334
0.999999 -0.00159346 -9.273e-05 -0.014068 0.00159276 0.999974 -0.00708803 -0.0105265 0.000104022 0.00708788 0.999975 3.62704
0.999999 -0.000756299 -0.000700536 -0.0143167 0.000751154 0.999973 -0.00731632 -0.0111275 0.00070605 0.00731579 0.999973 3.66031
0.999999 -0.000957582 0.000332939 -0.0143675 0.000960004 0.999973 -0.00735328 -0.0111445 -0.000325889 0.00735359 0.999973 3.6978
1 -0.000746389 1.53978e-07 -0.014398 0.000746368 0.99997 -0.00769826 -0.0113258 5.59192e-06 0.00769826 0.99997 3.73504
0.999999 -0.00140121 0.000181156 -0.0146272 0.00140247 0.999974 -0.00713946 -0.0112203 -0.000171148 0.00713971 0.999974 3.7723
0.999999 -0.00107166 -3.8865e-05 -0.0157211 0.00107145 0.999986 -0.00510762 -0.00761424 4.43381e-05 0.00510757 0.999987 3.81115
0.999999 -0.00162698 -0.000280972 -0.0163336 0.00162524 0.99998 -0.00608877 -0.00879551 0.000290873 0.0060883 0.999981 3.85055
0.999999 -0.00121921 -0.00110713 -0.0172576 0.00121287 0.999983 -0.00571101 -0.00868913 0.00111408 0.00570966 0.999983 3.88787
1 -0.000736468 -0.000576606 -0.0170754 0.00073299 0.999982 -0.00600904 -0.00872987 0.000581021 0.00600862 0.999982 3.91778
1 -0.000479085 -0.000757034 -0.0174717 0.000474316 0.99998 -0.00628679 -0.00915003 0.00076003 0.00628643 0.99998 3.93936
1 -0.000316071 -0.000795354 -0.01763 0.000310507 0.999976 -0.00698602 -0.00990261 0.000797543 0.00698578 0.999975 3.95449
0.999999 -0.00076399 -0.00107661 -0.0176296 0.000757126 0.999979 -0.00636218 -0.00952135 0.00108145 0.00636136 0.999979 3.96569
0.999999 -0.00108585 -0.000127656 -0.0164715 0.001085 0.999979 -0.00646659 -0.00966253 0.000134675 0.00646644 0.999979 3.97388
0.999999 -0.000678759 -0.000913499 -0.0177831 0.000672348 0.999975 -0.00700002 -0.0104102 0.000918228 0.00699941 0.999975 3.97994
1 -0.000463502 -0.000304952 -0.0172871 0.000461457 0.999978 -0.00667159 -0.0100304 0.000308037 0.00667145 0.999978 3.98431
1 -0.000541511 -0.000117875 -0.0170973 0.000540774 0.999981 -0.00615895 -0.00953754 0.000121208 0.00615888 0.999981 3.98748
1 -0.00042167 -0.000439863 -0.0175331 0.000418553 0.999975 -0.00706327 -0.0104334 0.000442831 0.00706308 0.999975 3.98928
1 -0.000794779 0.000177401 -0.0166125 0.000795857 0.999981 -0.00616213 -0.00993815 -0.0001725 0.00616227 0.999981 3.99109
1 -0.000609326 -0.000235116 -0.0174949 0.000608036 0.999985 -0.00544773 -0.00904382 0.000238432 0.00544758 0.999985 3.99211
1 -0.000185782 -0.000650569 -0.0178414 0.000181337 0.999977 -0.00682527 -0.0104499 0.000651822 0.00682515 0.999976 3.99329
1 -0.000695893 -0.000713986 -0.0178226 0.000691385 0.99998 -0.00629497 -0.0099727 0.000718353 0.00629447 0.99998 3.99394
1 -0.000439329 -0.000792424 -0.0179703 0.000434438 0.999981 -0.00616085 -0.00998803 0.000795116 0.0061605 0.999981 3.99453
0.999999 -0.000683374 -0.000747052 -0.017727 0.000678771 0.999981 -0.00614365 -0.0100079 0.000751236 0.00614314 0.999981 3.99471
1 -0.000693086 -0.000477044 -0.0173546 0.000690184 0.999981 -0.00605613 -0.00997782 0.000481232 0.0060558 0.999982 3.99462
1 -0.000457254 -0.000411277 -0.0174992 0.000454489 0.999977 -0.00669894 -0.0105719 0.000414331 0.00669875 0.999977 3.99474
1 -0.000419903 -0.000550365 -0.0176315 0.000416122 0.999976 -0.00685094 -0.0107596 0.000553229 0.00685071 0.999976 3.99483
1 -0.000617345 -0.000576889 -0.0176435 0.000613575 0.999979 -0.00651119 -0.0102966 0.000580897 0.00651083 0.999979 3.99481
1 -0.000518378 -0.000466704 -0.0175222 0.000515425 0.99998 -0.00630532 -0.0101198 0.000469963 0.00630508 0.99998 3.99494
1 -0.000347616 -0.00045835 -0.0174819 0.000344731 0.99998 -0.00628086 -0.00987261 0.000460524 0.0062807 0.99998 3.99489
1 -0.000567238 -0.000581019 -0.0176753 0.000563603 0.99998 -0.00623708 -0.0101498 0.000584546 0.00623675 0.99998 3.99509
0.999997 -0.000363582 -0.00221528 -0.0177347 0.00034941 0.999979 -0.00639453 -0.0101791 0.00221756 0.00639374 0.999977 3.99484
0.999728 -0.000731608 -0.0232949 -0.0212869 0.000600962 0.999984 -0.00561486 -0.00952247 0.0232986 0.00559933 0.999713 3.99389
0.998414 -0.000625107 -0.0562934 -0.0252737 0.000261647 0.999979 -0.00646367 -0.0104272 0.0562962 0.00643869 0.998393 3.99141
0.99497 -0.00075747 -0.10017 -0.0330287 0.000200746 0.999984 -0.00556774 -0.00897132 0.100173 0.00551962 0.994955 3.98781
0.989324 -0.000535812 -0.145734 -0.0398176 -0.000164109 0.999989 -0.00479067 -0.00797159 0.145735 0.00476344 0.989312 3.98371
0.981249 -0.000845744 -0.192742 -0.0460168 -1.81419e-05 0.99999 -0.00448027 -0.0078035 0.192744 0.00439976 0.981239 3.98019
0.970512 -0.000709075 -0.241053 -0.0524926 -0.000307596 0.999991 -0.00417997 -0.00789726 0.241054 0.00413086 0.970503 3.97539
0.957514 -0.00111573 -0.288384 -0.0588357 -0.000588179 0.999983 -0.00582175 -0.00872524 0.288386 0.00574403 0.957497 3.97003
0.942183 -0.00128025 -0.335097 -0.0648927 -0.000690781 0.999983 -0.00576274 -0.0085563 0.335099 0.00566103 0.942166 3.96444
0.923852 -0.00105906 -0.382748 -0.0709823 -0.000506715 0.999992 -0.00399004 -0.00732192 0.382749 0.00388015 0.923844 3.95857
0.903982 -0.00150116 -0.427567 -0.0762459 -0.000492587 0.99999 -0.00455234 -0.00760769 0.42757 0.00432585 0.903972 3.95275
0.880611 -0.00110141 -0.473839 -0.0822856 -0.00165636 0.999984 -0.00540266 -0.00833156 0.473838 0.00554249 0.880595 3.94646
0.855202 -0.000982654 -0.518294 -0.0875357 -0.00196584 0.999985 -0.0051396 -0.00825458 0.518292 0.00541428 0.855187 3.93997
0.829996 -0.00106584 -0.557769 -0.0917145 -0.0021979 0.999984 -0.00518148 -0.00828654 0.557765 0.00552653 0.82998 3.93356
0.800137 -0.000969322 -0.599816 -0.0959836 -0.00232485 0.999986 -0.0047173 -0.00811447 0.599812 0.00516897 0.800124 3.92695
0.770505 -0.00168326 -0.637431 -0.0990428 -0.00192089 0.999986 -0.00496255 -0.0082005 0.637431 0.00504811 0.770491 3.91986
0.736896 -0.00190615 -0.676003 -0.103465 -0.00254981 0.999981 -0.00559918 -0.0090206 0.676001 0.00584969 0.736877 3.91226
0.703499 -0.00175729 -0.710694 -0.106659 -0.00300798 0.999981 -0.00545012 -0.00902568 0.71069 0.00597191 0.70348 3.90503
0.681378 -0.00194687 -0.731929 -0.108247 -0.00290169 0.999981 -0.00536114 -0.00919965 0.731926 0.00577679 0.68136 3.90061
0.654783 -0.0019838 -0.755814 -0.109959 -0.00311365 0.999981 -0.00532211 -0.00913979 0.755811 0.00583817 0.654764 3.89524
0.621501 -0.00178695 -0.783411 -0.112361 -0.00336346 0.999982 -0.00494928 -0.00906452 0.783406 0.00571096 0.621484 3.88869
0.585073 -0.002193 -0.810978 -0.113508 -0.00324303 0.999982 -0.00504375 -0.00866787 0.810974 0.00558099 0.585055 3.88082
0.545873 -0.00218417 -0.837865 -0.114901 -0.0035748 0.999981 -0.00493579 -0.00875264 0.83786 0.00568952 0.545855 3.87361
0.503971 -0.00228883 -0.863717 -0.11561 -0.00399161 0.99998 -0.00497899 -0.00891771 0.863711 0.00595689 0.503952 3.86519
0.460748 -0.00226887 -0.887528 -0.1172 -0.00362874 0.999984 -0.00444015 -0.00887261 0.887524 0.0052664 0.460732 3.8577
0.416533 -0.00232597 -0.909118 -0.117127 -0.00445688 0.999979 -0.00460046 -0.0093163 0.90911 0.00596807 0.416514 3.84956
0.370694 -0.00227589 -0.928752 -0.117597 -0.00537373 0.999975 -0.00459524 -0.00875127 0.92874 0.0066943 0.370672 3.84182
0.323912 -0.00207298 -0.946085 -0.117834 -0.00561789 0.999976 -0.00411446 -0.00867292 0.946071 0.00664773 0.323892 3.83379
0.275812 -0.00200212 -0.961209 -0.11708 -0.00587066 0.999976 -0.00376741 -0.00858827 0.961194 0.00668203 0.275794 3.82569
0.227401 -0.00224577 -0.973799 -0.115747 -0.00532575 0.99998 -0.00354981 -0.00880864 0.973787 0.00599344 0.227384 3.81793
0.157077 -0.00187327 -0.987585 -0.113711 -0.00565256 0.99998 -0.00279583 -0.00859518 0.98757 0.00602154 0.157063 3.80647
0.118501 -0.0017457 -0.992952 -0.112305 -0.00597763 0.999979 -0.00247143 -0.00881821 0.992936 0.00622837 0.118488 3.80073
0.0790275 -0.00183379 -0.996871 -0.110385 -0.00546171 0.999983 -0.0022725 -0.00866559 0.996857 0.00562421 0.0790161 3.79445
0.0289884 -0.00157532 -0.999579 -0.108175 -0.00569108 0.999982 -0.001741 -0.00862455 0.999564 0.00573915 0.0289789 3.78695
-0.0210701 -0.0014549 -0.999777 -0.105192 -0.00629874 0.999979 -0.00132245 -0.00865098 0.999758 0.00626947 -0.0210788 3.77941
-0.0923707 -0.00142157 -0.995724 -0.100278 -0.00614543 0.999981 -0.000857554 -0.00860323 0.995706 0.00603994 -0.0923777 3.76878
-0.125953 -0.00184848 -0.992035 -0.0978657 -0.00560888 0.999984 -0.00115117 -0.00872024 0.99202 0.00541921 -0.125961 3.76442
-0.170488 -0.00167348 -0.985358 -0.0943624 -0.00576693 0.999983 -0.000700513 -0.00853195 0.985343 0.00556307 -0.170495 3.75809
-0.219884 -0.00160295 -0.975525 -0.0899498 -0.00569565 0.999984 -0.000359331 -0.00876169 0.975509 0.00547724 -0.21989 3.75132
-0.268195 -0.00175619 -0.963363 -0.0850032 -0.00582699 0.999983 -0.000200739 -0.00878634 0.963347 0.00555967 -0.268201 3.74493
-0.315855 -0.00183139 -0.948806 -0.0798543 -0.00594116 0.999982 4.76291e-05 -0.00891781 0.948789 0.00565205 -0.31586 3.73857
-0.361335 -0.00181453 -0.932434 -0.075315 -0.00602882 0.999982 0.000390298 -0.00823905 0.932417 0.0057625 -0.361339 3.73275
-0.388772 -0.00131968 -0.921333 -0.0727636 -0.00622368 0.99998 0.00119385 -0.00818186 0.921313 0.00619822 -0.388772 3.72916
-0.402458 -0.00163832 -0.915437 -0.0706231 -0.00586038 0.999983 0.000786807 -0.00851296 0.91542 0.00568147 -0.402461 3.72782
-0.409723 -0.00142847 -0.912209 -0.0697724 -0.00516313 0.999986 0.000753121 -0.00849589 0.912195 0.00501843 -0.409725 3.72718
-0.413582 -0.00161986 -0.910466 -0.0689902 -0.00629926 0.99998 0.00108234 -0.00842092 0.910445 0.0061829 -0.413583 3.7266
-0.415223 -0.0017553 -0.909718 -0.0699018 -0.00664273 0.999977 0.00110249 -0.00811369 0.909695 0.0065008 -0.415225 3.72638
-0.416159 -0.00184376 -0.90929 -0.0782793 -0.0064218 0.999979 0.000911448 -0.00803523 0.909269 0.00621858 -0.416163 3.72244
-0.416817 -0.00164978 -0.908989 -0.0950141 -0.00664872 0.999977 0.00123385 -0.00824347 0.908966 0.00655791 -0.416819 3.71468
-0.417251 -0.00177523 -0.908789 -0.116333 -0.00646467 0.999979 0.00101475 -0.00810333 0.908768 0.00629843 -0.417254 3.70454
-0.417318 -0.0018619 -0.908759 -0.142116 -0.00653264 0.999978 0.000951113 -0.00827801 0.908737 0.00633351 -0.417321 3.69275
-0.417058 -0.00198563 -0.908878 -0.17244 -0.0062706 0.99998 0.000692736 -0.00741535 0.908858 0.00598812 -0.417062 3.67913
-0.417155 -0.00205107 -0.908833 -0.203124 -0.0061587 0.999981 0.000570075 -0.00716617 0.908815 0.00583504 -0.417159 3.6646
-0.417063 -0.00196825 -0.908875 -0.235649 -0.00609666 0.999981 0.00063208 -0.0074798 0.908857 0.00580472 -0.417067 3.65032
-0.41694 -0.00191186 -0.908932 -0.268904 -0.00547976 0.999985 0.000410264 -0.00716259 0.908918 0.00515178 -0.416944 3.63448
-0.417051 -0.00216985 -0.908881 -0.303125 -0.0062074 0.999981 0.000460998 -0.00754889 0.908862 0.00583404 -0.417056 3.61913
-0.417512 -0.00181309 -0.90867 -0.338998 -0.0049995 0.999987 0.00030185 -0.00648031 0.908658 0.00466892 -0.417515 3.60248
-0.417424 -0.00186616 -0.90871 -0.366622 -0.00511191 0.999987 0.000294592 -0.00629158 0.908697 0.00476821 -0.417428 3.5899
-0.417208 -0.0021137 -0.908808 -0.393923 -0.00569754 0.999984 0.000289821 -0.00671476 0.908793 0.00529889 -0.417214 3.57722
-0.416869 -0.00190619 -0.908964 -0.422073 -0.0059291 0.999982 0.000622138 -0.00694535 0.908947 0.00564869 -0.416873 3.56328
-0.416954 -0.00190103 -0.908925 -0.454165 -0.00493051 0.999988 0.000170298 -0.00692764 0.908914 0.00455247 -0.416959 3.54799
-0.417222 -0.00240203 -0.908801 -0.490437 -0.00475607 0.999989 -0.000459577 -0.00558285 0.908792 0.00413058 -0.417229 3.53132
-0.417294 -0.00223192 -0.908769 -0.524354 -0.00463877 0.999989 -0.000325892 -0.00549905 0.90876 0.00407958 -0.4173 3.51554
-0.417307 -0.00246825 -0.908762 -0.55073 -0.00484217 0.999988 -0.000492489 -0.00559468 0.908753 0.00419486 -0.417314 3.50325
-0.417581 -0.00232662 -0.908637 -0.578379 -0.00466183 0.999989 -0.000418097 -0.00577098 0.908628 0.00406132 -0.417587 3.49045
-0.417578 -0.00248954 -0.908638 -0.608395 -0.00496105 0.999988 -0.000459904 -0.00540951 0.908628 0.00431575 -0.417585 3.47644
-0.417117 -0.00237414 -0.90885 -0.639577 -0.00422182 0.999991 -0.000674621 -0.00533546 0.908843 0.0035556 -0.417123 3.46177
-0.41743 -0.00249751 -0.908706 -0.672011 -0.00444541 0.99999 -0.000706321 -0.0053747 0.908698 0.00374473 -0.417436 3.447
-0.417084 -0.00223965 -0.908865 -0.697037 -0.00438518 0.99999 -0.000451817 -0.00567861 0.908858 0.0037971 -0.417089 3.43511
-0.417198 -0.00228246 -0.908813 -0.71479 -0.00448827 0.99999 -0.000451073 -0.00558344 0.908805 0.00389081 -0.417204 3.42678
-0.417404 -0.00224401 -0.908718 -0.728731 -0.004286 0.999991 -0.000500697 -0.00514938 0.908711 0.00368578 -0.41741 3.42085
-0.417267 -0.00208417 -0.908781 -0.738346 -0.00450202 0.99999 -0.000226243 -0.00509747 0.908773 0.00399694 -0.417273 3.41585
-0.417415 -0.00199045 -0.908714 -0.745443 -0.00465681 0.999989 -5.12853e-05 -0.00502659 0.908704 0.0042103 -0.41742 3.41237
-0.417195 -0.00204559 -0.908815 -0.750054 -0.00457693 0.99999 -0.000149747 -0.0051287 0.908805 0.0040971 -0.4172 3.41043
-0.417272 -0.00213114 -0.908779 -0.753421 -0.00455199 0.99999 -0.000254959 -0.0052935 0.90877 0.00403037 -0.417278 3.4088
-0.417373 -0.00222665 -0.908732 -0.755893 -0.00460717 0.999989 -0.000334225 -0.00523452 0.908723 0.00404719 -0.417379 3.40761
-0.417124 -0.00236272 -0.908846 -0.758072 -0.00416143 0.999991 -0.000689744 -0.00523 0.90884 0.00349439 -0.41713 3.40689
-0.417059 -0.00239295 -0.908876 -0.759373 -0.00401295 0.999992 -0.000791412 -0.00518422 0.90887 0.0033172 -0.417065 3.40631
-0.417252 -0.00225817 -0.908788 -0.760181 -0.00412196 0.999991 -0.00059228 -0.00526042 0.908782 0.00349886 -0.417257 3.40564
-0.417188 -0.00221584 -0.908818 -0.760985 -0.00406905 0.999992 -0.000570255 -0.00521556 0.908811 0.00346013 -0.417193 3.40534
-0.417124 -0.00221623 -0.908847 -0.762474 -0.0040597 0.999992 -0.000575255 -0.00537709 0.908841 0.00344969 -0.417129 3.40474
-0.417092 -0.0021843 -0.908862 -0.771228 -0.00391947 0.999992 -0.000604607 -0.00540148 0.908856 0.00331008 -0.417097 3.40087
-0.417215 -0.00235932 -0.908805 -0.787633 -0.00421447 0.999991 -0.000661262 -0.00512483 0.908798 0.00355424 -0.417221 3.39306
-0.417112 -0.00242825 -0.908852 -0.809243 -0.00398416 0.999992 -0.00084325 -0.00518213 0.908846 0.00326928 -0.417118 3.38312
-0.418832 -0.0025809 -0.90806 -0.83542 -0.00404425 0.999991 -0.000976826 -0.00552607 0.908055 0.00326329 -0.418839 3.3704
-0.437652 -0.00233758 -0.899141 -0.861248 -0.00415348 0.999991 -0.000578089 -0.00499053 0.899135 0.00348156 -0.437658 3.35523
-0.468718 -0.00243833 -0.883345 -0.879589 -0.00427911 0.999991 -0.000489745 -0.00525264 0.883338 0.00355038 -0.468724 3.34123
-0.505318 -0.00237096 -0.86293 -0.890322 -0.0041092 0.999991 -0.000341267 -0.0051478 0.862923 0.00337351 -0.505323 3.32878
-0.543307 -0.00226435 -0.839531 -0.89657 -0.0044286 0.99999 0.000168857 -0.00505923 0.839523 0.00380969 -0.543311 3.31907
-0.565604 -0.00222836 -0.824674 -0.901035 -0.0042214 0.999991 0.000193173 -0.00545631 0.824666 0.00359054 -0.565609 3.31298
-0.577459 -0.00230337 -0.816417 -0.904983 -0.00450405 0.99999 0.000364467 -0.00544177 0.816408 0.00388764 -0.577463 3.30879
-0.583285 -0.00218622 -0.812265 -0.908003 -0.00389357 0.999992 0.000104471 -0.00543349 0.812259 0.00322355 -0.583289 3.30653
-0.586569 -0.00217343 -0.809896 -0.911346 -0.00410133 0.999992 0.000286829 -0.00508706 0.809889 0.00348989 -0.586573 3.30402
-0.588335 -0.00217398 -0.808614 -0.91332 -0.00446211 0.99999 0.000558053 -0.00504984 0.808605 0.00393645 -0.588339 3.30303
-0.590299 -0.00232932 -0.807181 -0.914426 -0.00438558 0.99999 0.000321503 -0.00545752 0.807173 0.00372974 -0.590303 3.30227
-0.607229 -0.00225368 -0.794524 -0.912815 -0.00410653 0.999992 0.000301999 -0.00515882 0.794516 0.00344612 -0.607233 3.29958
-0.634581 -0.00218974 -0.772853 -0.90866 -0.00401868 0.999992 0.000466402 -0.00535657 0.772846 0.00340182 -0.634585 3.29652
-0.667199 -0.0019851 -0.744876 -0.903174 -0.00416699 0.999991 0.00106747 -0.00503603 0.744867 0.00381611 -0.667202 3.29289
-0.699052 -0.00185061 -0.715069 -0.897278 -0.00393247 0.999991 0.00125639 -0.00484481 0.71506 0.00369026 -0.699053 3.28935
-0.718644 -0.00219098 -0.695375 -0.893566 -0.004386 0.999989 0.001382 -0.00508762 0.695364 0.00404308 -0.718646 3.28767
-0.728409 -0.00218894 -0.685139 -0.891912 -0.0040161 0.999991 0.00107487 -0.00501853 0.685131 0.00353453 -0.728411 3.28651
-0.733502 -0.00199744 -0.679684 -0.891002 -0.00405556 0.999991 0.00143792 -0.00510239 0.679675 0.00381122 -0.733503 3.2863
-0.737119 -0.00189297 -0.67576 -0.890171 -0.00345503 0.999994 0.00096752 -0.00550878 0.675754 0.00304795 -0.737121 3.28599
-0.752448 -0.00213291 -0.658648 -0.886663 -0.0036482 0.999993 0.000929451 -0.0055093 0.658642 0.00310224 -0.75245 3.28458
-0.775335 -0.00195777 -0.631547 -0.881068 -0.00340948 0.999994 0.00108579 -0.00557223 0.631541 0.0029951 -0.775337 3.28254
-0.801877 -0.00180302 -0.597487 -0.87422 -0.00298198 0.999995 0.000984413 -0.00570114 0.597482 0.00257107 -0.801878 3.2809
-0.828152 -0.0020636 -0.5605 -0.867455 -0.00348485 0.999993 0.00146727 -0.00579841 0.560493 0.00316838 -0.828153 3.27871
-0.853293 -0.0018444 -0.521428 -0.859766 -0.00311043 0.999994 0.00155288 -0.00544692 0.521422 0.00294693 -0.853294 3.27786
-0.868466 -0.00206509 -0.495744 -0.855085 -0.0033081 0.999993 0.00162967 -0.00548542 0.495737 0.00305528 -0.868467 3.27713
-0.885618 -0.00160045 -0.464412 -0.849286 -0.00271247 0.999995 0.00172643 -0.00553945 0.464407 0.00278866 -0.885618 3.27654
-0.904411 -0.00185708 -0.426657 -0.842431 -0.00302079 0.999993 0.00205076 -0.00557251 0.426651 0.00314357 -0.904411 3.27569
-0.923256 -0.00200286 -0.384179 -0.834922 -0.00297179 0.999994 0.00192846 -0.00569799 0.384173 0.00292216 -0.923257 3.27553
-0.940426 -0.00210944 -0.339992 -0.827519 -0.00323075 0.999991 0.002732 -0.00555413 0.339984 0.00366767 -0.940424 3.27474
-0.955398 -0.00189523 -0.295314 -0.819988 -0.00281057 0.999992 0.00267513 -0.00563486 0.295307 0.00338582 -0.955397 3.27542
-0.963464 -0.00216167 -0.26783 -0.815501 -0.00310233 0.99999 0.00308901 -0.00588013 0.267821 0.00380704 -0.963461 3.27573
-0.967272 -0.002102 -0.253735 -0.813344 -0.00309593 0.999989 0.00351795 -0.00559153 0.253724 0.00418836 -0.967267 3.27588
-0.969692 -0.00189948 -0.244322 -0.811912 -0.00272129 0.999992 0.00302615 -0.00587832 0.244314 0.00359931 -0.969689 3.27632
-0.975401 -0.00119384 -0.220435 -0.808108 -0.00199304 0.999992 0.0034032 -0.00523431 0.220429 0.00375882 -0.975396 3.27712
-0.983051 -0.00103186 -0.183331 -0.802138 -0.00176296 0.999991 0.00382492 -0.00523756 0.183325 0.00408329 -0.983044 3.27779
-0.990005 -0.00101492 -0.141026 -0.79539 -0.00158236 0.999991 0.00391157 -0.00542161 0.14102 0.00409563 -0.989998 3.27935
-0.99546 -0.0011506 -0.095176 -0.787882 -0.00153181 0.999991 0.0039323 -0.00548163 0.0951707 0.00406023 -0.995453 3.2812
-0.99879 -0.00128881 -0.0491582 -0.780819 -0.00146836 0.999992 0.00361668 -0.0057055 0.0491531 0.00368449 -0.998784 3.28369
-0.999798 -0.000852997 -0.0200647 -0.776597 -0.000938235 0.999991 0.00423912 -0.00593328 0.0200609 0.00425709 -0.99979 3.28502
-0.999984 -0.00105415 -0.00547623 -0.774358 -0.0010776 0.99999 0.00428122 -0.00596104 0.00547167 0.00428706 -0.999976 3.28596
-0.999998 -0.000878005 0.00201305 -0.77345 -0.000869377 0.99999 0.00428287 -0.00600191 -0.00201679 0.00428111 -0.999989 3.28648
-0.99998 -0.000624229 0.00622935 -0.773132 -0.000596252 0.99999 0.00449204 -0.00598684 -0.00623209 0.00448824 -0.999971 3.28641
-0.999967 -0.000862283 0.00803358 -0.772781 -0.000827853 0.99999 0.00428811 -0.00605053 -0.0080372 0.00428132 -0.999959 3.28662
-0.999962 -0.00128771 0.00858374 -0.772327 -0.0012528 0.999991 0.00407057 -0.0058906 -0.00858891 0.00405966 -0.999955 3.28691
-0.999957 -0.001444 0.00917744 -0.772233 -0.00140804 0.999991 0.00392374 -0.00598073 -0.00918302 0.00391065 -0.99995 3.28704
-0.999956 -0.00127664 0.00926918 -0.772293 -0.0012397 0.999991 0.00398997 -0.00593471 -0.00927419 0.00397831 -0.999949 3.28696
-0.999954 -0.000891803 0.009599 -0.772294 -0.00085499 0.999992 0.00383861 -0.00608749 -0.00960235 0.00383022 -0.999947 3.28702
-0.999954 -0.0007989 0.00956129 -0.772351 -0.000761502 0.999992 0.00391437 -0.00609166 -0.00956434 0.00390691 -0.999947 3.28703
-0.999953 -0.00087138 0.00966308 -0.772454 -0.000831132 0.999991 0.00416842 -0.00597557 -0.00966662 0.00416019 -0.999945 3.28678
-0.999953 -0.000935083 0.00966094 -0.772368 -0.00089609 0.999991 0.00403977 -0.00598628 -0.00966463 0.00403092 -0.999945 3.2869
