1 -0 0 -0 -0 1 -0 0 0 -0 1 0
1 0.000121187 2.2453e-05 -4.37227e-05 -0.000121188 1 1.7436e-05 4.41977e-05 -2.24509e-05 -1.74387e-05 1 -3.29612e-05
1 9.35061e-05 1.14723e-08 4.02945e-05 -9.35061e-05 1 1.30351e-05 6.62251e-05 -1.02535e-08 -1.30351e-05 1 5.13935e-05
1 5.59957e-05 -9.12592e-06 -4.48543e-05 -5.59957e-05 1 -2.1378e-06 3.26304e-05 9.1258e-06 2.13831e-06 1 -4.85537e-05
1 5.4337e-05 -1.4152e-05 -3.94256e-05 -5.4337e-05 1 -8.99473e-07 2.70104e-05 1.4152e-05 9.00242e-07 1 -6.06029e-05
1 -1.24994e-05 -6.06898e-07 1.0111e-05 1.24994e-05 1 3.82079e-05 3.1569e-05 6.0642e-07 -3.82079e-05 1 -2.02404e-06
1 3.50045e-05 -3.33023e-06 -7.26755e-07 -3.50045e-05 1 -2.37763e-05 2.73315e-05 3.32939e-06 2.37764e-05 1 -1.81374e-06
1 2.93381e-05 -7.61854e-06 -2.64634e-05 -2.93381e-05 1 -1.98893e-07 2.16763e-05 7.61853e-06 1.99116e-07 1 -5.6418e-05
1 -2.06827e-05 3.58879e-07 -8.66301e-06 2.06827e-05 1 3.17102e-05 2.61603e-05 -3.59535e-07 -3.17102e-05 1 1.38812e-05
1 3.87894e-06 3.09217e-06 -4.86343e-06 -3.87892e-06 1 -4.58454e-06 3.53643e-05 -3.09219e-06 4.58453e-06 1 1.17417e-05
1 2.93611e-05 -7.63254e-06 -2.64778e-05 -2.93611e-05 1 -2.05401e-07 2.16772e-05 7.63254e-06 2.05625e-07 1 -5.64295e-05
1 -1.23232e-06 -1.01762e-05 8.69843e-06 1.2325e-06 1 1.687e-05 5.18634e-05 1.01761e-05 -1.687e-05 1 5.73698e-06
1 0.000121985 3.62882e-06 3.11188e-05 -0.000121985 1 1.08598e-05 3.36245e-05 -3.6275e-06 -1.08602e-05 1 -1.84507e-05
1 3.11927e-05 -2.52709e-06 -3.17436e-05 -3.11927e-05 1 -1.47298e-06 2.74386e-05 2.52705e-06 1.47306e-06 1 -4.43959e-05
1 3.15849e-05 -6.64157e-06 -6.67231e-06 -3.15846e-05 1 3.85409e-05 2.22313e-05 6.64278e-06 -3.85406e-05 1 -4.66095e-05
1 1.82554e-05 -3.90333e-05 -4.7082e-05 -1.82551e-05 1 8.32079e-06 8.41198e-05 3.90334e-05 -8.32008e-06 1 4.33712e-05
1 -1.89539e-06 2.20922e-05 -1.39423e-05 1.89522e-06 1 7.86529e-06 4.26762e-05 -2.20922e-05 -7.86525e-06 1 2.60598e-05
1 2.4031e-05 -1.60532e-05 -1.15743e-05 -2.40305e-05 1 3.58153e-05 4.35341e-05 1.60541e-05 -3.58149e-05 1 1.72263e-05
1 6.74235e-05 -1.19296e-05 -1.56359e-05 -6.74235e-05 1 -2.46693e-06 2.27882e-05 1.19294e-05 2.46774e-06 1 -4.03169e-05
1 1.83455e-05 -4.34934e-06 -2.04767e-05 -1.83455e-05 1 -1.55613e-05 3.45219e-05 4.34906e-06 1.55613e-05 1 2.34257e-05
1 7.13641e-05 -6.45804e-06 4.64767e-05 -7.13639e-05 1 2.91169e-05 5.91819e-05 6.46011e-06 -2.91165e-05 1 2.20982e-05
1 1.00969e-05 2.50326e-05 1.96683e-05 -1.00975e-05 1 2.33763e-05 3.29796e-05 -2.50323e-05 -2.33766e-05 1 2.11969e-05
1 -1.0421e-06 1.15628e-05 1.8053e-05 1.04194e-06 1 1.35122e-05 3.8815e-05 -1.15629e-05 -1.35122e-05 1 1.94987e-05
1 3.38202e-05 -7.10255e-05 -6.25583e-05 -3.38193e-05 1 1.35133e-05 9.57828e-05 7.1026e-05 -1.35109e-05 1 -1.65411e-05
1 7.35996e-05 -1.25009e-05 2.25789e-05 -7.35996e-05 1 3.74147e-06 3.95671e-05 1.25011e-05 -3.74055e-06 1 1.15698e-05
1 9.89664e-05 2.7815e-05 1.31489e-05 -9.8968e-05 1 5.67708e-05 7.4019e-05 -2.78094e-05 -5.67735e-05 1 9.01512e-06
1 2.07852e-05 -3.25417e-05 -1.02245e-05 -2.07849e-05 1 8.76289e-06 1.44705e-05 3.25419e-05 -8.76221e-06 1 -2.01623e-05
1 2.42963e-05 -4.13381e-05 -5.37378e-05 -2.42961e-05 1 4.30875e-06 9.34776e-05 4.13383e-05 -4.30774e-06 1 2.35098e-05
1 2.92529e-05 -6.28014e-06 -2.64028e-05 -2.92529e-05 1 -1.99361e-07 2.16855e-05 6.28013e-06 1.99545e-07 1 -5.59883e-05
1 2.92654e-05 -6.27525e-06 -2.64107e-05 -2.92654e-05 1 -1.97662e-07 2.16838e-05 6.27524e-06 1.97846e-07 1 -5.59986e-05
1 3.77837e-05 4.91339e-05 7.71404e-06 -3.7785e-05 1 2.70944e-05 2.49582e-05 -4.91329e-05 -2.70962e-05 1 2.53702e-05
1 5.77363e-05 1.07547e-05 -1.24413e-05 -5.77365e-05 1 1.90675e-05 3.17163e-05 -1.07536e-05 -1.90682e-05 1 2.39381e-05
1 -3.13599e-06 -8.32324e-06 -1.39824e-05 3.13601e-06 1 2.52276e-06 3.84669e-05 8.32323e-06 -2.52279e-06 1 2.24749e-05
1 3.21045e-06 0.000115331 -1.67974e-05 -3.2028e-06 1 -6.62796e-05 5.13728e-05 -0.000115331 6.62792e-05 1 0.000246724
0.999999 0.00164306 -0.000128107 -0.000624505 -0.00164328 0.999997 -0.00171811 0.00049708 0.000125284 0.00171832 0.999999 0.0100035
0.999998 0.00193584 -3.06713e-05 -0.00103746 -0.00193588 0.999997 -0.00158401 0.000504726 2.76048e-05 0.00158406 0.999999 0.0279373
0.999998 0.0017349 -8.72993e-05 -0.000766965 -0.00173504 0.999997 -0.00163557 0.000484834 8.44616e-05 0.00163572 0.999999 0.0514188
0.999998 0.00200544 -0.000225454 -0.000868574 -0.00200578 0.999997 -0.00148095 0.000622998 0.000222483 0.0014814 0.999999 0.0795915
0.999998 0.00187463 -0.000277092 -0.00118979 -0.00187507 0.999997 -0.0016188 0.000341113 0.000274056 0.00161932 0.999999 0.11074
0.999995 0.00208862 0.00243736 -0.00344379 -0.00207944 0.999991 -0.00376088 0.00107906 -0.00244519 0.00375579 0.99999 0.144452
0.999994 0.00230134 0.00242481 -0.00349059 -0.00229224 0.99999 -0.0037477 0.000973515 -0.00243341 0.00374212 0.99999 0.179762
0.999995 0.00213172 0.00232996 -0.00323547 -0.00212326 0.999991 -0.00362623 0.000788166 -0.00233767 0.00362126 0.999991 0.216018
0.999995 0.0019186 0.00236135 -0.00326135 -0.00190951 0.999991 -0.00384574 0.000637385 -0.00236871 0.00384122 0.99999 0.244268
0.999996 0.00236472 0.00180849 -0.00431342 -0.00235794 0.99999 -0.00374556 0.000804205 -0.00181733 0.00374128 0.999991 0.264481
0.99999 0.00332609 0.00290303 -0.00449148 -0.00331964 0.999992 -0.00222302 0.000281379 -0.0029104 0.00221336 0.999993 0.281414
0.999991 0.0029608 0.00287275 -0.00604662 -0.0029541 0.999993 -0.00233248 -0.000592233 -0.00287964 0.00232398 0.999993 0.290727
0.999991 0.00323819 0.00276252 -0.00624956 -0.00323157 0.999992 -0.00239609 -0.000455017 -0.00277026 0.00238714 0.999993 0.298946
0.999991 0.00329954 0.00263752 -0.00615745 -0.00329345 0.999992 -0.00231037 -0.000598454 -0.00264512 0.00230166 0.999994 0.304386
0.999991 0.00285429 0.00314433 -0.00600377 -0.00284721 0.999993 -0.00225404 -0.00047464 -0.00315074 0.00224507 0.999993 0.308487
0.999992 0.00226017 0.0033501 -0.00499831 -0.00225591 0.999997 -0.00127695 -0.000158657 -0.00335298 0.00126938 0.999994 0.312191
0.999992 0.0025085 0.00319431 -0.00461787 -0.00250431 0.999996 -0.00131284 -0.000108285 -0.00319759 0.00130483 0.999994 0.314233
0.999993 0.00218587 0.00297825 -0.0047322 -0.00218179 0.999997 -0.00137257 -0.000619796 -0.00298124 0.00136606 0.999995 0.315511
0.999993 0.00203387 0.00304825 -0.00465887 -0.00203021 0.999997 -0.00120326 -0.000510625 -0.00305069 0.00119706 0.999995 0.316716
0.999993 0.00211799 0.00311779 -0.00455907 -0.00211386 0.999997 -0.00132859 -0.000632441 -0.0031206 0.00132199 0.999994 0.317314
0.999993 0.00206314 0.00315789 -0.00454309 -0.0020595 0.999997 -0.0011543 -0.000477002 -0.00316026 0.00114779 0.999994 0.318152
0.999993 0.00205995 0.00323924 -0.00466096 -0.0020559 0.999997 -0.00125191 -0.000496713 -0.00324181 0.00124524 0.999994 0.318431
0.999993 0.00207668 0.00321153 -0.00488043 -0.00207244 0.999997 -0.00132315 -0.000619014 -0.00321426 0.00131648 0.999994 0.318576
0.999993 0.00206571 0.00312786 -0.00478116 -0.00206155 0.999997 -0.00133545 -0.000507605 -0.00313061 0.00132899 0.999994 0.318934
0.999993 0.00203281 0.00315493 -0.00482071 -0.00202867 0.999997 -0.0013154 -0.000540719 -0.0031576 0.00130899 0.999994 0.319137
0.999993 0.0020563 0.00325481 -0.00489308 -0.00205218 0.999997 -0.00126869 -0.000565828 -0.00325741 0.001262 0.999994 0.319238
0.999993 0.00200043 0.00321271 -0.00492216 -0.00199626 0.999997 -0.00130226 -0.000496603 -0.0032153 0.00129584 0.999994 0.319253
0.999993 0.00200419 0.00325016 -0.00488879 -0.00199988 0.999997 -0.00132825 -0.000465592 -0.00325282 0.00132174 0.999994 0.319319
0.999993 0.00202975 0.00312451 -0.00486154 -0.0020259 0.999997 -0.00123643 -0.000531122 -0.00312701 0.00123009 0.999994 0.31934
0.999993 0.0020478 0.00325342 -0.00488794 -0.0020435 0.999997 -0.00132428 -0.000426625 -0.00325612 0.00131762 0.999994 0.319375
0.999993 0.00205206 0.00312167 -0.00476928 -0.00204809 0.999997 -0.00127579 -0.000445115 -0.00312428 0.00126939 0.999994 0.319419
0.999993 0.00194499 0.00313046 -0.00474897 -0.00194092 0.999997 -0.00130051 -0.000455621 -0.00313298 0.00129443 0.999994 0.319414
0.999993 0.00206865 0.00315241 -0.00478524 -0.00206471 0.999997 -0.00125106 -0.000509981 -0.00315499 0.00124454 0.999994 0.319411
0.999993 0.00209015 0.0032354 -0.00489954 -0.00208582 0.999997 -0.00134027 -0.00049119 -0.00323819 0.00133351 0.999994 0.319333
0.999993 0.00203158 0.00316327 -0.00480177 -0.0020276 0.999997 -0.00126109 -0.000526482 -0.00316582 0.00125466 0.999994 0.319431
0.999993 0.00202792 0.00324781 -0.00484269 -0.00202372 0.999997 -0.00129575 -0.000529775 -0.00325042 0.00128917 0.999994 0.319355
0.999993 0.00205481 0.00315126 -0.00479967 -0.00205095 0.999997 -0.00122517 -0.000519706 -0.00315377 0.0012187 0.999994 0.319439
0.999993 0.00202272 0.00314395 -0.00476796 -0.00201886 0.999997 -0.00122911 -0.000516273 -0.00314643 0.00122276 0.999994 0.319455
0.999993 0.00191208 0.00316748 -0.00468953 -0.00190813 0.999997 -0.00124827 -0.000498389 -0.00316986 0.00124222 0.999994 0.31948
0.999993 0.00204655 0.00322894 -0.0048303 -0.00204233 0.999997 -0.00130953 -0.000508502 -0.00323161 0.00130293 0.999994 0.319368
0.999993 0.0020513 0.00319564 -0.00481987 -0.00204708 0.999997 -0.00132232 -0.000469557 -0.00319835 0.00131577 0.999994 0.319386
0.999993 0.00188347 0.00313977 -0.00472431 -0.0018796 0.999997 -0.00123357 -0.000497723 -0.00314209 0.00122766 0.999994 0.319524
0.999993 0.00201219 0.00315299 -0.00475555 -0.00200855 0.999997 -0.00115694 -0.000515021 -0.00315531 0.0011506 0.999994 0.319486
0.999993 0.00197226 0.00314569 -0.00472448 -0.0019683 0.999997 -0.00126 -0.000490852 -0.00314817 0.0012538 0.999994 0.319369
0.999993 0.00203136 0.00321218 -0.00484568 -0.00202727 0.999997 -0.00127655 -0.000513932 -0.00321476 0.00127003 0.999994 0.319358
0.999993 0.00202052 0.00310431 -0.00474795 -0.00201673 0.999997 -0.00122395 -0.000515291 -0.00310678 0.00121768 0.999994 0.319436
0.999993 0.00201216 0.0031038 -0.0047472 -0.00200841 0.999997 -0.0012123 -0.000508208 -0.00310623 0.00120606 0.999994 0.319445
0.999993 0.00204507 0.0032249 -0.00482786 -0.00204091 0.999997 -0.00129333 -0.00047578 -0.00322753 0.00128674 0.999994 0.319391
0.999993 0.00201778 0.00322743 -0.00483231 -0.00201356 0.999997 -0.00130855 -0.000505851 -0.00323006 0.00130204 0.999994 0.319365
0.999993 0.00198577 0.00312768 -0.00471087 -0.00198196 0.999997 -0.00121953 -0.000498673 -0.00313009 0.00121333 0.999994 0.319487
0.999993 0.0020743 0.00323581 -0.00482928 -0.00207011 0.999997 -0.00129874 -0.000498788 -0.00323849 0.00129203 0.999994 0.319373
0.999993 0.00211302 0.00319896 -0.00480527 -0.00210888 0.999997 -0.00129587 -0.00051812 -0.00320169 0.00128911 0.999994 0.31936
0.999993 0.00209441 0.00317875 -0.00476905 -0.00209052 0.999997 -0.00122718 -0.000484729 -0.00318131 0.00122053 0.999994 0.319457
0.999993 0.00206335 0.00320881 -0.00484774 -0.00205919 0.999997 -0.00129962 -0.000484669 -0.00321149 0.00129301 0.999994 0.319387
0.999993 0.00203929 0.00326731 -0.00481882 -0.00203511 0.999997 -0.00128284 -0.000509229 -0.00326992 0.00127618 0.999994 0.319395
0.999993 0.00203929 0.00326731 -0.00481882 -0.00203511 0.999997 -0.00128284 -0.000509229 -0.00326992 0.00127618 0.999994 0.319395
0.999993 0.00206462 0.00317509 -0.00477251 -0.00206078 0.999997 -0.00121059 -0.000503372 -0.00317758 0.00120404 0.999994 0.319461
0.999992 0.00208233 0.00328376 -0.00488661 -0.00207803 0.999997 -0.00131255 -0.000464168 -0.00328648 0.00130572 0.999994 0.31938
0.999993 0.00226403 0.00295442 -0.00472722 -0.00226046 0.999997 -0.00121274 -0.00056832 -0.00295715 0.00120605 0.999995 0.319823
0.999992 0.00248842 0.00312101 -0.00418848 -0.00248439 0.999996 -0.00129305 -0.00059203 -0.00312422 0.00128529 0.999994 0.327407
0.999993 0.00239287 0.00287931 -0.00497415 -0.00238873 0.999996 -0.0014396 -0.000833207 -0.00288275 0.00143271 0.999995 0.347397
0.999993 0.00250591 0.00280992 -0.00523911 -0.00250192 0.999996 -0.00142243 -0.000691876 -0.00281347 0.00141539 0.999995 0.370411
0.999992 0.00228687 0.00332188 -0.00402913 -0.00228234 0.999996 -0.00136684 -0.000674799 -0.003325 0.00135925 0.999994 0.399237
0.999993 0.00290096 0.00228721 -0.00409662 -0.00289457 0.999992 -0.00279073 9.83176e-05 -0.00229529 0.00278409 0.999993 0.429891
0.999993 0.00285498 0.0023842 -0.00399852 -0.00284832 0.999992 -0.0027922 -2.71459e-05 -0.00239215 0.00278539 0.999993 0.455442
0.999993 0.00298256 0.00216127 -0.00437672 -0.00297584 0.999991 -0.00310592 7.87113e-05 -0.00217052 0.00309946 0.999993 0.483185
0.999994 0.00275465 0.00216692 -0.00480993 -0.00274751 0.999991 -0.00328921 -0.000657477 -0.00217596 0.00328324 0.999992 0.513934
0.999993 0.00277583 0.00231309 -0.00525847 -0.00276788 0.99999 -0.00343141 -0.000176023 -0.0023226 0.00342499 0.999991 0.548268
0.999982 0.00457953 0.00381089 -0.00591956 -0.00457081 0.999987 -0.00229301 -0.00206778 -0.00382134 0.00227555 0.99999 0.579826
0.999983 0.00453965 0.00379175 -0.0060021 -0.00453081 0.999987 -0.00233701 -0.00190051 -0.00380231 0.00231979 0.99999 0.607298
0.999983 0.0042931 0.00388952 -0.00547464 -0.00428436 0.999988 -0.00225156 -0.00212366 -0.00389914 0.00223485 0.99999 0.627981
0.999984 0.00416284 0.00378748 -0.00586239 -0.00415445 0.999989 -0.00222043 -0.00186618 -0.00379668 0.00220466 0.99999 0.651141
0.999984 0.00434735 0.00371436 -0.00565182 -0.00433921 0.999988 -0.00219641 -0.00156252 -0.00372387 0.00218025 0.999991 0.679605
0.999983 0.00467246 0.00342012 -0.00503832 -0.00466726 0.999988 -0.00152491 -0.00292412 -0.0034272 0.00150892 0.999993 0.70952
0.999983 0.00478074 0.00344371 -0.00508711 -0.00477554 0.999987 -0.00151724 -0.00337023 -0.00345092 0.00150076 0.999993 0.743055
0.999983 0.00464902 0.00341124 -0.00492048 -0.0046443 0.999988 -0.00138972 -0.00327311 -0.00341766 0.00137385 0.999993 0.778207
0.999984 0.00435001 0.00361458 -0.00457074 -0.00434507 0.99999 -0.00137428 -0.00334008 -0.00362052 0.00135855 0.999993 0.806662
0.999983 0.004689 0.00360734 -0.00469274 -0.00468406 0.999988 -0.00137442 -0.00375785 -0.00361375 0.0013575 0.999993 0.825621
0.99998 0.00511287 0.00375157 -0.00510747 -0.00511557 0.999987 0.000711268 -0.00564552 -0.00374788 -0.000730445 0.999993 0.84142
0.999979 0.00519432 0.00375714 -0.00511546 -0.00519627 0.999986 0.000509354 -0.00521998 -0.00375444 -0.000528867 0.999993 0.852093
0.999979 0.00526601 0.00374795 -0.00475519 -0.00526881 0.999986 0.000739311 -0.00564447 -0.00374401 -0.000759043 0.999993 0.85888
0.999977 0.00573873 0.00373047 -0.00496201 -0.00574287 0.999983 0.00109879 -0.00575232 -0.0037241 -0.00112019 0.999992 0.8643
0.999979 0.00534303 0.0036917 -0.00481272 -0.00534614 0.999985 0.000833514 -0.0057491 -0.00368719 -0.000853233 0.999993 0.868232
0.999975 0.00553315 0.00449126 -0.00535853 -0.00553555 0.999985 0.000522934 -0.00510894 -0.0044883 -0.000547782 0.99999 0.871448
0.999973 0.00587411 0.00441716 -0.00535513 -0.00587626 0.999983 0.000474853 -0.00501107 -0.00441429 -0.000500797 0.99999 0.873554
0.999974 0.00584801 0.00418272 -0.00531157 -0.0058501 0.999983 0.000487799 -0.00503833 -0.0041798 -0.000512255 0.999991 0.875385
0.999975 0.00576883 0.00418798 -0.00531061 -0.00577081 0.999983 0.00045898 -0.00527553 -0.00418526 -0.000483137 0.999991 0.875745
0.999975 0.00566543 0.00412092 -0.00549159 -0.00566704 0.999984 0.000379203 -0.00538157 -0.00411871 -0.000402548 0.999991 0.876301
0.999976 0.00551608 0.00422854 -0.00549437 -0.00551765 0.999985 0.000359728 -0.00536352 -0.00422649 -0.000383051 0.999991 0.876849
0.999976 0.00540431 0.00425045 -0.00562451 -0.00540637 0.999985 0.000471506 -0.00549029 -0.00424784 -0.000494474 0.999991 0.877285
0.999976 0.00547683 0.00428479 -0.00550728 -0.00547828 0.999985 0.000326426 -0.00538263 -0.00428294 -0.000349891 0.999991 0.877617
0.999976 0.0053961 0.00426583 -0.00546325 -0.00539798 0.999985 0.00042938 -0.00539502 -0.00426345 -0.000452397 0.999991 0.877926
0.999978 0.00524291 0.00397456 -0.00514424 -0.00524306 0.999986 2.70818e-05 -0.00504431 -0.00397436 -4.79201e-05 0.999992 0.878052
0.999979 0.00515066 0.00401317 -0.00535172 -0.00515103 0.999987 8.11225e-05 -0.00505892 -0.0040127 -0.000101793 0.999992 0.878325
0.999978 0.00515815 0.00413548 -0.00543423 -0.00515872 0.999987 0.000129253 -0.00505807 -0.00413476 -0.000150584 0.999991 0.878379
0.99998 0.0049791 0.00398169 -0.00517748 -0.00497975 0.999988 0.000154465 -0.00518973 -0.00398088 -0.000174289 0.999992 0.878326
0.999979 0.00511964 0.00392606 -0.00512216 -0.0051204 0.999987 0.000183101 -0.00525225 -0.00392507 -0.000203201 0.999992 0.878321
0.999979 0.00507865 0.00396369 -0.00522206 -0.00507912 0.999987 0.000107685 -0.00526409 -0.0039631 -0.000127815 0.999992 0.878292
0.999979 0.00509133 0.00389537 -0.0051778 -0.005092 0.999987 0.000162597 -0.00529599 -0.00389449 -0.000182428 0.999992 0.878341
0.99998 0.00503727 0.00391103 -0.00519095 -0.00503803 0.999987 0.000184891 -0.00529191 -0.00391004 -0.000204591 0.999992 0.87837
0.999979 0.0050768 0.00393101 -0.0051136 -0.00507766 0.999987 0.000208771 -0.00529572 -0.0039299 -0.000228727 0.999992 0.878364
0.99998 0.00502574 0.00390057 -0.00521479 -0.00502654 0.999987 0.000195845 -0.00529931 -0.00389953 -0.000215448 0.999992 0.878328
0.999979 0.00511782 0.00397438 -0.00523202 -0.00511866 0.999987 0.000200932 -0.005252 -0.0039733 -0.000221271 0.999992 0.87837
0.999979 0.00509519 0.00392614 -0.0052176 -0.00509605 0.999987 0.000209353 -0.00528287 -0.00392502 -0.000229356 0.999992 0.878315
0.999979 0.00506308 0.00392929 -0.00518365 -0.00506377 0.999987 0.000166505 -0.00527899 -0.0039284 -0.000186398 0.999992 0.878301
0.999979 0.00512378 0.00392587 -0.00520924 -0.00512471 0.999987 0.000227025 -0.00528493 -0.00392465 -0.000247139 0.999992 0.878355
0.999979 0.00512315 0.00398726 -0.00522607 -0.00512401 0.999987 0.000205224 -0.00527666 -0.00398615 -0.00022565 0.999992 0.878356
0.999979 0.00507579 0.00392983 -0.00519252 -0.0050766 0.999987 0.000194303 -0.0052749 -0.00392879 -0.000214249 0.999992 0.878361
0.999979 0.00507534 0.00392834 -0.00511596 -0.00507602 0.999987 0.000163648 -0.00525773 -0.00392746 -0.000183585 0.999992 0.878432
0.999979 0.0050956 0.00395114 -0.00519791 -0.00509631 0.999987 0.000169347 -0.00526222 -0.00395023 -0.00018948 0.999992 0.878382
0.999979 0.00508059 0.00397632 -0.00525231 -0.00508138 0.999987 0.000186725 -0.00528742 -0.00397532 -0.000206926 0.999992 0.878342
0.999979 0.00510319 0.00392527 -0.00519117 -0.00510394 0.999987 0.000181004 -0.00526329 -0.0039243 -0.000201035 0.999992 0.878366
0.999979 0.00507228 0.00395556 -0.00523318 -0.00507306 0.999987 0.00018789 -0.00528297 -0.00395456 -0.000207953 0.999992 0.878343
0.999979 0.00515879 0.00395578 -0.00521797 -0.00515953 0.999987 0.000178042 -0.00526382 -0.0039548 -0.000198448 0.999992 0.87835
0.999979 0.00506716 0.00393152 -0.00523213 -0.00506799 0.999987 0.00019945 -0.00528244 -0.00393046 -0.000219371 0.999992 0.878346
0.999979 0.00515302 0.00396464 -0.00519765 -0.00515375 0.999987 0.000173526 -0.00525691 -0.00396369 -0.000193955 0.999992 0.878367
0.999979 0.00506912 0.00397414 -0.0051925 -0.00506991 0.999987 0.000188 -0.00527578 -0.00397314 -0.000208144 0.999992 0.878428
0.999979 0.00506491 0.00396723 -0.00518462 -0.00506565 0.999987 0.000178857 -0.00526994 -0.00396627 -0.00019895 0.999992 0.878428
0.999979 0.00506491 0.00396723 -0.00518462 -0.00506565 0.999987 0.000178857 -0.00526994 -0.00396627 -0.00019895 0.999992 0.878428
0.999979 0.00506491 0.00396723 -0.00518462 -0.00506565 0.999987 0.000178857 -0.00526994 -0.00396627 -0.00019895 0.999992 0.878428
0.999979 0.00507393 0.00397188 -0.00518262 -0.00507469 0.999987 0.000182248 -0.00526669 -0.0039709 -0.0002024 0.999992 0.878434
0.999979 0.00507393 0.00397188 -0.00518262 -0.00507469 0.999987 0.000182248 -0.00526669 -0.0039709 -0.0002024 0.999992 0.878434
0.999979 0.00507393 0.00397188 -0.00518262 -0.00507469 0.999987 0.000182248 -0.00526669 -0.0039709 -0.0002024 0.999992 0.878434
0.999979 0.00508429 0.00392133 -0.00517397 -0.00508499 0.999987 0.000169776 -0.00527859 -0.00392042 -0.000189713 0.999992 0.878344
0.999979 0.00508853 0.003928 -0.00518151 -0.00508927 0.999987 0.000178701 -0.00528435 -0.00392704 -0.000198688 0.999992 0.878344
0.999979 0.00507822 0.00397885 -0.00519048 -0.00507902 0.999987 0.000191492 -0.00527244 -0.00397782 -0.000211696 0.999992 0.878434
0.999979 0.00507393 0.00397188 -0.00518262 -0.00507469 0.999987 0.000182248 -0.00526669 -0.0039709 -0.0002024 0.999992 0.878434
0.999979 0.00507298 0.00393569 -0.00512276 -0.00507368 0.999987 0.000167825 -0.00526769 -0.00393478 -0.00018779 0.999992 0.878432
0.999979 0.00507393 0.00397188 -0.00518262 -0.00507469 0.999987 0.000182248 -0.00526669 -0.0039709 -0.0002024 0.999992 0.878434
0.999979 0.00508771 0.00391866 -0.0051746 -0.00508848 0.999987 0.000186596 -0.00526318 -0.00391766 -0.000206532 0.999992 0.878357
0.999979 0.00507822 0.00397885 -0.00519048 -0.00507902 0.999987 0.000191492 -0.00527244 -0.00397782 -0.000211696 0.999992 0.878434
0.999979 0.00509224 0.00391557 -0.00517633 -0.00509301 0.999987 0.000187556 -0.00526292 -0.00391457 -0.000207494 0.999992 0.87836
0.999979 0.00508296 0.00397381 -0.00519334 -0.0050837 0.999987 0.000178291 -0.00528963 -0.00397286 -0.000198489 0.999992 0.878422
0.999979 0.00507874 0.0039669 -0.00518545 -0.00507945 0.999987 0.000169161 -0.0052838 -0.00396599 -0.000189307 0.999992 0.878421
0.999979 0.00509668 0.00395241 -0.00519763 -0.00509739 0.999987 0.000171821 -0.00527904 -0.00395149 -0.000191964 0.999992 0.878366
0.999979 0.00509668 0.00395241 -0.00519763 -0.00509739 0.999987 0.000171821 -0.00527904 -0.00395149 -0.000191964 0.999992 0.878366
0.999979 0.00508296 0.00397381 -0.00519334 -0.0050837 0.999987 0.000178291 -0.00528963 -0.00397286 -0.000198489 0.999992 0.878422
0.999979 0.00510214 0.00394924 -0.0051977 -0.00510292 0.999987 0.000187872 -0.00526538 -0.00394823 -0.000208021 0.999992 0.878376
0.999979 0.00508296 0.00397381 -0.00519334 -0.0050837 0.999987 0.000178291 -0.00528963 -0.00397286 -0.000198489 0.999992 0.878422
0.999979 0.00508275 0.00396237 -0.00517847 -0.00508345 0.999987 0.000166979 -0.00528069 -0.00396147 -0.000187118 0.999992 0.87842
0.999979 0.00508275 0.00396237 -0.00517847 -0.00508345 0.999987 0.000166979 -0.00528069 -0.00396147 -0.000187118 0.999992 0.87842
0.999978 0.00514248 0.00413602 -0.00509238 -0.00514278 0.999987 6.21564e-05 -0.00529555 -0.00413564 -8.34257e-05 0.999991 0.878901
0.999979 0.00530217 0.00376981 -0.00543629 -0.00530161 0.999986 -0.000158074 -0.00518616 -0.00377059 0.000138085 0.999993 0.888318
0.99998 0.00495766 0.00398708 -0.00490393 -0.00496147 0.999987 0.000946845 -0.00558633 -0.00398234 -0.000966607 0.999992 0.905608
0.99998 0.00502899 0.00372335 -0.00482176 -0.00503273 0.999987 0.000995222 -0.00558263 -0.0037183 -0.00101394 0.999993 0.929708
0.99998 0.00485838 0.00413968 -0.00467345 -0.00486203 0.999988 0.000870359 -0.00599649 -0.0041354 -0.000890468 0.999991 0.957479
0.999979 0.00493699 0.00421425 -0.00480171 -0.00493989 0.999988 0.00067803 -0.00562304 -0.00421085 -0.000698833 0.999991 0.980949
0.999979 0.00504339 0.00415149 -0.00476753 -0.00504653 0.999987 0.000745409 -0.0052134 -0.00414768 -0.000766344 0.999991 1.00645
0.999977 0.00481797 0.00473035 -0.00510425 -0.00482649 0.999987 0.00179193 -0.00749045 -0.00472165 -0.00181472 0.999987 1.03488
0.999977 0.00483101 0.00469814 -0.00482007 -0.00483971 0.999987 0.0018434 -0.00683525 -0.00468917 -0.00186609 0.999987 1.06794
0.999977 0.00481053 0.00483239 -0.00401481 -0.00481908 0.999987 0.00176004 -0.0067924 -0.00482386 -0.00178329 0.999987 1.10145
0.999976 0.00477123 0.00494405 -0.00462219 -0.00477924 0.999987 0.00161041 -0.00728564 -0.0049363 -0.001634 0.999986 1.13669
0.999974 0.00520465 0.00500116 -0.0040412 -0.00521364 0.999985 0.00178526 -0.00757295 -0.0049918 -0.00181129 0.999986 1.16419
0.999964 0.00472118 0.00702782 -0.00797148 -0.00474061 0.999985 0.00275017 -0.00954129 -0.00701473 -0.00278339 0.999972 1.18632
0.999962 0.00478328 0.00723226 -0.00788126 -0.00480428 0.999984 0.00288916 -0.00923813 -0.00721832 -0.00292379 0.99997 1.21012
0.999962 0.00466681 0.00741367 -0.00748369 -0.00468767 0.999985 0.00279796 -0.00904909 -0.00740051 -0.00283261 0.999969 1.23894
0.999962 0.00478317 0.00734311 -0.0073169 -0.00480386 0.999985 0.00280184 -0.00911707 -0.0073296 -0.00283701 0.999969 1.2707
0.999963 0.00459759 0.00725693 -0.00703457 -0.00461965 0.999985 0.0030259 -0.00852077 -0.00724291 -0.00305931 0.999969 1.30339
0.999964 0.00532413 0.00661584 -0.0061459 -0.00533477 0.999985 0.00159134 -0.0077988 -0.00660727 -0.00162658 0.999977 1.33088
0.999964 0.00532417 0.00659747 -0.00595996 -0.00533427 0.999985 0.00151362 -0.00746236 -0.00658931 -0.00154876 0.999977 1.35046
0.999965 0.00512396 0.0065643 -0.00619849 -0.00513504 0.999985 0.00167152 -0.00779066 -0.00655563 -0.00170517 0.999977 1.37308
0.999963 0.00528255 0.00674757 -0.00555843 -0.00529374 0.999985 0.00164147 -0.00791036 -0.00673879 -0.00167713 0.999976 1.39984
0.999963 0.00533512 0.00668001 -0.00501871 -0.00534703 0.999984 0.00176564 -0.0078214 -0.00667048 -0.00180129 0.999976 1.43144
0.999957 0.00534773 0.00762669 -0.00624432 -0.00537202 0.999981 0.00316821 -0.0090802 -0.0076096 -0.00320904 0.999966 1.46489
0.99996 0.00522225 0.00722441 -0.00616082 -0.00524399 0.999982 0.00299342 -0.00882865 -0.00720865 -0.00303118 0.999969 1.49084
0.999954 0.00596013 0.00753991 -0.00605034 -0.00598334 0.999977 0.00305973 -0.00828873 -0.00752151 -0.0031047 0.999967 1.51077
0.999959 0.00498998 0.0075068 -0.00581858 -0.00501086 0.999984 0.00276519 -0.00879851 -0.00749288 -0.00280269 0.999968 1.5333
0.99996 0.00482824 0.00757589 -0.00593073 -0.00485055 0.999984 0.00292939 -0.00866742 -0.00756162 -0.00296601 0.999967 1.56093
0.999964 0.00508755 0.00677451 -0.00433158 -0.00509845 0.999986 0.00159303 -0.00839151 -0.00676631 -0.00162751 0.999976 1.59034
0.999966 0.0051042 0.00653114 -0.00413798 -0.00511489 0.999986 0.00162085 -0.00815872 -0.00652277 -0.0016542 0.999977 1.62343
0.999966 0.00506454 0.00649058 -0.00404113 -0.00507306 0.999986 0.00129574 -0.00846945 -0.00648393 -0.00132862 0.999978 1.6591
0.999962 0.00534603 0.00685397 -0.00354042 -0.00535526 0.999985 0.00132809 -0.00798409 -0.00684677 -0.00136474 0.999976 1.69618
0.999965 0.00498334 0.00671193 -0.00390348 -0.00499044 0.999987 0.00104145 -0.00823422 -0.00670665 -0.00107491 0.999977 1.73435
0.999955 0.00581961 0.00745126 -0.00463968 -0.00583511 0.999981 0.00206001 -0.00905798 -0.00743913 -0.00210339 0.99997 1.77008
0.999957 0.00555225 0.00744368 -0.00440037 -0.00556604 0.999983 0.00183365 -0.00907388 -0.00743337 -0.001875 0.999971 1.80828
0.999958 0.00570072 0.00711296 -0.00411918 -0.00571381 0.999982 0.0018212 -0.0087426 -0.00710245 -0.00186177 0.999973 1.83882
0.999959 0.00556818 0.00714591 -0.00382631 -0.00558013 0.999983 0.00165415 -0.00932325 -0.00713658 -0.00169396 0.999973 1.86093
0.999962 0.00530249 0.00695285 -0.00405346 -0.00531577 0.999984 0.00189376 -0.0089044 -0.0069427 -0.00193065 0.999974 1.88519
0.999959 0.00415011 0.00801097 -0.00464005 -0.00416455 0.99999 0.00178592 -0.0096431 -0.00800347 -0.00181921 0.999966 1.91271
0.999957 0.0045523 0.00807457 -0.0046314 -0.00456507 0.999988 0.00156362 -0.00938422 -0.00806736 -0.00160041 0.999966 1.94465
0.999959 0.00426548 0.00801468 -0.00429501 -0.00427847 0.99999 0.00160498 -0.00970807 -0.00800775 -0.00163921 0.999967 1.9788
0.999959 0.00374054 0.00821681 -0.00429755 -0.00375539 0.999991 0.00179177 -0.00949289 -0.00821003 -0.00182256 0.999965 2.01403
0.99996 0.00356414 0.00815474 -0.00394556 -0.00357781 0.999992 0.00166277 -0.00927423 -0.00814875 -0.00169188 0.999965 2.04264
0.999953 0.00186682 0.00951158 -0.00393014 -0.00187716 0.999998 0.00107895 -0.00781757 -0.00950954 -0.00109675 0.999954 2.07145
0.99996 0.000973508 0.00887072 -0.00468684 -0.000982536 0.999999 0.00101352 -0.00748426 -0.00886973 -0.0010222 0.99996 2.10269
0.999953 0.00139228 0.00960073 -0.00346649 -0.00140439 0.999998 0.00125401 -0.00800637 -0.00959897 -0.00126743 0.999953 2.13813
0.999954 0.00161425 0.00943136 -0.0037914 -0.00163214 0.999997 0.00188924 -0.00750702 -0.00942828 -0.00190455 0.999954 2.17475
0.999959 0.00144713 0.00888891 -0.00333211 -0.00145769 0.999998 0.00118158 -0.00783219 -0.00888718 -0.00119449 0.99996 2.21171
0.999966 0.00289742 0.00773887 0.000185613 -0.00292999 0.999987 0.00420108 -0.0110215 -0.0077266 -0.00422362 0.999961 2.24901
0.999967 0.00272767 0.00765439 0.000602263 -0.00275864 0.999988 0.00403735 -0.0108098 -0.00764329 -0.00405834 0.999963 2.28725
0.999968 0.00247446 0.00755213 0.000332689 -0.00250034 0.999991 0.00341906 -0.0109156 -0.0075436 -0.00343783 0.999966 2.3267
0.999968 0.00191046 0.00780995 0.000683918 -0.00194054 0.999991 0.00384649 -0.0105631 -0.00780253 -0.00386152 0.999962 2.36578
0.99995 0.00318207 0.00946002 -0.000926511 -0.00320416 0.999992 0.00232111 -0.00899272 -0.00945256 -0.00235131 0.999953 2.40432
0.999947 0.00319395 0.00975646 -0.000701541 -0.00321783 0.999992 0.0024326 -0.0087692 -0.00974861 -0.00246386 0.999949 2.43548
0.999946 0.00331247 0.00987816 -0.000384828 -0.003332 0.999993 0.00196141 -0.00852665 -0.00987159 -0.00199422 0.999949 2.4665
0.999951 0.00313637 0.00940058 -0.000491976 -0.00315564 0.999993 0.00203661 -0.00827992 -0.00939412 -0.00206617 0.999954 2.49989
0.999952 0.00261736 0.00939635 0.000184453 -0.00263496 0.999995 0.00186145 -0.00886062 -0.00939143 -0.00188612 0.999954 2.53607
0.999961 0.00360001 0.00807765 0.00162296 -0.00362159 0.99999 0.002659 -0.00973357 -0.008068 -0.00268815 0.999964 2.57367
0.99996 0.00355424 0.00822434 0.00133654 -0.00357484 0.999991 0.00249227 -0.00955286 -0.00821541 -0.00252157 0.999963 2.61057
0.999959 0.00352317 0.00834693 0.00130645 -0.00354549 0.99999 0.00266036 -0.00901358 -0.00833747 -0.00268985 0.999962 2.64049
0.999961 0.00326714 0.0082435 0.00216479 -0.00328712 0.999992 0.00241084 -0.00948444 -0.00823556 -0.00243785 0.999963 2.67038
0.999959 0.00361874 0.00834582 0.00191593 -0.00363777 0.999991 0.00226634 -0.0100475 -0.00833754 -0.0022966 0.999963 2.70282
0.999966 0.00458916 0.00683032 0.0037881 -0.00460336 0.999987 0.0020639 -0.00977592 -0.00682076 -0.00209527 0.999975 2.73984
0.999967 0.00444877 0.00676395 0.0038944 -0.00446327 0.999988 0.00213016 -0.00947985 -0.0067544 -0.00216028 0.999975 2.77631
0.99997 0.00414395 0.0065027 0.00152994 -0.00415763 0.999989 0.0020927 -0.00858049 -0.00649396 -0.00211968 0.999977 2.81062
0.999967 0.00426667 0.00685942 0.00403516 -0.00428171 0.999988 0.00217932 -0.00960629 -0.00685005 -0.00220862 0.999974 2.84158
0.999963 0.00528076 0.0068114 0.0040084 -0.00529446 0.999984 0.00199542 -0.00930139 -0.00680075 -0.00203141 0.999975 2.86363
0.999963 0.00484957 0.0071275 0.00347247 -0.00486048 0.999987 0.00151335 -0.00902968 -0.00712007 -0.00154794 0.999973 2.88732
0.999962 0.00490573 0.0071377 0.00343785 -0.0049175 0.999987 0.0016321 -0.00896574 -0.0071296 -0.00166714 0.999973 2.91582
0.999962 0.00471269 0.00734723 0.00408568 -0.0047267 0.999987 0.00189125 -0.00892377 -0.00733822 -0.00192591 0.999971 2.94811
0.999964 0.00462679 0.00712859 0.00403831 -0.00463742 0.999988 0.00147485 -0.00878288 -0.00712168 -0.00150785 0.999974 2.98164
0.999962 0.00444972 0.00745403 0.00384997 -0.00446384 0.999988 0.00187884 -0.00854515 -0.00744558 -0.00191205 0.99997 3.01683
0.999952 0.00333394 0.00926044 0.00408391 -0.00334859 0.999993 0.00156669 -0.00812492 -0.00925515 -0.00159762 0.999956 3.0463
0.99997 0.00439927 0.00642722 0.00473646 -0.00440669 0.99999 0.00114016 -0.00794328 -0.00642214 -0.00116845 0.999979 3.07903
0.999961 0.00304764 0.00828343 0.0051166 -0.00305772 0.999995 0.00120404 -0.00806954 -0.00827971 -0.00122932 0.999965 3.10747
0.999959 0.00331224 0.00845079 0.00529244 -0.00332778 0.999993 0.00182548 -0.00752884 -0.00844468 -0.00185352 0.999963 3.14196
0.999964 0.00224915 0.00821769 0.00616506 -0.00225918 0.999997 0.00121119 -0.00799943 -0.00821494 -0.00122971 0.999966 3.17666
0.999953 0.00292059 0.0092786 0.00620049 -0.00294359 0.999993 0.00246574 -0.00809013 -0.00927133 -0.00249294 0.999954 3.21462
0.99995 0.0032667 0.00941185 0.00609089 -0.00328952 0.999992 0.00241066 -0.00785054 -0.0094039 -0.0024415 0.999953 3.24384
0.999959 0.00306677 0.00856413 0.00704565 -0.00308381 0.999993 0.00197666 -0.00780972 -0.00855801 -0.00200299 0.999961 3.27478
0.999955 0.00289209 0.00902374 0.00719316 -0.00291392 0.999993 0.00240712 -0.00750971 -0.00901672 -0.0024333 0.999956 3.30631
0.999957 0.0031334 0.0087746 0.00669494 -0.00315139 0.999993 0.00203647 -0.00765399 -0.00876816 -0.00206403 0.999959 3.34085
0.999951 0.00327284 0.00932543 0.00748042 -0.00328842 0.999993 0.00165588 -0.00739038 -0.00931995 -0.00168646 0.999955 3.37629
0.99995 0.00304502 0.00956093 0.00777004 -0.00305901 0.999994 0.00144887 -0.007151 -0.00955647 -0.00147804 0.999953 3.41275
0.999951 0.00324089 0.00934902 0.0079202 -0.00325562 0.999993 0.00156048 -0.00701097 -0.00934391 -0.00159084 0.999955 3.44233
0.999951 0.0028786 0.00950621 0.00818078 -0.0028908 0.999995 0.00127045 -0.00723518 -0.00950251 -0.00129786 0.999954 3.47271
0.999952 0.0021127 0.00961647 0.00883506 -0.0021272 0.999997 0.00149819 -0.0074499 -0.00961327 -0.00151858 0.999953 3.50571
0.99995 0.00300726 0.0095688 0.00805703 -0.00301796 0.999995 0.00110384 -0.00689037 -0.00956543 -0.00113267 0.999954 3.5401
0.999945 0.0034131 0.00994614 0.00915744 -0.00342587 0.999993 0.00126669 -0.00741718 -0.00994175 -0.00130069 0.99995 3.57666
0.999949 0.00262432 0.00973011 0.00870049 -0.00263327 0.999996 0.000907535 -0.00703296 -0.00972769 -0.000933111 0.999952 3.61294
0.99995 0.00259123 0.00966513 0.00893709 -0.00260203 0.999996 0.00110446 -0.00661486 -0.00966223 -0.00112955 0.999953 3.6428
0.99995 0.00282799 0.00963908 0.00919049 -0.00283401 0.999996 0.000610649 -0.00700668 -0.00963731 -0.000637936 0.999953 3.67212
0.999949 0.00337032 0.00950003 0.00867043 -0.00337784 0.999994 0.000775819 -0.00614672 -0.00949736 -0.000807869 0.999955 3.70751
0.999946 0.00357543 0.00974533 0.00879252 -0.00358406 0.999993 0.000867948 -0.00597136 -0.00974216 -0.000902829 0.999952 3.74242
0.999947 0.00469859 0.00921063 0.0082695 -0.00469967 0.999989 9.62169e-05 -0.00572335 -0.00921007 -0.000139499 0.999958 3.77783
0.999966 0.00401755 0.00725368 0.00562091 -0.00404452 0.999985 0.00370744 -0.00172565 -0.00723868 -0.00373665 0.999967 3.80553
0.999963 0.00344104 0.00785744 0.00655905 -0.00346365 0.99999 0.0028654 -0.00257874 -0.0078475 -0.00289251 0.999965 3.82639
0.999956 0.00380988 0.00853752 0.00728247 -0.00382536 0.999991 0.00179848 -0.00341633 -0.0085306 -0.00183106 0.999962 3.84981
0.999957 0.0040308 0.0083361 0.00720605 -0.0040407 0.999991 0.0011715 -0.00382262 -0.00833131 -0.00120513 0.999965 3.87839
0.999959 0.00368602 0.00821136 0.00755551 -0.00369875 0.999992 0.00153557 -0.00364883 -0.00820563 -0.00156588 0.999965 3.91022
0.999962 0.00360994 0.00795055 0.0075478 -0.00361808 0.999993 0.00100981 -0.00405312 -0.00794685 -0.00103853 0.999968 3.9443
0.999962 0.00358538 0.00797233 0.00764158 -0.00359574 0.999993 0.0012853 -0.00372199 -0.00796766 -0.00131392 0.999967 3.97877
0.999962 0.00410025 0.00766319 0.00707328 -0.00411002 0.999991 0.00125926 -0.00342804 -0.00765795 -0.00129071 0.99997 4.00649
0.999962 0.00354535 0.00794942 0.00771893 -0.0035502 0.999994 0.000596432 -0.00428292 -0.00794726 -0.000624632 0.999968 4.02721
0.999963 0.00375449 0.00774093 0.00752027 -0.0037553 0.999993 9.07615e-05 -0.00475549 -0.00774053 -0.000119828 0.99997 4.04193
0.999962 0.00374648 0.00790116 0.00820478 -0.0037523 0.999993 0.000722185 -0.00406922 -0.00789839 -0.000751804 0.999969 4.05149
0.999967 0.00376191 0.00719338 0.00730839 -0.0037635 0.999993 0.000207572 -0.00483928 -0.00719255 -0.000234638 0.999974 4.05952
0.999965 0.00368304 0.00756289 0.00773017 -0.00368618 0.999993 0.000400936 -0.00471786 -0.00756136 -0.0004288 0.999971 4.06472
0.99996 0.00360456 0.00814779 0.00782772 -0.00361352 0.999993 0.00108482 -0.00305954 -0.00814382 -0.00111422 0.999966 4.06913
0.999959 0.00354019 0.00839303 0.00840993 -0.00354816 0.999993 0.000934568 -0.00341396 -0.00838966 -0.000964309 0.999964 4.07174
0.999962 0.00351884 0.00798833 0.00780255 -0.00353078 0.999993 0.00148191 -0.00329253 -0.00798306 -0.00151006 0.999967 4.07369
0.999961 0.00303486 0.00827227 0.00834728 -0.00304811 0.999994 0.00158973 -0.00323918 -0.0082674 -0.00161488 0.999965 4.07528
0.999958 0.00355396 0.00839962 0.00834156 -0.00357224 0.999991 0.00216206 -0.00292159 -0.00839186 -0.00219198 0.999962 4.07646
0.999963 0.00311963 0.007973 0.00791694 -0.00313347 0.999994 0.00172355 -0.00331026 -0.00796757 -0.00174847 0.999967 4.07717
0.999962 0.00353128 0.00796945 0.0078289 -0.00354568 0.999992 0.00179365 -0.00318539 -0.00796305 -0.00182184 0.999967 4.07782
0.999959 0.00359277 0.00832314 0.00803003 -0.00360482 0.999992 0.0014332 -0.00330473 -0.00831793 -0.00146315 0.999964 4.07817
0.999962 0.00369394 0.00785716 0.00774806 -0.00370535 0.999992 0.00143838 -0.00327688 -0.00785179 -0.00146744 0.999968 4.07833
0.999964 0.00376067 0.00763889 0.0075343 -0.00376993 0.999992 0.00119786 -0.00351743 -0.00763433 -0.00122662 0.99997 4.07835
0.999962 0.00353311 0.0080024 0.00790567 -0.00354607 0.999992 0.00160593 -0.00325795 -0.00799667 -0.00163424 0.999967 4.07795
0.999962 0.00313753 0.00814019 0.00804554 -0.00314803 0.999994 0.00127745 -0.00355462 -0.00813613 -0.00130303 0.999966 4.06694
0.999966 0.0034577 0.00752834 0.0071707 -0.00347059 0.999993 0.00170005 -0.00333766 -0.00752241 -0.00172612 0.99997 4.04459
0.999964 0.0032361 0.00790225 0.00748053 -0.00324952 0.999993 0.00168612 -0.00345448 -0.00789674 -0.00171174 0.999967 4.01489
0.999965 0.00323416 0.00770433 0.00724789 -0.00324894 0.999993 0.00190742 -0.00341138 -0.00769811 -0.00193238 0.999969 3.97907
0.999964 0.00320675 0.00790431 0.00727447 -0.00322007 0.999993 0.00167301 -0.00384478 -0.0078989 -0.00169841 0.999967 3.94073
0.999961 0.0032075 0.00824306 0.00756646 -0.00322361 0.999993 0.00194119 -0.00381632 -0.00823677 -0.00196768 0.999964 3.90956
0.999966 0.00374927 0.00739157 0.00628145 -0.00376684 0.99999 0.00236426 -0.0032328 -0.00738263 -0.00239202 0.99997 3.88734
0.999958 0.00417441 0.00810192 0.00708619 -0.00418822 0.99999 0.00168722 -0.00316084 -0.00809479 -0.00172109 0.999966 3.8793
0.999959 0.0038779 0.00815411 0.00703073 -0.00388989 0.999991 0.00145564 -0.00365074 -0.00814839 -0.00148729 0.999966 3.88577
0.999962 0.00312378 0.00813926 0.00736302 -0.00313829 0.999994 0.00177104 -0.00359226 -0.00813367 -0.00179651 0.999965 3.90125
0.999958 0.00395034 0.00823621 0.00746624 -0.00395722 0.999992 0.000819366 -0.00389525 -0.0082329 -0.000851924 0.999966 3.92274
0.999958 0.00374137 0.00840982 0.00768995 -0.0037519 0.999992 0.00123621 -0.00372402 -0.00840512 -0.00126771 0.999964 3.94116
0.999958 0.00408283 0.00826172 0.00759724 -0.00409032 0.999991 0.00089013 -0.00405169 -0.00825801 -0.000923886 0.999965 3.95428
0.999968 0.00387737 0.00696109 0.007782 -0.00388153 0.999992 0.000584805 -0.00443923 -0.00695877 -0.000611806 0.999976 3.96385
0.9999 0.00365183 -0.0136547 0.00440478 -0.00363726 0.999993 0.00109202 -0.00392195 0.0136585 -0.00104225 0.999906 3.96937
0.998825 0.00363535 -0.0483181 -0.00148856 -0.00362276 0.999993 0.000348224 -0.00439429 0.0483191 -0.00017277 0.998832 3.97166
0.996047 0.00333582 -0.0887674 -0.00667329 -0.00321205 0.999994 0.00153717 -0.00361011 0.088772 -0.00124596 0.996051 3.97212
0.990914 0.0032977 -0.134454 -0.0133981 -0.00304766 0.999993 0.00206543 -0.00312767 0.13446 -0.0016369 0.990918 3.97105
0.983388 0.00423021 -0.181469 -0.0211122 -0.00396546 0.99999 0.00182176 -0.00366809 0.181475 -0.00107189 0.983395 3.96847
0.977756 0.00406399 -0.209708 -0.0246979 -0.00384644 0.999992 0.00144524 -0.00403262 0.209712 -0.000606467 0.977763 3.96748
0.974412 0.00409185 -0.224731 -0.0270973 -0.00360865 0.99999 0.00256082 -0.00323796 0.22474 -0.00168432 0.974417 3.96686
0.972766 0.00406198 -0.231752 -0.0275392 -0.00350813 0.99999 0.0028019 -0.00297114 0.231761 -0.00191258 0.972771 3.96707
0.971785 0.00397408 -0.235836 -0.027903 -0.00345552 0.999991 0.00261206 -0.00262991 0.235844 -0.00172342 0.971789 3.96646
