1 -0 0 -0 -0 1 -0 0 0 -0 1 0
1 -2.53402e-05 3.2644e-05 5.29963e-05 2.53415e-05 1 -4.01827e-05 4.47599e-05 -3.26429e-05 4.01836e-05 1 -7.68521e-05
1 -5.69312e-05 -1.7244e-05 4.59195e-05 5.69317e-05 1 3.01027e-05 0.000102136 1.72423e-05 -3.01037e-05 1 5.46038e-05
1 4.46639e-05 -7.7606e-06 -1.05662e-05 -4.46635e-05 1 4.09117e-05 4.2219e-05 7.76243e-06 -4.09114e-05 1 -3.32625e-05
1 -2.63988e-05 5.29549e-05 7.54194e-05 2.63987e-05 1 2.06555e-06 -1.06123e-05 -5.29549e-05 -2.06415e-06 1 -1.63284e-05
1 -3.65367e-05 2.50542e-05 8.87562e-05 3.6537e-05 1 -1.44424e-05 2.19775e-05 -2.50536e-05 1.44434e-05 1 1.13907e-05
1 2.25427e-05 2.80383e-05 1.04363e-05 -2.25426e-05 1 -4.49145e-06 4.99313e-05 -2.80384e-05 4.49082e-06 1 1.01654e-05
1 6.23545e-05 5.36362e-06 -4.10741e-05 -6.23546e-05 1 1.16382e-05 5.1217e-05 -5.36289e-06 -1.16385e-05 1 -4.63154e-05
1 1.12119e-05 2.25399e-05 4.27056e-05 -1.12125e-05 1 2.78979e-05 7.2244e-06 -2.25396e-05 -2.78982e-05 1 3.16389e-05
1 7.88749e-06 -3.24238e-05 1.95501e-06 -7.88771e-06 1 -6.83388e-06 6.68229e-06 3.24238e-05 6.83413e-06 1 -2.17095e-05
1 -7.56524e-07 3.85115e-05 1.11225e-05 7.5678e-07 1 -6.64984e-06 3.05021e-05 -3.85115e-05 6.64987e-06 1 -3.19917e-06
1 -2.67657e-05 1.34315e-05 5.03959e-05 2.67654e-05 1 2.49374e-05 8.09058e-05 -1.34322e-05 -2.49371e-05 1 5.40595e-05
1 2.83587e-05 1.85113e-05 1.34561e-05 -2.8359e-05 1 1.4048e-05 2.35658e-05 -1.85109e-05 -1.40485e-05 1 -5.26397e-06
1 1.34637e-05 1.88769e-05 -1.64842e-06 -1.34631e-05 1 -3.49456e-05 -3.63761e-06 -1.88773e-05 3.49454e-05 1 -2.12905e-05
1 1.15547e-05 -8.92001e-08 2.30076e-05 -1.15547e-05 1 -3.4162e-05 3.06018e-05 8.88054e-08 3.4162e-05 1 -3.52464e-05
1 -2.30816e-08 2.02047e-05 1.43931e-05 2.29684e-08 1 5.60238e-06 3.63217e-05 -2.02047e-05 -5.60238e-06 1 -2.62567e-06
1 1.6407e-05 -0.000116596 -0.00035146 -1.64666e-05 1 -0.000511259 0.00027761 0.000116587 0.000511261 1 0.00296467
1 -0.000284255 -0.000138988 -0.000468444 0.00028419 1 -0.000463535 0.000434339 0.00013912 0.000463495 1 0.0155978
1 0.000178197 -8.78787e-05 -0.000640642 -0.000178237 1 -0.000454548 0.000467042 8.77977e-05 0.000454564 1 0.036046
1 5.6917e-05 0.000171106 -0.000476616 -5.68125e-05 1 -0.000610715 0.000410994 -0.000171141 0.000610706 1 0.0616775
1 -4.23263e-05 -0.000132566 -0.000409081 4.22725e-05 1 -0.00040567 0.000247584 0.000132584 0.000405664 1 0.0878672
1 0.000114479 0.000180215 -0.000259279 -0.000114439 1 -0.000224539 0.000860396 -0.00018024 0.000224518 1 0.108449
1 0.000173865 0.000192981 -0.000437962 -0.000173879 1 7.21804e-05 0.00107752 -0.000192969 -7.2214e-05 1 0.125778
1 -0.000197192 8.97528e-05 -4.44939e-05 0.000197206 1 -0.000155291 0.000902175 -8.97222e-05 0.000155309 1 0.148789
1 -0.000249563 0.000138775 0.000134036 0.000249608 1 -0.000318948 0.00093675 -0.000138695 0.000318982 1 0.176785
1 0.000179202 -4.61944e-05 -0.000270235 -0.000179201 1 1.5419e-05 0.000958131 4.61972e-05 -1.54107e-05 1 0.206909
1 -8.0976e-05 0.000190149 -0.00106991 8.10233e-05 1 -0.000248778 0.00130486 -0.000190128 0.000248793 1 0.242948
1 0.000195032 8.87549e-05 -0.00130436 -0.000195019 1 -0.000144237 0.00110405 -8.8783e-05 0.000144219 1 0.275017
1 0.000230033 0.000132302 -0.00153541 -0.000229974 1 -0.000448719 0.000895144 -0.000132405 0.000448689 1 0.298861
1 -0.000155153 0.000182625 -0.00118633 0.000155244 1 -0.00049965 0.00106322 -0.000182548 0.000499679 1 0.316037
1 -0.000227493 0.000163223 -0.0019433 0.000227618 1 -0.000766563 0.000779488 -0.000163048 0.0007666 1 0.328114
1 -0.000344245 0.000286763 -0.00136737 0.000344418 1 -0.000600482 0.000853515 -0.000286557 0.000600581 1 0.337418
1 -0.000212209 0.000219063 -0.00147983 0.00021235 1 -0.000640056 0.000908599 -0.000218927 0.000640102 1 0.344119
1 6.27418e-05 2.679e-05 -0.00167462 -6.27272e-05 1 -0.000545047 0.000686816 -2.68242e-05 0.000545045 1 0.34863
1 -5.16094e-05 0.000157264 -0.0014682 5.17331e-05 1 -0.000786497 0.000709997 -0.000157223 0.000786505 1 0.351979
1 0.000117054 0.000387059 -0.00157327 -0.00011684 1 -0.000553832 0.000986966 -0.000387124 0.000553787 1 0.354607
1 9.04295e-06 0.000308331 -0.00157972 -8.83714e-06 1 -0.00066751 0.000836579 -0.000308337 0.000667508 1 0.356232
1 -2.76967e-05 0.000363591 -0.00151464 2.79348e-05 1 -0.000654969 0.000889168 -0.000363573 0.000654979 1 0.358272
1 -9.83325e-05 0.000260428 -0.00142338 9.86034e-05 0.999999 -0.00104041 0.000669929 -0.000260326 0.00104044 0.999999 0.358772
1 -0.000120118 0.00028008 -0.00139439 0.000120373 1 -0.00091062 0.000647599 -0.000279971 0.000910654 1 0.359205
1 5.22432e-05 0.00023934 -0.00155259 -5.20298e-05 1 -0.000891814 0.000745664 -0.000239387 0.000891802 1 0.359746
1 -6.72675e-05 0.000156294 -0.00162299 6.7394e-05 1 -0.00080954 0.00073024 -0.000156239 0.000809551 1 0.35998
1 -0.000108397 0.000223201 -0.00150927 0.000108567 1 -0.000759733 0.000922304 -0.000223118 0.000759757 1 0.36031
1 -0.000192054 0.000287393 -0.00147915 0.000192282 1 -0.000793349 0.000956078 -0.00028724 0.000793404 1 0.360371
1 -8.86678e-05 0.000292332 -0.00146291 8.8904e-05 1 -0.000807983 0.000868531 -0.00029226 0.000808009 1 0.360458
1 -3.70674e-06 0.000256522 -0.00156782 3.91262e-06 1 -0.000802557 0.000760093 -0.000256519 0.000802558 1 0.360449
1 -5.74355e-05 0.000245117 -0.00160293 5.76422e-05 1 -0.000843515 0.000885794 -0.000245068 0.000843529 1 0.360544
1 -6.49261e-06 0.000244272 -0.00155276 6.68399e-06 1 -0.000783446 0.000842341 -0.000244267 0.000783448 1 0.360628
1 -4.60279e-05 0.00029035 -0.00150131 4.62644e-05 1 -0.00081461 0.000808383 -0.000290313 0.000814623 1 0.360667
1 -2.99879e-05 0.000298181 -0.00149164 3.02264e-05 1 -0.00080001 0.000796763 -0.000298157 0.000800019 1 0.3607
1 -9.36528e-05 0.000258494 -0.00146843 9.38722e-05 1 -0.000848665 0.000814437 -0.000258415 0.00084869 1 0.360689
1 -0.000103347 0.000298342 -0.00152523 0.00010359 1 -0.000815423 0.000765604 -0.000298258 0.000815454 1 0.360704
1 -7.94305e-05 0.00024593 -0.00149443 7.96324e-05 1 -0.000821347 0.000779942 -0.000245865 0.000821367 1 0.360722
1 -0.000124073 0.000318366 -0.0014857 0.000124343 1 -0.000848567 0.000714752 -0.00031826 0.000848606 1 0.360751
1 -0.000162587 0.000291625 -0.00143479 0.000162829 1 -0.000830434 0.000745506 -0.00029149 0.000830481 1 0.36073
1 -0.000111899 0.000303786 -0.00150524 0.000112151 1 -0.000828786 0.000799045 -0.000303693 0.00082882 1 0.360689
1 -8.97782e-05 0.000339532 -0.00146335 9.00653e-05 1 -0.000845706 0.000749306 -0.000339456 0.000845736 1 0.360739
1 -0.000120184 0.000290337 -0.00148225 0.000120429 1 -0.000843344 0.000778534 -0.000290235 0.000843379 1 0.360664
1 -9.50769e-05 0.000275398 -0.00145715 9.53093e-05 1 -0.000844223 0.000778999 -0.000275318 0.000844249 1 0.360667
1 -0.000123036 0.000280242 -0.00145736 0.000123281 1 -0.000874936 0.000775114 -0.000280134 0.00087497 1 0.360656
1 -8.5433e-05 0.000298116 -0.00148738 8.57002e-05 1 -0.000896526 0.000787368 -0.000298039 0.000896551 1 0.360656
1 -0.000231382 0.000263605 -0.00148453 0.00023153 1 -0.000561579 0.00100825 -0.000263475 0.00056164 1 0.363438
1 0.000153818 0.000143875 -0.00172875 -0.000153739 1 -0.000551207 0.00104489 -0.00014396 0.000551185 1 0.375956
1 -0.000143105 0.000203891 -0.00172778 0.000143254 1 -0.000731197 0.000762867 -0.000203786 0.000731226 1 0.395889
1 -0.000145636 0.000355079 -0.00171806 0.000145918 1 -0.000792583 0.000622083 -0.000354964 0.000792635 1 0.421611
1 -0.000281169 0.000324486 -0.00183958 0.000281408 1 -0.000737349 0.000915182 -0.000324278 0.000737441 1 0.448503
1 -0.000796293 -8.60023e-05 -0.00209804 0.00079623 0.999999 -0.000723772 0.00156823 8.65786e-05 0.000723704 1 0.46906
1 -0.000955091 4.31225e-05 -0.00219385 0.000955123 0.999999 -0.000758363 0.00164646 -4.23982e-05 0.000758404 1 0.483558
1 -0.000595579 -5.17297e-05 -0.00238247 0.000595535 0.999999 -0.000831212 0.00129303 5.22247e-05 0.000831182 1 0.496254
1 -0.000492415 -0.000102123 -0.00234589 0.000492324 0.999999 -0.000891498 0.00113804 0.000102562 0.000891448 1 0.516282
1 -0.000533656 -5.75008e-05 -0.00263213 0.000533596 0.999999 -0.00104047 0.00141423 5.80561e-05 0.00104044 0.999999 0.542899
0.999999 -0.00101036 8.11765e-06 -0.00250682 0.00101037 0.999999 -0.00131228 0.00131993 -6.79176e-06 0.00131229 0.999999 0.572779
1 -0.000987033 -5.50664e-05 -0.00278454 0.000986954 0.999998 -0.0014276 0.00139863 5.64754e-05 0.00142755 0.999999 0.602352
0.999999 -0.00120426 6.15272e-05 -0.00264883 0.00120434 0.999998 -0.00137498 0.0012839 -5.98713e-05 0.00137506 0.999999 0.624197
1 -0.000719963 0.000252692 -0.00299206 0.000720351 0.999999 -0.00153745 0.000908962 -0.000251585 0.00153763 0.999999 0.640512
1 -0.00076707 -4.20257e-05 -0.0030875 0.000767019 0.999999 -0.0012147 0.0014765 4.29574e-05 0.00121467 0.999999 0.651656
1 -0.000448465 0.000114062 -0.00229097 0.000448607 0.999999 -0.00124344 0.000293812 -0.000113504 0.00124349 0.999999 0.661892
1 -0.000612286 0.000156897 -0.00230418 0.000612469 0.999999 -0.00117245 0.000497827 -0.000156179 0.00117255 0.999999 0.680674
1 -0.000819965 8.09277e-05 -0.00221294 0.00082008 0.999999 -0.00142698 0.000468213 -7.97575e-05 0.00142705 0.999999 0.704823
1 -0.000762297 0.000165665 -0.0024571 0.000762516 0.999999 -0.00133058 -3.40413e-05 -0.00016465 0.00133071 0.999999 0.733971
1 -0.000728501 -6.49927e-05 -0.00308609 0.000728423 0.999999 -0.00119748 0.000539922 6.5865e-05 0.00119743 0.999999 0.763107
1 -0.000929851 0.000230007 -0.00257961 0.000930218 0.999998 -0.00160046 0.000722795 -0.000228518 0.00160068 0.999999 0.784545
0.999999 -0.000990696 0.000175365 -0.00259645 0.000990983 0.999998 -0.00164869 0.000815235 -0.000173731 0.00164886 0.999999 0.802562
1 -0.000821105 0.000258478 -0.00280317 0.000821533 0.999998 -0.00166241 0.000409486 -0.000257113 0.00166262 0.999999 0.825402
1 -0.000908041 0.000204531 -0.00274649 0.000908407 0.999998 -0.00179428 0.000176105 -0.000202901 0.00179447 0.999998 0.854251
0.999999 -0.000978785 0.000324387 -0.00279348 0.000979376 0.999998 -0.00182645 0.000125765 -0.000322598 0.00182677 0.999998 0.885363
0.999999 -0.00132841 0.000509808 -0.0018828 0.00132936 0.999997 -0.00186823 0.000234395 -0.000507325 0.00186891 0.999998 0.919913
0.999999 -0.00123504 0.000542413 -0.00195907 0.0012361 0.999997 -0.00196978 0.000156323 -0.000539979 0.00197045 0.999998 0.951736
0.999999 -0.00119882 0.000757114 -0.00223044 0.00120007 0.999998 -0.0016462 0.000286003 -0.000755139 0.0016471 0.999998 0.976141
0.999999 -0.00115142 0.00078876 -0.00221043 0.00115288 0.999998 -0.00185076 0.000243513 -0.000786627 0.00185167 0.999998 0.996236
0.999999 -0.00123128 0.000465595 -0.00262023 0.00123218 0.999997 -0.00193444 -0.000281148 -0.000463211 0.00193501 0.999998 1.0211
1 -0.000813347 8.0607e-05 -0.00202335 0.000813566 0.999996 -0.00275741 -0.000464164 -7.8364e-05 0.00275748 0.999996 1.05105
1 -0.000679987 0.000208366 -0.00225294 0.00068053 0.999996 -0.0026158 -0.000485177 -0.000206587 0.00261594 0.999997 1.08268
1 -0.000979241 9.82492e-05 -0.00234558 0.000979492 0.999996 -0.00259399 -0.000992769 -9.57087e-05 0.00259409 0.999997 1.11714
0.999999 -0.000924093 0.000446008 -0.00202512 0.000925238 0.999996 -0.00257255 -0.000974711 -0.000443629 0.00257296 0.999997 1.15044
0.999999 -0.00140633 0.000386015 -0.00257727 0.00140729 0.999996 -0.00250628 -0.000674277 -0.000382489 0.00250682 0.999997 1.17447
0.999999 -0.00101025 0.000325614 -0.00296619 0.00101122 0.999995 -0.0029957 -0.000805302 -0.000322586 0.00299603 0.999995 1.19571
0.999999 -0.00115679 0.00034513 -0.00326559 0.00115781 0.999995 -0.00298661 -0.000789408 -0.000341673 0.002987 0.999995 1.22115
0.999999 -0.00157996 0.000412541 -0.00293811 0.00158124 0.999994 -0.0031118 -0.00100273 -0.000407622 0.00311245 0.999995 1.25039
0.999999 -0.00137396 0.000500397 -0.00301221 0.00137557 0.999994 -0.00321744 -0.0010181 -0.000495973 0.00321813 0.999995 1.2825
0.999999 -0.00142245 0.000378426 -0.00300996 0.00142379 0.999993 -0.0035663 -0.00200744 -0.000373351 0.00356684 0.999994 1.31774
0.999998 -0.00203942 0.000697922 -0.00339351 0.00204174 0.999992 -0.00334691 -0.00113526 -0.000691091 0.00334833 0.999994 1.35111
0.999998 -0.00182199 0.00051585 -0.00369367 0.00182371 0.999993 -0.00335043 -0.00100396 -0.000509742 0.00335136 0.999994 1.37587
0.999998 -0.00174992 0.000441483 -0.00304008 0.00175133 0.999993 -0.00321776 -0.00117405 -0.000435849 0.00321853 0.999995 1.39345
0.999998 -0.0018917 -0.000103307 -0.00271064 0.00189131 0.999992 -0.00366236 -0.00154539 0.000110235 0.00366216 0.999993 1.40779
0.999997 -0.00229913 -0.000370398 -0.00246289 0.00229781 0.999991 -0.00353524 -0.00229806 0.000378523 0.00353438 0.999994 1.4292
0.999998 -0.00176328 0.00056202 -0.00425522 0.00176512 0.999993 -0.00328433 -0.00180292 -0.000556225 0.00328532 0.999994 1.45746
0.999998 -0.00173735 0.000186931 -0.00444944 0.00173797 0.999993 -0.00340852 -0.0017499 -0.000181008 0.00340884 0.999994 1.48828
0.999992 -0.00359117 0.00185166 -0.00522548 0.00359753 0.999988 -0.00344293 -0.00235761 -0.00183927 0.00344956 0.999992 1.521
0.999998 -0.00188082 0.000749921 -0.00420923 0.00188326 0.999993 -0.00327204 -0.00206682 -0.000743761 0.00327344 0.999994 1.5532
0.999997 -0.00232644 0.000256036 -0.0047596 0.00232735 0.999991 -0.00361536 -0.00252946 -0.000247623 0.00361595 0.999993 1.57779
0.999998 -0.00199397 5.19759e-05 -0.0045737 0.00199416 0.99999 -0.00399618 -0.00169012 -4.40071e-05 0.00399627 0.999992 1.59759
0.999998 -0.00198963 -9.0127e-05 -0.00472992 0.00198923 0.999989 -0.00425432 -0.00169179 9.85905e-05 0.00425414 0.999991 1.62273
0.999998 -0.00207522 5.62831e-05 -0.00452157 0.00207543 0.99999 -0.00399156 -0.00141584 -4.79992e-05 0.00399167 0.999992 1.65174
0.999997 -0.00251274 0.000163372 -0.00468354 0.00251338 0.999989 -0.00398034 -0.00198152 -0.000153368 0.00398074 0.999992 1.68343
0.999997 -0.00250497 3.48912e-05 -0.0052266 0.00250511 0.999986 -0.00464163 -0.00227617 -2.32635e-05 0.00464171 0.999989 1.71563
0.999998 -0.00189095 -2.9067e-05 -0.00609229 0.00189081 0.999989 -0.00424621 -0.00240877 3.70961e-05 0.00424615 0.999991 1.73902
0.999998 -0.0020821 -0.000164134 -0.00619967 0.00208138 0.999989 -0.00424376 -0.0024485 0.000172968 0.00424341 0.999991 1.756
0.999999 -0.00133959 0.000259479 -0.00550329 0.0013406 0.999991 -0.00391353 -0.00199902 -0.000254234 0.00391387 0.999992 1.76682
0.999998 -0.0020971 -0.000143629 -0.00623795 0.00209643 0.999988 -0.00449938 -0.00265575 0.000153063 0.00449907 0.99999 1.77951
0.999998 -0.00222268 -4.85491e-05 -0.00603964 0.00222245 0.999988 -0.00429574 -0.0025319 5.80966e-05 0.00429562 0.999991 1.79904
0.999998 -0.00180656 -0.000335347 -0.00668674 0.00180518 0.99999 -0.0040646 -0.00247463 0.000342686 0.00406399 0.999992 1.82389
0.999998 -0.00216453 -0.000222349 -0.00687353 0.00216356 0.999988 -0.00428474 -0.0023217 0.000231621 0.00428425 0.999991 1.85247
0.999998 -0.00185534 -0.000315516 -0.00686407 0.00185402 0.99999 -0.00414354 -0.00265898 0.0003232 0.00414294 0.999991 1.88462
0.999998 -0.00189984 -0.000108579 -0.00712583 0.0018994 0.99999 -0.00395654 -0.00308371 0.000116095 0.00395632 0.999992 1.91672
0.999997 -0.00226126 -0.000173546 -0.00684909 0.00226054 0.999989 -0.00405583 -0.00321292 0.000182716 0.00405543 0.999992 1.94054
0.999998 -0.00206253 -0.000566522 -0.00692118 0.00206019 0.999989 -0.00409802 -0.00298022 0.000574969 0.00409685 0.999991 1.95876
0.999998 -0.00210074 -0.000690711 -0.00716116 0.0020978 0.999989 -0.00422588 -0.00300556 0.000699581 0.00422442 0.999991 1.98369
0.999998 -0.00181614 -0.000466262 -0.00726493 0.00181419 0.99999 -0.00414723 -0.00298905 0.000473789 0.00414637 0.999991 2.0119
0.999998 -0.00178209 -0.000540235 -0.00745333 0.00177973 0.999989 -0.00433507 -0.00312332 0.000547955 0.0043341 0.99999 2.04403
0.999997 -0.00225473 -0.000434943 -0.00754688 0.0022527 0.999987 -0.00460405 -0.00388839 0.000445318 0.00460306 0.999989 2.07824
0.999998 -0.0020179 -3.55486e-05 -0.00708267 0.00201774 0.99999 -0.00402186 -0.00376064 4.36639e-05 0.00402178 0.999992 2.11092
0.999998 -0.00211645 -8.82286e-05 -0.00697738 0.00211605 0.999989 -0.00429845 -0.00383822 9.73251e-05 0.00429826 0.999991 2.13489
0.999998 -0.00215465 0.000220416 -0.00680106 0.00215553 0.999989 -0.00411733 -0.00439648 -0.000211543 0.00411779 0.999991 2.15299
0.999997 -0.0023074 -0.000194901 -0.00709517 0.00230658 0.999989 -0.00412429 -0.004289 0.000204416 0.00412383 0.999991 2.1687
0.999998 -0.00213597 8.56389e-05 -0.00696456 0.00213631 0.999989 -0.00420339 -0.00437474 -7.66597e-05 0.00420356 0.999991 2.18977
0.999996 -0.00279512 -0.000162997 -0.0072235 0.00279448 0.999989 -0.00376586 -0.00491472 0.000173521 0.00376539 0.999993 2.21776
0.999995 -0.00325432 1.09939e-05 -0.00698989 0.00325433 0.999987 -0.0038641 -0.00500378 1.58124e-06 0.00386412 0.999993 2.2476
0.999996 -0.00287215 8.51244e-05 -0.00697455 0.00287244 0.999989 -0.00371174 -0.00531428 -7.44628e-05 0.00371197 0.999993 2.27859
0.999997 -0.00240428 0.000212549 -0.00770687 0.00240505 0.99999 -0.00368333 -0.00522129 -0.000203691 0.00368383 0.999993 2.30166
0.999995 -0.00305333 -0.000181462 -0.00725642 0.00305267 0.999989 -0.00358288 -0.00534807 0.0001924 0.00358231 0.999994 2.31759
0.999999 -0.00169661 0.000236227 -0.00753232 0.00169776 0.999986 -0.00495931 -0.00463645 -0.00022781 0.0049597 0.999988 2.33153
0.999999 -0.00134396 1.97376e-05 -0.0078286 0.00134404 0.999985 -0.00528242 -0.00471948 -1.2638e-05 0.00528244 0.999986 2.35245
0.999998 -0.0019213 0.000169319 -0.00771008 0.00192213 0.999985 -0.00503066 -0.00478827 -0.000159651 0.00503098 0.999987 2.37911
0.999998 -0.00193661 0.00020549 -0.00781914 0.00193759 0.999986 -0.00484333 -0.00514269 -0.000196108 0.00484372 0.999988 2.40882
0.999998 -0.00197142 0.000161154 -0.00756461 0.00197223 0.999985 -0.00516021 -0.00514708 -0.000150978 0.00516052 0.999987 2.44245
0.999997 -0.00242731 0.000139243 -0.00749675 0.00242779 0.999991 -0.00352122 -0.00613062 -0.000130695 0.00352155 0.999994 2.47614
0.999997 -0.00257343 -0.000134347 -0.00748084 0.00257295 0.999991 -0.00350053 -0.00604271 0.000143354 0.00350017 0.999994 2.49925
0.999997 -0.00254125 5.37095e-05 -0.00772968 0.00254142 0.999991 -0.00352578 -0.00606429 -4.47491e-05 0.0035259 0.999994 2.51582
0.999996 -0.00295488 4.05596e-05 -0.00744255 0.00295501 0.999989 -0.00363112 -0.00644926 -2.98297e-05 0.00363122 0.999993 2.53181
0.999995 -0.00313562 -0.000104821 -0.00788723 0.00313521 0.999988 -0.00376425 -0.006774 0.000116623 0.0037639 0.999993 2.55314
0.999994 -0.00333273 -4.45531e-05 -0.0077344 0.00333251 0.999986 -0.00413897 -0.00679432 5.83465e-05 0.00413879 0.999991 2.57961
0.999994 -0.00347015 -0.00020286 -0.00775875 0.00346929 0.999986 -0.00411468 -0.00685214 0.000217135 0.00411395 0.999992 2.61005
0.999994 -0.00332114 0.000174972 -0.00814527 0.00332183 0.999986 -0.00411313 -0.00692902 -0.000161309 0.00411369 0.999992 2.64042
0.999994 -0.00339436 -0.000578406 -0.00782077 0.00339184 0.999985 -0.00430874 -0.00730961 0.000593023 0.00430675 0.999991 2.66244
0.999994 -0.00337594 -0.000299114 -0.00770924 0.00337464 0.999985 -0.00426086 -0.00742864 0.000313494 0.00425983 0.999991 2.67888
0.999996 -0.00273126 -0.000169353 -0.00747583 0.00273039 0.999984 -0.00492167 -0.00783563 0.000182793 0.00492119 0.999988 2.69355
0.999997 -0.00251775 -0.000128355 -0.00778634 0.00251708 0.999985 -0.00496269 -0.0077847 0.000140848 0.00496235 0.999988 2.71467
0.999997 -0.00242424 -0.000327892 -0.00793709 0.00242258 0.999985 -0.00497621 -0.0081171 0.00033995 0.0049754 0.999988 2.74178
0.999996 -0.00282757 -0.000257455 -0.00864402 0.00282634 0.999985 -0.00464635 -0.0082857 0.000270589 0.0046456 0.999989 2.80403
0.999997 -0.00259322 -0.000285566 -0.00811158 0.00259183 0.999985 -0.00477231 -0.00849364 0.000297938 0.00477156 0.999989 2.83771
0.999999 -0.00114651 3.57909e-05 -0.00788352 0.00114667 0.999988 -0.00480726 -0.00915713 -3.02789e-05 0.00480729 0.999988 2.86096
0.999999 -0.000995053 0.00022453 -0.00815318 0.000996114 0.999988 -0.00477686 -0.00909923 -0.000219774 0.00477708 0.999989 2.88055
1 -0.000947252 -3.40159e-05 -0.00817708 0.000947072 0.999987 -0.00496328 -0.00943612 3.8717e-05 0.00496324 0.999988 2.93401
1 -0.000559925 0.000179645 -0.00836591 0.000560741 0.999989 -0.00457459 -0.00938968 -0.000177081 0.00457469 0.99999 2.96664
1 -0.000859999 3.9486e-05 -0.00845262 0.000860169 0.999989 -0.00454217 -0.00940684 -3.55793e-05 0.0045422 0.99999 3.00035
0.999999 -0.00164774 0.000383225 -0.00869758 0.00164971 0.999985 -0.00517277 -0.00966937 -0.000374696 0.00517339 0.999987 3.03251
0.999999 -0.00154385 0.000153826 -0.00876498 0.00154467 0.999984 -0.00544671 -0.00953981 -0.000145415 0.00544695 0.999985 3.05662
1 -0.000952087 0.000245186 -0.0090615 0.000953344 0.999986 -0.0051806 -0.00972664 -0.00024025 0.00518083 0.999987 3.07433
0.999998 -0.00175131 0.000434023 -0.00852614 0.00175341 0.999986 -0.00489434 -0.010227 -0.000425446 0.0048951 0.999988 3.08728
0.999999 -0.0012106 0.000531246 -0.00895517 0.00121338 0.999985 -0.00527291 -0.00986178 -0.000524855 0.00527355 0.999986 3.09599
0.999999 -0.00118635 0.000411779 -0.0085719 0.00118836 0.999987 -0.0049012 -0.0104257 -0.000405959 0.00490169 0.999988 3.10551
0.999999 -0.00139059 0.000587993 -0.00831301 0.00139356 0.999986 -0.00506966 -0.0104596 -0.000580935 0.00507047 0.999987 3.12303
0.999999 -0.000957463 0.000350691 -0.0085435 0.000959203 0.999987 -0.00499488 -0.010703 -0.000345904 0.00499521 0.999987 3.14642
0.999999 -0.00126835 0.000185746 -0.00826586 0.00126925 0.999987 -0.00496264 -0.0106594 -0.000179449 0.00496288 0.999988 3.17476
0.999999 -0.00123756 0.000299964 -0.00857469 0.00123912 0.999985 -0.00525353 -0.0107887 -0.000293458 0.0052539 0.999986 3.20265
0.999997 -0.00243739 0.000129752 -0.00846094 0.00243805 0.999983 -0.00529743 -0.0103194 -0.000116837 0.00529773 0.999986 3.22407
0.999998 -0.00206815 0.000174014 -0.00868171 0.00206903 0.999984 -0.00521719 -0.0102345 -0.000163222 0.00521754 0.999986 3.23949
0.999997 -0.00228948 6.0767e-05 -0.0084643 0.00228976 0.999984 -0.0052401 -0.0105656 -4.87689e-05 0.00524022 0.999986 3.25028
0.999997 -0.00230035 0.000141447 -0.00849362 0.00230103 0.999985 -0.00503995 -0.0106633 -0.000129851 0.00504026 0.999987 3.25837
0.999998 -0.00214561 8.37821e-05 -0.00832293 0.00214601 0.999985 -0.00509547 -0.010568 -7.28479e-05 0.00509564 0.999987 3.26392
0.999978 -0.00239279 -0.00619347 -0.00961709 0.0023593 0.999983 -0.00540833 -0.0104901 0.0062063 0.0053936 0.999966 3.26736
0.999475 -0.00266185 -0.0322782 -0.0135948 0.00248323 0.999981 -0.00557261 -0.0105582 0.0322925 0.00548953 0.999463 3.26871
0.997516 -0.00268986 -0.0703902 -0.0193144 0.00230611 0.999982 -0.0055325 -0.0106 0.0704038 0.00535643 0.997504 3.26838
0.993476 -0.00248971 -0.114014 -0.0257197 0.00188788 0.999984 -0.00538621 -0.0109114 0.114026 0.00513582 0.993465 3.26676
0.988071 -0.00299578 -0.153969 -0.0312892 0.00218331 0.999983 -0.00544565 -0.0106914 0.153983 0.00504453 0.988061 3.26457
0.984443 -0.00303172 -0.175677 -0.0345015 0.00203017 0.999981 -0.0058805 -0.0108112 0.175692 0.00543237 0.98443 3.26352
0.982405 -0.00315347 -0.186735 -0.0356018 0.00209691 0.999981 -0.00585528 -0.0109598 0.18675 0.00536069 0.982393 3.263
0.980196 -0.00322989 -0.198003 -0.0372755 0.00209156 0.99998 -0.0059579 -0.0108986 0.198018 0.00542577 0.980183 3.26248
0.97401 -0.00284217 -0.226485 -0.0412436 0.00157659 0.999982 -0.00576862 -0.0110677 0.226497 0.00526162 0.973998 3.25998
0.964395 -0.00327472 -0.264445 -0.046222 0.00174423 0.99998 -0.00602213 -0.0109335 0.26446 0.00534646 0.964382 3.25664
0.951732 -0.00304181 -0.306914 -0.0520148 0.00118416 0.99998 -0.00623869 -0.010801 0.306927 0.00557413 0.951717 3.25256
0.936271 -0.0027228 -0.351268 -0.0580773 0.000625729 0.999981 -0.00608339 -0.0108392 0.351278 0.0054759 0.936255 3.24776
0.92069 -0.00283499 -0.390284 -0.0629154 0.000450365 0.999981 -0.00620135 -0.0108297 0.390294 0.00553375 0.920674 3.24299
0.911794 -0.00334336 -0.410635 -0.065275 0.00090187 0.999981 -0.00613921 -0.0109001 0.410647 0.00522736 0.911779 3.24079
0.906834 -0.00332804 -0.421474 -0.0665605 0.000753912 0.99998 -0.00627394 -0.0108768 0.421487 0.00537167 0.906819 3.23923
0.901421 -0.00392653 -0.432926 -0.0673066 0.00113435 0.999977 -0.00670764 -0.0110731 0.432943 0.00555531 0.901404 3.23698
0.888253 -0.00393596 -0.459337 -0.0704868 0.000943413 0.999977 -0.00674425 -0.011029 0.459353 0.00555726 0.888237 3.23352
0.869237 -0.00360715 -0.494383 -0.0748869 0.000373227 0.999978 -0.00663989 -0.011144 0.494396 0.00558712 0.869219 3.22872
0.846354 -0.00370899 -0.532608 -0.0794851 0.000288871 0.999979 -0.00650463 -0.0112476 0.532621 0.00535137 0.846337 3.22295
0.823577 -0.00365366 -0.567193 -0.0831362 -7.4899e-05 0.999979 -0.00655027 -0.0112761 0.567205 0.00543713 0.823559 3.21738
0.810531 -0.00406981 -0.585681 -0.0849255 0.000180583 0.999978 -0.00669879 -0.0109368 0.585695 0.00532381 0.810514 3.21482
0.80363 -0.00413243 -0.595115 -0.0856528 0.000310445 0.999979 -0.00652455 -0.0110854 0.595129 0.00505857 0.803614 3.21314
0.800004 -0.00390516 -0.599982 -0.0862229 -0.000215652 0.999977 -0.00679619 -0.0111353 0.599995 0.00556637 0.799985 3.21234
0.798086 -0.00417927 -0.602529 -0.0863037 0.000239908 0.999978 -0.00661829 -0.0112271 0.602543 0.00513742 0.79807 3.2121
0.79725 -0.00390378 -0.603637 -0.086391 -0.000222718 0.999977 -0.00676111 -0.0111877 0.603649 0.00552474 0.797231 3.21182
0.796617 -0.00400584 -0.604471 -0.0864789 0.000120843 0.999979 -0.00646762 -0.0111851 0.604484 0.00507917 0.796601 3.21205
0.796304 -0.00394557 -0.604884 -0.0863994 1.18176e-05 0.999979 -0.00650715 -0.0111551 0.604897 0.00517452 0.796287 3.21199
0.796223 -0.003497 -0.604993 -0.086495 -0.000679594 0.999977 -0.0066745 -0.0110972 0.605003 0.00572554 0.796203 3.2117
0.792012 -0.00397299 -0.610492 -0.0871587 -9.04866e-05 0.999978 -0.0066251 -0.0112075 0.610505 0.0053024 0.791995 3.21072
0.775502 -0.00396559 -0.631333 -0.0893424 -0.000215907 0.999979 -0.00654637 -0.0110957 0.631346 0.00521303 0.775484 3.20687
0.721488 -0.0040547 -0.692415 -0.0954544 -0.000454485 0.99998 -0.00632934 -0.0111034 0.692426 0.00488123 0.721472 3.19515
0.686919 -0.00396089 -0.726723 -0.0985317 -0.00106439 0.999979 -0.00645631 -0.0112512 0.726733 0.00520848 0.6869 3.18741
0.657196 -0.0042692 -0.753708 -0.101068 -0.000799447 0.999979 -0.00636123 -0.0112862 0.753719 0.00478312 0.657179 3.18166
0.640175 -0.00456815 -0.768215 -0.101536 -0.000777599 0.999978 -0.0065943 -0.0115191 0.768229 0.00481887 0.640157 3.17798
0.631447 -0.00403291 -0.775409 -0.104692 -0.001318 0.999979 -0.00627421 -0.0108264 0.775418 0.00498382 0.631428 3.17882
0.626635 -0.00404894 -0.779303 -0.114914 -0.00150284 0.999978 -0.00640391 -0.0109961 0.779312 0.00518408 0.626615 3.18593
0.624209 -0.00405045 -0.781247 -0.130786 -0.00138247 0.999979 -0.00628906 -0.0109957 0.781257 0.00500574 0.62419 3.19865
0.622729 -0.0039108 -0.782428 -0.151354 -0.0017458 0.999978 -0.00638766 -0.0115124 0.782436 0.00534374 0.622709 3.21449
0.622436 -0.00422454 -0.78266 -0.174096 -0.00118825 0.999979 -0.00634256 -0.0115455 0.78267 0.00487783 0.622418 3.23281
0.622256 -0.00378236 -0.782805 -0.19749 -0.00180256 0.999979 -0.00626457 -0.0116624 0.782812 0.00530922 0.622236 3.25169
0.62235 -0.00430333 -0.782727 -0.213924 -0.00142697 0.999977 -0.00663233 -0.0117866 0.782738 0.00524456 0.622329 3.26549
0.62221 -0.00400364 -0.78284 -0.226832 -0.00162425 0.999978 -0.00640512 -0.0117906 0.782849 0.00525686 0.62219 3.27522
0.622153 -0.00398675 -0.782886 -0.23842 -0.00128473 0.99998 -0.00611324 -0.0120957 0.782895 0.00480917 0.622135 3.28439
0.621956 -0.00359808 -0.783044 -0.25504 -0.00206548 0.999978 -0.00623546 -0.0120551 0.78305 0.00549555 0.621935 3.29729
0.621582 -0.00334358 -0.783342 -0.275514 -0.00219032 0.99998 -0.00600628 -0.0125978 0.783346 0.00544916 0.621562 3.31323
0.621587 -0.00333106 -0.783338 -0.298925 -0.0022833 0.999979 -0.00606412 -0.0127028 0.783342 0.00555798 0.621566 3.33206
0.621671 -0.0033427 -0.783271 -0.324875 -0.00250613 0.999977 -0.00625659 -0.0127529 0.783274 0.00585252 0.621649 3.35241
0.616465 -0.00351794 -0.787374 -0.350315 -0.00180736 0.999981 -0.0058829 -0.0128875 0.78738 0.00504967 0.616447 3.37117
0.595166 -0.00337892 -0.803596 -0.36994 -0.00206498 0.999981 -0.00573406 -0.0129536 0.8036 0.00507213 0.595148 3.38199
0.564382 -0.00352239 -0.825506 -0.385206 -0.00193707 0.999982 -0.00559121 -0.0126693 0.825512 0.00475464 0.564365 3.38579
0.52773 -0.00338116 -0.849405 -0.396605 -0.00241189 0.999982 -0.00547903 -0.0125302 0.849409 0.00494012 0.527712 3.38639
0.487748 -0.00364596 -0.872977 -0.404153 -0.00275845 0.99998 -0.00571758 -0.0126594 0.87298 0.0051968 0.487728 3.38382
0.450304 -0.00348339 -0.892868 -0.410536 -0.00246725 0.999984 -0.00514561 -0.012799 0.892872 0.00452001 0.450288 3.38179
0.430625 -0.00360778 -0.902524 -0.414159 -0.00271989 0.999982 -0.00529511 -0.0130353 0.902527 0.00473498 0.430607 3.38082
0.419725 -0.00366284 -0.907644 -0.416654 -0.00249567 0.999983 -0.00518956 -0.0127966 0.907648 0.00444337 0.419709 3.38156
0.414344 -0.00343004 -0.910114 -0.418323 -0.00292904 0.999983 -0.00510224 -0.0127992 0.910115 0.00477984 0.414327 3.38213
0.405268 -0.00334553 -0.914192 -0.419753 -0.00317901 0.999982 -0.00506876 -0.0127248 0.914193 0.00496043 0.40525 3.38174
0.379591 -0.00406177 -0.925146 -0.420224 -0.00302123 0.99998 -0.00562995 -0.0132122 0.92515 0.00493215 0.379571 3.37724
0.342852 -0.00390041 -0.939381 -0.421163 -0.00320508 0.999981 -0.00532181 -0.0132129 0.939384 0.00483539 0.342833 3.37148
0.301435 -0.00369446 -0.953479 -0.422149 -0.00284939 0.999985 -0.00477547 -0.0126776 0.953482 0.00415633 0.30142 3.36531
0.256352 -0.00374247 -0.966576 -0.421898 -0.00309197 0.999984 -0.00469186 -0.0126743 0.966579 0.0041914 0.256336 3.35785
0.215288 -0.00373271 -0.976543 -0.420928 -0.00376606 0.999982 -0.00465256 -0.0126872 0.976543 0.00467936 0.21527 3.3512
0.193521 -0.00372422 -0.981089 -0.420247 -0.00370988 0.999983 -0.00452771 -0.0128977 0.981089 0.00451593 0.193504 3.34784
0.181704 -0.00376405 -0.983346 -0.419947 -0.00368045 0.999983 -0.00450781 -0.0127707 0.983346 0.00443824 0.181687 3.34636
0.169888 -0.0039227 -0.985455 -0.419918 -0.00354854 0.999983 -0.00459228 -0.0126707 0.985457 0.0042771 0.169872 3.34469
0.140784 -0.00386449 -0.990033 -0.41914 -0.0037547 0.999983 -0.00443725 -0.0127251 0.990033 0.00434197 0.140767 3.3399
0.101693 -0.00385449 -0.994808 -0.417657 -0.00374612 0.999984 -0.00425749 -0.0127358 0.994809 0.00415963 0.101677 3.33398
0.0572016 -0.004044 -0.998354 -0.414942 -0.00356695 0.999985 -0.00425497 -0.0128992 0.998356 0.00380447 0.0571863 3.32659
0.00996998 -0.00394944 -0.999942 -0.412763 -0.00348991 0.999986 -0.00398441 -0.0129202 0.999944 0.00352944 0.00995606 3.31949
-0.0319307 -0.00376182 -0.999483 -0.410751 -0.00383925 0.999986 -0.00364106 -0.0126122 0.999483 0.00372101 -0.0319447 3.31379
-0.0547727 -0.00359247 -0.998492 -0.409284 -0.00375808 0.999987 -0.00339169 -0.0126457 0.998492 0.00356664 -0.0547855 3.31058
-0.066437 -0.00363688 -0.997784 -0.408538 -0.0039044 0.999987 -0.00338494 -0.0127397 0.997783 0.00367087 -0.0664503 3.30883
-0.0724222 -0.00368325 -0.997367 -0.410491 -0.00361044 0.999988 -0.00343076 -0.0127739 0.997368 0.00335247 -0.0724346 3.30804
-0.0753723 -0.00364578 -0.997149 -0.423266 -0.00413018 0.999986 -0.00334396 -0.012664 0.997147 0.00386636 -0.0753862 3.30679
-0.0771536 -0.00409647 -0.997011 -0.44289 -0.00390377 0.999985 -0.0038066 -0.0127354 0.997012 0.00359841 -0.0771684 3.30512
-0.0782432 -0.00383451 -0.996927 -0.468807 -0.00378216 0.999987 -0.00354944 -0.0127678 0.996927 0.00349282 -0.0782566 3.30324
-0.0784167 -0.00398306 -0.996913 -0.498151 -0.00347209 0.999987 -0.00372223 -0.0127974 0.996915 0.00316949 -0.0784295 3.30093
-0.0788038 -0.00417848 -0.996881 -0.527888 -0.00330941 0.999987 -0.00392989 -0.0128643 0.996885 0.0029894 -0.0788166 3.29824
-0.0787134 -0.00407364 -0.996889 -0.550123 -0.00340276 0.999987 -0.00381762 -0.0131704 0.996891 0.00309168 -0.0787262 3.29632
-0.0788953 -0.00416698 -0.996874 -0.565903 -0.00429185 0.999983 -0.00384031 -0.0126211 0.996874 0.00397545 -0.0789119 3.2957
-0.0855911 -0.00414924 -0.996322 -0.576181 -0.00448029 0.999983 -0.0037796 -0.0127218 0.99632 0.00414031 -0.0856082 3.29406
-0.112168 -0.00431926 -0.99368 -0.582854 -0.00419923 0.999984 -0.00387264 -0.0128805 0.99368 0.0037383 -0.112184 3.28928
-0.14976 -0.00425118 -0.988713 -0.585942 -0.00463756 0.999983 -0.00359718 -0.0127149 0.988711 0.0040465 -0.149778 3.28303
-0.192917 -0.00392551 -0.981207 -0.586618 -0.00453733 0.999985 -0.00310854 -0.0128114 0.981205 0.00385237 -0.192931 3.2767
-0.231844 -0.00449593 -0.972743 -0.585992 -0.00483766 0.999982 -0.00346882 -0.0125335 0.972741 0.00390157 -0.231862 3.2711
-0.252971 -0.00443541 -0.967464 -0.586275 -0.00477954 0.999983 -0.00333475 -0.012694 0.967462 0.00378044 -0.252988 3.26818
-0.263878 -0.00423031 -0.964547 -0.586635 -0.00495057 0.999983 -0.00303136 -0.0126817 0.964543 0.00397515 -0.263895 3.26646
-0.269474 -0.00425447 -0.962998 -0.58746 -0.00474264 0.999984 -0.00309075 -0.012643 0.962996 0.00373427 -0.26949 3.26574
-0.272422 -0.00417735 -0.962169 -0.590755 -0.00495161 0.999983 -0.00293956 -0.0128088 0.962165 0.00396349 -0.272438 3.26448
-0.273945 -0.00430713 -0.961736 -0.603338 -0.00540202 0.999981 -0.00293968 -0.0128527 0.96173 0.00439001 -0.273963 3.26097
-0.274768 -0.00411726 -0.961502 -0.623394 -0.00557349 0.999981 -0.0026893 -0.0126979 0.961494 0.00461999 -0.274786 3.25539
-0.281441 -0.00429264 -0.959569 -0.647989 -0.00597382 0.999978 -0.0027213 -0.0128292 0.95956 0.00496641 -0.28146 3.2473
-0.307184 -0.00424928 -0.951641 -0.671074 -0.00558059 0.999981 -0.00266375 -0.0130519 0.951634 0.00449245 -0.307202 3.23625
-0.343256 -0.00417714 -0.939233 -0.686803 -0.00567431 0.999981 -0.00237355 -0.0132372 0.939225 0.00451477 -0.343273 3.22601
-0.384111 -0.00454905 -0.923276 -0.696479 -0.0052873 0.999982 -0.00272731 -0.0130894 0.923272 0.00383404 -0.384129 3.21685
-0.426917 -0.00455183 -0.904279 -0.7014 -0.00569125 0.999981 -0.00234668 -0.012959 0.904273 0.00414464 -0.426935 3.20853
-0.464439 -0.00473519 -0.885592 -0.70322 -0.00598247 0.99998 -0.00220937 -0.0130916 0.885585 0.00427191 -0.464458 3.20209
-0.490487 -0.0047527 -0.871435 -0.704829 -0.00644682 0.999978 -0.00182516 -0.0135284 0.871425 0.00472277 -0.490507 3.19756
-0.523317 -0.00451892 -0.852126 -0.703661 -0.00615914 0.99998 -0.00152048 -0.0134401 0.852116 0.00445267 -0.523334 3.19254
-0.560208 -0.00460299 -0.828339 -0.701105 -0.00614405 0.99998 -0.00140155 -0.0132398 0.828329 0.00430421 -0.560225 3.18745
-0.598472 -0.00472819 -0.80113 -0.696524 -0.00633318 0.999979 -0.00117067 -0.0132826 0.801119 0.00437309 -0.598489 3.18266
-0.636326 -0.00470772 -0.771406 -0.691004 -0.00610507 0.999981 -0.00106665 -0.0132977 0.771396 0.00403075 -0.636343 3.1782
-0.668669 -0.00424526 -0.743548 -0.686125 -0.00574926 0.999983 -0.000539093 -0.0134723 0.743538 0.00391437 -0.668683 3.17505
-0.690394 -0.0042433 -0.723421 -0.682715 -0.00559396 0.999984 -0.000526938 -0.0135536 0.723412 0.00368299 -0.690407 3.17337
-0.718288 -0.00461585 -0.69573 -0.677983 -0.00627166 0.99998 -0.000159401 -0.0133811 0.695717 0.00424889 -0.718303 3.16998
-0.747955 -0.00428214 -0.663735 -0.671675 -0.00594216 0.999982 0.000244672 -0.0131091 0.663723 0.00412702 -0.747967 3.16731
-0.778619 -0.00442103 -0.627481 -0.664442 -0.0057052 0.999984 3.3814e-05 -0.0132498 0.627471 0.00360624 -0.778632 3.16548
-0.807892 -0.00437504 -0.589314 -0.657347 -0.00597289 0.999982 0.000764433 -0.0135565 0.5893 0.00413749 -0.807903 3.16282
-0.832189 -0.00410402 -0.554477 -0.650798 -0.0055339 0.999984 0.000904091 -0.0133409 0.554465 0.0038208 -0.832199 3.16134
-0.844741 -0.00457729 -0.535155 -0.647624 -0.00652767 0.999977 0.0017509 -0.0130258 0.535135 0.00497237 -0.844752 3.16001
-0.851044 -0.0046013 -0.525075 -0.646031 -0.00654158 0.999977 0.00183971 -0.0129839 0.525054 0.00500049 -0.851054 3.15948
-0.854262 -0.0042755 -0.519826 -0.6469 -0.00620303 0.999979 0.00196913 -0.0128743 0.519806 0.00490665 -0.85427 3.15706
-0.855924 -0.00448124 -0.517082 -0.652635 -0.00622315 0.999979 0.00163494 -0.0131044 0.517064 0.00461726 -0.855934 3.14638
-0.856815 -0.00435882 -0.515605 -0.663113 -0.00615035 0.99998 0.00176682 -0.013107 0.515587 0.00468499 -0.856824 3.12881
-0.857112 -0.00480132 -0.515107 -0.67645 -0.00652237 0.999978 0.0015321 -0.0130226 0.515088 0.0046729 -0.857125 3.10708
-0.857314 -0.00481783 -0.514772 -0.692013 -0.00649868 0.999978 0.00146411 -0.0129569 0.514753 0.00460054 -0.857326 3.08149
-0.857507 -0.00478993 -0.514449 -0.707445 -0.00642844 0.999978 0.00140462 -0.012964 0.514431 0.00451157 -0.85752 3.05588
-0.860877 -0.00489236 -0.50879 -0.717361 -0.00662217 0.999977 0.00158931 -0.0128486 0.508771 0.00473749 -0.860889 3.03704
-0.874194 -0.00494886 -0.485552 -0.721357 -0.00673981 0.999975 0.00194245 -0.0129517 0.48553 0.00497061 -0.874206 3.02297
-0.892021 -0.00499499 -0.451966 -0.721332 -0.00665805 0.999976 0.00208921 -0.0130768 0.451945 0.00487284 -0.892033 3.01208
-0.910899 -0.00454626 -0.412604 -0.71858 -0.00621339 0.999977 0.00269899 -0.0127971 0.412583 0.00502218 -0.910906 3.00448
-0.930088 -0.00463934 -0.367308 -0.713401 -0.00597431 0.999979 0.00249761 -0.0130417 0.367289 0.00451741 -0.930096 2.99931
-0.943645 -0.00486526 -0.330923 -0.708999 -0.00601105 0.999979 0.00243907 -0.0132968 0.330905 0.00429082 -0.943654 2.99609
-0.950945 -0.00429652 -0.30933 -0.706774 -0.00528327 0.999983 0.00235236 -0.0134135 0.309314 0.00387124 -0.950952 2.99373
-0.954405 -0.00536323 -0.298468 -0.70642 -0.00680519 0.99997 0.00379215 -0.0131393 0.298438 0.00565037 -0.954412 2.99155
-0.95621 -0.00525393 -0.292634 -0.706705 -0.00669183 0.99997 0.0039128 -0.0130263 0.292605 0.00569972 -0.956217 2.99012
-0.957134 -0.00527847 -0.289596 -0.70665 -0.00664582 0.999971 0.00373839 -0.0130727 0.289568 0.00550274 -0.957142 2.98936
-0.959582 -0.00519231 -0.28138 -0.705849 -0.00650674 0.999972 0.00373725 -0.0131146 0.281353 0.00541707 -0.959589 2.9891
-0.966782 -0.00538279 -0.255545 -0.701702 -0.00666072 0.999969 0.00413566 -0.0129805 0.255515 0.0057004 -0.966788 2.98879
-0.976048 -0.00496039 -0.217498 -0.695524 -0.00602027 0.999973 0.00421067 -0.0132795 0.217471 0.00541921 -0.976052 2.98958
-0.984528 -0.00478961 -0.175165 -0.689308 -0.00567036 0.999974 0.004528 -0.0132965 0.175138 0.00545119 -0.984529 2.98776
-0.991654 -0.00488833 -0.128833 -0.684179 -0.00556475 0.999973 0.00489094 -0.0134784 0.128805 0.00556705 -0.991654 2.97654
-0.996165 -0.00518475 -0.0873363 -0.680623 -0.00564904 0.999971 0.00506981 -0.0134302 0.0873075 0.00554373 -0.996166 2.95833
-0.997901 -0.00531739 -0.0645337 -0.680834 -0.00567075 0.99997 0.00529373 -0.013327 0.0645036 0.00564857 -0.997901 2.9333
-0.998599 -0.00499861 -0.0526827 -0.681625 -0.00529675 0.999971 0.00552113 -0.0123402 0.0526536 0.00579244 -0.998596 2.90304
-0.998902 -0.00526878 -0.0465514 -0.683222 -0.00552999 0.99997 0.0054842 -0.0121783 0.046521 0.0057356 -0.998901 2.87386
-0.999045 -0.00520977 -0.043381 -0.684827 -0.00545099 0.99997 0.00544411 -0.0120924 0.0433514 0.00567538 -0.999044 2.85181
-0.999121 -0.0049754 -0.0416183 -0.686109 -0.00520396 0.999972 0.0053853 -0.0121836 0.0415904 0.00559715 -0.999119 2.83627
-0.99916 -0.00508016 -0.040657 -0.687082 -0.00529575 0.999972 0.00519686 -0.0123136 0.0406295 0.00540781 -0.99916 2.82527
-0.999151 -0.00456515 -0.0409404 -0.687415 -0.00478871 0.999974 0.00536414 -0.0120757 0.0409149 0.00555564 -0.999147 2.81765
-0.999157 -0.00473661 -0.0407852 -0.687925 -0.00496206 0.999973 0.0054283 -0.0119567 0.0407584 0.00562611 -0.999153 2.809
-0.999166 -0.00467433 -0.0405668 -0.688786 -0.00489404 0.999974 0.00531838 -0.0119906 0.0405409 0.00551248 -0.999163 2.79233
-0.999158 -0.00473223 -0.0407442 -0.689951 -0.00495374 0.999973 0.00533745 -0.0119292 0.0407178 0.00553479 -0.999155 2.76856
-0.999171 -0.00465964 -0.0404379 -0.690932 -0.0048729 0.999975 0.00517679 -0.0121491 0.0404128 0.00536955 -0.999169 2.74082
-0.99917 -0.00447525 -0.0404779 -0.69207 -0.00468438 0.999976 0.00507314 -0.0106913 0.0404542 0.00525855 -0.999168 2.70972
