1 -1.38778e-17 3.46945e-18 -4.44089e-16 0 1 -3.90313e-18 1.11022e-16 3.46945e-18 4.33681e-19 1 0
1 -0.000284293 0.000339736 0.000162355 0.000284132 1 0.000473209 1.246e-05 -0.00033987 -0.000473113 1 5.58046e-05
1 8.46841e-05 0.000734165 0.000236484 -8.61151e-05 0.999998 0.00194931 -1.46308e-06 -0.000733998 -0.00194938 0.999998 4.882e-05
0.999999 -0.0011263 0.000560769 -0.000249849 0.00112571 0.999999 0.00105863 5.8784e-05 -0.00056196 -0.001058 0.999999 -6.52222e-05
0.999999 -0.00125822 0.000500574 0.000337883 0.00125759 0.999998 0.00124239 -4.13541e-05 -0.000502136 -0.00124176 0.999999 0.000139049
1 -0.000565004 0.000517151 0.000486147 0.000564199 0.999999 0.00155491 -7.10918e-05 -0.000518028 -0.00155461 0.999999 0.000187585
1 -0.000479466 0.000317345 9.22246e-05 0.000479265 1 0.000632183 -1.19835e-05 -0.000317648 -0.000632031 1 4.30511e-05
0.999999 -0.00131126 0.000295221 -0.000478274 0.00131109 0.999999 0.000578635 8.32404e-05 -0.000295979 -0.000578248 1 -0.000199923
1 -0.000163215 0.000260195 -0.00012752 0.000163089 1 0.000484783 5.67489e-05 -0.000260274 -0.00048474 1 -7.90282e-05
0.999999 -0.00120498 0.000190279 -0.000310383 0.00120494 0.999999 0.000222721 9.07953e-05 -0.000190547 -0.000222492 1 -0.000101761
0.999998 -0.0018952 6.44391e-05 -0.000723568 0.00189522 0.999998 -0.00023429 0.000134066 -6.3995e-05 0.000234412 1 -0.000281909
1 6.48593e-05 0.000775271 0.000532439 -6.76659e-05 0.999993 0.00362072 -4.00731e-05 -0.000775031 -0.00362077 0.999993 0.000202139
1 -0.000734361 -1.14253e-05 -5.33473e-05 0.000734361 1 3.57193e-05 4.34583e-05 1.1399e-05 -3.57277e-05 1 2.68273e-06
0.999999 -0.00103689 0.000318168 0.000105156 0.00103681 0.999999 0.000244698 4.86976e-06 -0.000318422 -0.000244368 1 4.58404e-05
1 -0.000469245 0.000295411 0.000309879 0.000469099 1 0.000495798 -3.954e-05 -0.000295644 -0.000495659 1 0.000142224
1 -0.000276183 0.000406638 -0.000147584 0.000275727 0.999999 0.00112036 0.000108068 -0.000406947 -0.00112025 0.999999 -8.40644e-05
1 6.2484e-05 0.000480072 3.02584e-06 -6.29097e-05 1 0.000886668 3.94994e-05 -0.000480016 -0.000886698 0.999999 -1.99774e-05
0.999999 -0.00123618 0.000680521 -6.48342e-05 0.00123432 0.999996 0.00273304 7.70306e-05 -0.000683896 -0.00273219 0.999996 -3.90491e-05
0.999999 -0.00114627 0.000139786 -0.000431316 0.00114616 0.999999 0.000756324 9.37143e-05 -0.000140652 -0.000756164 1 -0.000155835
1 0.000185437 0.000164253 0.000465338 -0.000185632 0.999999 0.00119095 -3.43024e-05 -0.000164032 -0.00119098 0.999999 0.000191195
1 -0.000220651 -7.74587e-05 0.000117129 0.000220702 1 0.000657338 3.0772e-05 7.73137e-05 -0.000657356 1 2.04932e-05
1 0.000101414 0.000312536 5.94548e-05 -0.000101699 1 0.000912094 4.63049e-05 -0.000312444 -0.000912126 1 -8.98823e-06
1 0.000148214 0.00020385 -2.53402e-05 -0.000148275 1 0.000298501 5.24858e-05 -0.000203805 -0.000298531 1 -2.97268e-05
1 0.000139343 0.000466523 0.000281548 -0.000140001 0.999999 0.00141126 1.38365e-05 -0.000466326 -0.00141133 0.999999 0.000101398
0.999999 -0.00138689 -0.000686865 -0.000392389 0.00138605 0.999998 -0.00121247 7.86376e-05 0.000688545 0.00121152 0.999999 -0.000187034
1 -0.000405678 0.000480833 0.000410236 0.000404952 0.999999 0.00151054 -4.02739e-05 -0.000481446 -0.00151034 0.999999 0.000121562
0.999999 -0.00134098 -2.11874e-06 -0.00132221 0.00134098 0.999999 0.000213316 0.000267608 1.83268e-06 -0.000213319 1 -0.000550703
0.999999 -0.00122779 -0.00010039 -0.000472819 0.00122769 0.999999 -0.00102788 0.00012112 0.000101652 0.00102776 0.999999 -0.000180501
1 -0.00053347 9.57623e-05 -0.000344367 0.000533429 1 0.000429435 0.00012498 -9.59913e-05 -0.000429384 1 -0.000179913
0.999995 -0.00315746 -0.00034106 -0.00106995 0.00315711 0.999995 -0.000996187 0.000175327 0.000344203 0.000995105 0.999999 -0.000469887
1 8.55583e-05 0.000592682 0.000932649 -8.64987e-05 0.999999 0.00158694 -0.000127236 -0.000592546 -0.00158699 0.999999 0.000356202
1 -0.000846579 0.000392689 -0.000612976 0.000846347 0.999999 0.000592489 0.000154068 -0.00039319 -0.000592156 1 -0.000291721
0.999998 -0.0020779 7.3854e-05 -0.000859636 0.00207788 0.999998 0.000215337 0.000184085 -7.43013e-05 -0.000215183 1 -0.000361294
0.999998 -0.00179755 0.00053577 -0.000559973 0.001797 0.999998 0.00102654 0.000156296 -0.000537614 -0.00102558 0.999999 -0.00022273
1 -0.000458071 0.000321126 -0.000215928 0.000457766 0.999999 0.000949258 8.89304e-05 -0.000321561 -0.000949111 0.999999 -0.000126225
1 -0.000106186 0.000339862 0.000311017 0.000106034 1 0.000446285 9.97069e-07 -0.000339909 -0.000446249 1 0.000121051
1 0.000520848 0.000197545 0.000226374 -0.000520801 1 -0.00023748 8.81337e-07 -0.000197669 0.000237377 1 5.08502e-05
0.999999 -0.00137954 0.000426463 -0.000359567 0.00137924 0.999999 0.000694909 0.000116433 -0.000427421 -0.00069432 1 -0.000122562
0.999999 -0.00143421 -0.000698561 -0.0013235 0.00143293 0.999997 -0.00183126 0.000230728 0.000701185 0.00183026 0.999998 -0.000586418
0.999999 -0.00084495 -0.000596318 -0.000749885 0.00084398 0.999998 -0.00162496 0.00018453 0.00059769 0.00162445 0.999999 -0.000328414
0.999996 -0.00273626 -0.00039606 -0.00178717 0.00273579 0.999996 -0.00118075 0.000357826 0.000399289 0.00117966 0.999999 -0.000723775
0.999999 -0.00133939 -2.64237e-05 -0.0006869 0.00133938 0.999999 -0.000283487 0.000184397 2.68034e-05 0.000283451 1 -0.000271082
0.999999 -0.00159157 -0.000526622 -0.00116139 0.00159102 0.999998 -0.0010516 0.000212183 0.000528295 0.00105076 0.999999 -0.000497772
1 -0.000785579 -0.000587028 -0.00066258 0.000784489 0.999998 -0.0018549 0.000171595 0.000588484 0.00185444 0.999998 -0.000298288
0.999998 -0.00213951 0.000230242 -0.00164649 0.00213938 0.999998 0.000557337 0.000336031 -0.000231434 -0.000556843 1 -0.000704639
0.999999 -0.00161637 -0.000417265 -0.001569 0.00161568 0.999997 -0.00166787 0.000321963 0.00041996 0.00166719 0.999999 -0.00066236
0.999999 -0.00107791 0.00010462 -0.000891339 0.00107786 0.999999 0.000453481 0.000202342 -0.000105109 -0.000453367 1 -0.000407948
1 -0.000395373 -8.44644e-05 -0.000779583 0.000395233 0.999999 -0.00164541 0.000191917 8.51148e-05 0.00164538 0.999999 -0.000366266
0.999998 -0.00186091 0.000387792 -0.000774674 0.00186019 0.999997 0.00185764 0.000184015 -0.000391247 -0.00185691 0.999998 -0.000327279
1 0.00030714 0.00028861 -0.000169337 -0.000307244 1 0.000360493 0.000115974 -0.000288499 -0.000360582 1 -0.000118361
0.999997 -0.00232749 2.83261e-05 -0.00155405 0.00232749 0.999997 -0.000176809 0.000337246 -2.79145e-05 0.000176875 1 -0.000666654
1 -0.000532075 -0.000276481 -0.000478588 0.000531802 0.999999 -0.000984261 0.000117355 0.000277005 0.000984113 0.999999 -0.000245751
0.999998 -0.00203813 -0.000280777 -0.00132734 0.0020379 0.999998 -0.000798798 0.000277487 0.000282404 0.000798224 1 -0.000559282
1 -0.000818139 0.000165511 -0.00104018 0.000818124 1 9.54871e-05 0.000237649 -0.000165589 -9.53516e-05 1 -0.000454083
0.999999 -0.00140168 -0.000376525 -0.00124399 0.00140135 0.999999 -0.000885829 0.000231182 0.000377766 0.0008853 1 -0.000554905
1 -0.000901544 -0.000103306 -0.00109603 0.000901489 0.999999 -0.000532839 0.000236433 0.000103787 0.000532745 1 -0.000477628
0.999997 -0.002375 0.000239825 -0.00136208 0.0023749 0.999997 0.000409431 0.000287542 -0.000240797 -0.000408861 1 -0.000566255
1 -0.000472668 -0.000237826 -0.000476333 0.000472553 1 -0.000484611 0.000125499 0.000238055 0.000484498 1 -0.000238719
1 -0.000154263 -5.32736e-05 -0.000527435 0.000154258 1 -0.000102454 0.000182535 5.32894e-05 0.000102446 1 -0.000261146
0.999999 -0.00129043 -0.00100346 -0.00176832 0.00128786 0.999996 -0.00255876 0.000367716 0.00100675 0.00255747 0.999996 -0.000779287
1 -0.000437127 -7.15447e-05 -0.000500974 0.000437084 1 -0.00060184 0.000151401 7.18078e-05 0.000601808 1 -0.00023596
0.999998 -0.00179157 -0.000618331 -0.00114965 0.00179028 0.999996 -0.00208589 0.000325241 0.000622065 0.00208478 0.999998 -0.000480131
0.999999 -0.00152694 3.23611e-05 -0.00119758 0.00152697 0.999998 -0.000976213 0.000276033 -3.08704e-05 0.000976261 1 -0.000491707
0.999999 -0.0012115 -0.000151885 -0.00115238 0.00121137 0.999999 -0.00085176 0.000325775 0.000152917 0.000851575 1 -0.00053837
0.999999 -0.00142326 0.000212111 -0.000879456 0.00142322 0.999999 0.000173938 0.000236231 -0.000212359 -0.000173636 1 -0.000391068
0.999999 -0.00162125 -0.000373149 -0.00125437 0.00162055 0.999997 -0.00186978 0.000291339 0.000376179 0.00186918 0.999998 -0.00054687
1 -1.17118e-05 -0.000264548 -0.000259026 1.15712e-05 1 -0.000531411 0.000115372 0.000264554 0.000531408 1 -0.000138718
0.999998 -0.0019693 -0.000176694 -0.00159731 0.00196916 0.999998 -0.000791785 0.000349701 0.000178253 0.000791435 1 -0.00067454
1 -0.000894081 0.000289752 -0.000780259 0.000893856 0.999999 0.000775043 0.000180839 -0.000290445 -0.000774783 1 -0.000363512
0.999998 -0.00174312 -0.000586859 -0.00146207 0.00174234 0.999998 -0.00133322 0.000308512 0.000589181 0.00133219 0.999999 -0.000629711
1 -0.000295942 -0.000483719 -0.000512225 0.000295447 0.999999 -0.00102323 0.000176448 0.000484022 0.00102309 0.999999 -0.000267577
0.999998 -0.00185202 -0.000318195 -0.00160608 0.00185153 0.999997 -0.00155405 0.000370075 0.000321072 0.00155345 0.999999 -0.000684749
0.999999 -0.00170014 -0.000302013 -0.00144139 0.00169972 0.999998 -0.00139227 0.000316758 0.000304379 0.00139175 0.999999 -0.000643403
0.999999 -0.00113668 -8.81905e-05 -0.000228111 0.00113659 0.999999 -0.00100809 9.71308e-05 8.93363e-05 0.00100799 0.999999 -0.000122967
1 -0.000433902 -0.000267866 -0.000504543 0.000433761 1 -0.000524268 0.000186015 0.000268093 0.000524152 1 -0.000253878
1 -0.000573669 -0.000151741 -0.000248314 0.000573646 1 -0.000154005 0.000111868 0.000151829 0.000153918 1 -0.000166592
1 -0.000120141 0.000175704 -0.000457646 0.00011993 0.999999 0.00120194 0.000173821 -0.000175849 -0.00120192 0.999999 -0.000249377
0.999997 -0.00226606 -0.000856206 -0.000953233 0.00226314 0.999992 -0.00340017 0.000239082 0.000863904 0.00339822 0.999994 -0.000392238
1 -0.000842309 -0.000443101 -0.000717403 0.000841469 0.999998 -0.00189365 0.000211294 0.000444695 0.00189328 0.999998 -0.000323836
0.999997 -0.00241243 -0.000549566 -0.00190169 0.00241085 0.999993 -0.00285002 0.000399282 0.000556438 0.00284869 0.999996 -0.000816746
1 -0.000481859 -0.000545539 -8.00748e-05 0.000482243 1 0.000705357 0.000126563 0.000545199 -0.00070562 1 -9.65482e-05
1 -0.000943501 -0.000314457 -0.000940671 0.000943179 0.999999 -0.00102222 0.000202596 0.000315421 0.00102193 0.999999 -0.000430406
0.999997 -0.00242958 -0.000964118 -0.00134665 0.00242703 0.999994 -0.00263384 0.00028084 0.000970511 0.00263149 0.999996 -0.000571739
1 -0.000783134 -0.000519318 -0.000845633 0.000782382 0.999999 -0.00144581 0.000267131 0.00052045 0.0014454 0.999999 -0.000397721
0.999998 -0.00171311 -0.00055542 -0.00125049 0.00171209 0.999997 -0.00182998 0.00031035 0.000558553 0.00182902 0.999998 -0.000562549
0.999999 -0.00123935 -5.74737e-05 -0.000690014 0.00123931 0.999999 -0.000582955 0.0001646 5.81961e-05 0.000582883 1 -0.000346946
0.999999 -0.00110894 -1.0443e-05 -0.00080526 0.00110894 0.999999 -2.51105e-05 0.000244885 1.04708e-05 2.50989e-05 1 -0.000383915
0.999999 -0.00128318 -0.00103053 -0.00106965 0.00128108 0.999997 -0.00203457 0.000288362 0.00103314 0.00203325 0.999997 -0.000487367
1 -0.000907105 -1.23391e-05 -0.000889815 0.000907108 1 0.000190925 0.00027211 1.21659e-05 -0.000190936 1 -0.000407775
0.999996 -0.00289543 -0.000177031 -0.00179235 0.00289531 0.999996 -0.000631097 0.000402396 0.000178857 0.000630582 1 -0.000779754
0.999999 -0.00105853 -0.000504623 -0.000409039 0.00105771 0.999998 -0.00161051 0.000149288 0.000506327 0.00160998 0.999999 -0.000201165
0.999999 -0.00110283 -0.000469483 -0.000713682 0.00110211 0.999998 -0.00152702 0.000196964 0.000471166 0.0015265 0.999999 -0.000343517
0.999998 -0.00172378 0.00021708 -0.000365985 0.00172352 0.999998 0.00118232 0.000182288 -0.000219118 -0.00118195 0.999999 -0.00021342
0.999998 -0.00199936 -0.000307341 -0.000336158 0.00199881 0.999996 -0.00179161 0.000128368 0.000310922 0.00179099 0.999998 -0.000132134
0.999999 -0.00150356 -0.000609895 -0.00106905 0.00150265 0.999998 -0.00149884 0.000296236 0.000612147 0.00149792 0.999999 -0.000485684
0.999992 -0.00388399 -0.000878946 -0.00195675 0.00388252 0.999991 -0.00166005 0.000419834 0.000885386 0.00165662 0.999998 -0.000816915
0.999995 -0.00290615 -0.000866308 -0.0016694 0.00290346 0.999991 -0.00308324 0.000350833 0.000875261 0.00308071 0.999995 -0.000707731
0.999994 -0.0033537 -0.00112181 -0.00171518 0.0033501 0.999989 -0.003193 0.000368093 0.0011325 0.00318923 0.999994 -0.00071095
0.999995 -0.00309495 -0.000495936 -0.00143216 0.00309416 0.999994 -0.00159664 0.000371185 0.000500874 0.00159509 0.999999 -0.000578534
1 -0.000299004 0.000241004 0.000521015 0.000298739 0.999999 0.00109586 2.91179e-05 -0.000241331 -0.00109578 0.999999 0.000175756
0.999999 -0.00143252 -0.000272655 -0.00107472 0.00143248 0.999999 -0.000176886 0.000299436 0.000272908 0.000176495 1 -0.000465307
0.999998 -0.00188099 -0.000581788 -0.000651725 0.00188087 0.999998 -0.000221455 0.000237975 0.000582204 0.00022036 1 -0.000321267
0.999999 -0.00144531 -0.000590166 -0.000992409 0.00144436 0.999998 -0.00161212 0.000276848 0.000592495 0.00161127 0.999999 -0.000454998
0.999998 -0.00182554 -0.000391764 -0.000764396 0.00182503 0.999997 -0.00130702 0.00026411 0.000394149 0.0013063 0.999999 -0.000312673
0.999999 -0.00110489 -0.00105945 -0.000843486 0.00110131 0.999994 -0.00337581 0.000274609 0.00106317 0.00337464 0.999994 -0.000359937
0.999997 -0.00234282 -0.000642255 -0.00155667 0.00234131 0.999995 -0.00234431 0.000336212 0.000647743 0.0023428 0.999997 -0.000657539
0.999996 -0.00273222 4.53529e-05 -0.000561781 0.00273217 0.999996 0.00110888 0.000252999 -4.83824e-05 -0.00110876 0.999999 -0.000286017
0.999994 -0.00356649 -0.000312842 -0.00185388 0.00356603 0.999993 -0.00144667 0.000405469 0.000317999 0.00144555 0.999999 -0.000821884
0.999999 -0.0013427 -0.000107446 -0.00083045 0.0013427 0.999999 -7.61341e-05 0.000272174 0.000107548 7.59898e-05 1 -0.000395479
0.999998 -0.00143317 -0.00133773 -0.000717419 0.00142869 0.999993 -0.00334425 0.000231233 0.00134251 0.00334234 0.999994 -0.000352486
0.999994 -0.00339608 -0.000237944 -0.00132947 0.00339588 0.999994 -0.000818055 0.000335398 0.00024072 0.000817242 1 -0.000548912
1 -0.000940451 -9.21429e-05 -0.000448895 0.000940406 0.999999 -0.000484503 0.000167006 9.25985e-05 0.000484416 1 -0.000217414
0.999996 -0.00264515 -0.000821174 -0.00165861 0.00264335 0.999994 -0.00218553 0.000369117 0.00082695 0.00218335 0.999997 -0.000710208
0.999999 -0.00112606 -0.000763205 -0.00114255 0.00112447 0.999997 -0.00208243 0.000303437 0.000765548 0.00208157 0.999998 -0.000521957
0.999996 -0.00261323 -0.000728189 -0.00138457 0.00261147 0.999994 -0.00241372 0.000339373 0.000734492 0.00241181 0.999997 -0.00057424
0.999997 -0.0022626 -0.000830185 -0.00169676 0.00226103 0.999996 -0.00188767 0.000406669 0.000834453 0.00188579 0.999998 -0.00074063
0.999997 -0.00234062 -0.000780585 -0.00149843 0.00233865 0.999994 -0.00250946 0.000351572 0.000786454 0.00250762 0.999997 -0.000658619
0.999997 -0.00223276 -0.000804926 -0.00191804 0.00223144 0.999996 -0.00163945 0.000443426 0.000808584 0.00163765 0.999998 -0.000836204
1 -0.000953887 0.000142405 -0.000268795 0.000953926 1 -0.000270883 0.000138357 -0.000142146 0.000271019 1 -0.000147991
0.999998 -0.00187464 0.000225331 -0.00061465 0.00187431 0.999997 0.00146905 0.000261586 -0.000228084 -0.00146862 0.999999 -0.000318751
0.999998 -0.00164042 -0.000583185 -0.00147569 0.00163984 0.999998 -0.00100313 0.000392075 0.000584829 0.00100217 0.999999 -0.000673106
0.999996 -0.00259025 0.000726243 -0.000562649 0.0025884 0.999993 0.0025464 0.000216723 -0.000732834 -0.00254451 0.999996 -0.000275919
0.999997 -0.00234932 0.000139892 -0.00100373 0.00234935 0.999997 -0.000227712 0.000310108 -0.000139357 0.00022804 1 -0.00046176
1 -0.000682612 -0.000454567 -0.000456304 0.000682021 0.999999 -0.00129978 0.000198329 0.000455454 0.00129947 0.999999 -0.000267394
0.999995 -0.00322351 -0.000219026 -0.00178926 0.00322334 0.999995 -0.000770683 0.000435113 0.000221509 0.000769973 1 -0.00076116
0.999999 -0.0015303 -0.000534706 -0.00131524 0.00152902 0.999996 -0.00238995 0.000340759 0.000538362 0.00238913 0.999997 -0.000599768
0.999998 -0.00187817 -0.000619408 -0.00116386 0.00187721 0.999997 -0.00154617 0.000292696 0.00062231 0.001545 0.999999 -0.000523459
0.999996 -0.00268095 0.000145086 -0.000887554 0.00268093 0.999996 0.000116241 0.000295134 -0.000145397 -0.000115851 1 -0.000277118
0.999997 -0.00244236 -0.000475569 -0.000597307 0.00244168 0.999996 -0.0014407 0.000202988 0.000479085 0.00143953 0.999999 0.00014414
1 -0.000901231 -0.000121165 0.000238891 0.000901225 1 -5.59717e-05 7.82951e-05 0.000121215 5.58625e-05 1 0.000865046
0.999996 -0.00272025 -0.000296837 -0.00127134 0.00271946 0.999993 -0.00264643 0.000284045 0.000304034 0.00264561 0.999996 0.000714002
1 0.000165445 9.84307e-05 -0.000830093 -0.000165536 1 0.00092334 0.000216742 -9.82779e-05 -0.000923356 1 0.00137574
0.999998 -0.00187351 -0.000360919 -0.00133938 0.00187284 0.999996 -0.00187306 0.000259848 0.000364427 0.00187238 0.999998 0.00156066
0.999999 -0.00160574 -3.05789e-05 -0.00102083 0.00160569 0.999998 -0.00141286 0.000226538 3.28475e-05 0.00141281 0.999999 0.00219829
0.999998 -0.00199547 5.74716e-06 -0.000752022 0.00199547 0.999994 -0.00278297 0.000130392 -1.93804e-07 0.00278298 0.999996 0.00271908
0.999996 -0.00279637 -0.000296532 -0.00068702 0.00279599 0.999995 -0.00125847 0.00010866 0.000300049 0.00125764 0.999999 0.00314957
0.999999 -0.000961984 0.000679848 0.000409949 0.000959501 0.999993 0.00364267 -4.16294e-05 -0.000683347 -0.00364201 0.999993 0.0040467
1 -0.00091573 8.5722e-06 4.78615e-06 0.000915725 0.999999 0.000591681 -1.81373e-05 -9.11401e-06 -0.000591673 1 0.00428721
1 -0.000897159 0.000377609 0.00088258 0.000896226 0.999997 0.00246413 -0.000149847 -0.000379818 -0.00246379 0.999997 0.00505187
0.999995 -0.00295913 -0.000596929 -0.00126608 0.00295792 0.999994 -0.00200962 0.000147068 0.000602872 0.00200784 0.999998 0.00464277
0.999989 -0.00469717 -9.7299e-05 -0.000147257 0.00469684 0.999984 -0.00312797 -6.78198e-06 0.00011199 0.00312748 0.999995 0.00560384
0.999994 -0.00345648 -0.000104858 -0.00132551 0.00345651 0.999994 0.000267805 0.00014018 0.000103932 -0.000268165 1 0.00550232
0.999991 -0.00418848 0.000289631 -0.0014417 0.00418907 0.999989 -0.00205382 0.000198331 -0.000281025 0.00205502 0.999998 0.00584097
0.999995 -0.00300758 0.000281549 -0.000273663 0.00300788 0.999995 -0.00107729 -6.95948e-05 -0.000278308 0.00107814 0.999999 0.00684099
0.999998 -0.00183096 -0.000134216 -0.000607233 0.00183077 0.999997 -0.00137002 1.48545e-05 0.000136725 0.00136977 0.999999 0.00717606
0.999999 -0.00120217 0.00078989 0.000565314 0.00119994 0.999995 0.002806 -0.000197501 -0.00079326 -0.00280505 0.999996 0.00802499
1 -0.000721064 -0.000181103 -0.000307223 0.000721035 1 -0.00016188 -6.47867e-05 0.000181219 0.000161749 1 0.00811544
0.999996 -0.00289134 0.00065168 -0.00051571 0.00289015 0.999994 0.00181907 -4.77989e-05 -0.000656936 -0.00181717 0.999998 0.00850178
0.999999 -0.00160031 3.29487e-05 -0.000535846 0.00160035 0.999998 -0.00140092 -2.4208e-05 -3.07067e-05 0.00140097 0.999999 0.00895922
0.999999 -0.0010841 -0.000513354 -0.000614771 0.00108294 0.999997 -0.00225618 -8.77063e-05 0.000515798 0.00225562 0.999997 0.00938428
0.999994 -0.00333217 -0.000213428 -0.000504235 0.00333147 0.999989 -0.00319778 -0.000120865 0.000224081 0.00319705 0.999995 0.00986709
0.999985 -0.00548749 -0.000891383 -0.00208419 0.00548087 0.999959 -0.00726997 0.000152085 0.00093124 0.00726497 0.999973 0.00968702
0.999997 -0.00247014 0.000235598 1.32243e-05 0.00246941 0.999992 0.003057 -0.000194687 -0.000243147 -0.00305641 0.999995 0.011426
0.999999 -0.00139958 0.000748246 0.000288907 0.00139764 0.999996 0.00258621 -0.000243843 -0.000751862 -0.00258517 0.999996 0.0119437
0.999994 -0.00330792 0.00068983 0.000199415 0.00330566 0.999989 0.00325481 -0.000226966 -0.000700589 -0.00325251 0.999994 0.0123529
0.999996 -0.00268714 7.19193e-05 -0.000621375 0.00268701 0.999995 0.00170134 -4.92916e-05 -7.64906e-05 -0.00170114 0.999999 0.0124481
0.999986 -0.00529943 0.000663186 -0.000746205 0.00529984 0.999986 -0.000607567 -9.44467e-05 -0.000659956 0.000611074 1 0.012892
0.999992 -0.0038523 -0.00075502 -0.00112595 0.00385025 0.999989 -0.00269842 -7.36961e-05 0.000765407 0.00269549 0.999996 0.0131317
0.999992 -0.00403458 0.000642808 -0.000974434 0.00403516 0.999991 -0.000897046 -1.34991e-05 -0.000639183 0.000899632 0.999999 0.0135683
0.999993 -0.00370635 0.000309951 -0.000354908 0.00370664 0.999993 -0.000963836 -0.000154083 -0.000306376 0.000964979 0.999999 0.0143136
0.999998 -0.00206217 0.000435678 -0.000377724 0.00206168 0.999997 0.00111946 -0.000173902 -0.000437985 -0.00111856 0.999999 0.0147465
0.999992 -0.00387204 0.000170879 -2.42402e-05 0.00387182 0.999992 0.00126268 -0.000247406 -0.000175766 -0.00126201 0.999999 0.0153227
0.999996 -0.00273762 0.000528827 -0.00017374 0.0027361 0.999992 0.00285982 -0.000192331 -0.000536652 -0.00285837 0.999996 0.0156351
0.99999 -0.0045151 0.000667094 -0.000611095 0.00451325 0.999986 0.00276126 -0.000112598 -0.000679552 -0.00275822 0.999996 0.0159301
0.999994 -0.00341195 -0.00039477 -0.00102412 0.00341111 0.999992 -0.00210286 -5.5466e-05 0.000401942 0.0021015 0.999998 0.0162573
0.999994 -0.00343072 -0.000291893 -0.00051844 0.00343061 0.999994 -0.00034495 -0.000165968 0.000293075 0.000343946 1 0.0168651
0.999989 -0.00462922 -0.000561871 -0.00163454 0.00462721 0.999983 -0.00352601 7.56799e-06 0.000578185 0.00352337 0.999994 0.0168289
0.999986 -0.00516084 0.000823909 -0.000924412 0.00516005 0.999986 0.000963401 -0.000100808 -0.000828869 -0.000959136 0.999999 0.0175567
0.999992 -0.00377151 0.000911872 0.000381078 0.00376984 0.999991 0.00182897 -0.000346487 -0.000918762 -0.00182552 0.999998 0.0185796
0.99999 -0.00458061 -9.2148e-05 -3.52183e-05 0.00458066 0.999989 0.00046544 -0.000279806 9.0015e-05 -0.000465858 1 0.0188414
0.999993 -0.00385972 -7.75391e-05 -6.38635e-05 0.00385984 0.999991 0.0016746 -0.000288722 7.10749e-05 -0.00167489 0.999999 0.0192407
0.999996 -0.00289093 0.00026457 0.000230038 0.00289032 0.999993 0.00225516 -0.000340007 -0.000271087 -0.00225439 0.999997 0.0197987
0.99999 -0.00454658 0.000470302 -0.000306901 0.00454647 0.99999 0.000228232 -0.000270471 -0.000471335 -0.000226091 1 0.0200187
0.999957 -0.00929737 -0.000631557 -0.00188972 0.00929462 0.999948 -0.00421947 2.34523e-05 0.000670754 0.00421341 0.999991 0.0198842
0.999971 -0.00759924 0.000681004 -0.000367585 0.00759704 0.999966 0.00318517 -0.000275992 -0.000705186 -0.00317991 0.999995 0.0209661
0.999994 -0.00350363 -0.000201114 -0.00187861 0.00350356 0.999994 -0.000342223 -3.04403e-05 0.000202312 0.000341516 1 0.0208154
0.999986 -0.00534683 -0.00037345 -0.00123801 0.00534569 0.999981 -0.00300064 -0.000168646 0.000389487 0.0029986 0.999995 0.0214847
0.999994 -0.00334044 0.000496215 0.00064441 0.00333902 0.99999 0.00282126 -0.000475306 -0.000505634 -0.00281959 0.999996 0.0226665
0.999981 -0.00610761 0.000140193 -0.00081615 0.00610742 0.99998 0.00131511 -0.00027687 -0.000148222 -0.00131423 0.999999 0.0225125
0.999983 -0.00579801 -0.00044004 -0.000280852 0.00579768 0.999983 -0.000747419 -0.000390702 0.000444366 0.000744855 1 0.023889
0.999964 -0.0084465 -0.00108442 -0.00196025 0.00844023 0.999948 -0.00566064 -0.00018234 0.00113217 0.00565128 0.999983 0.0245933
0.99998 -0.00637068 -0.00043005 0.000381612 0.00637086 0.99998 0.000436235 -0.000626968 0.000427262 -0.000438966 1 0.0269445
0.999945 -0.0104892 -0.000471646 -0.00043044 0.0104879 0.999941 -0.00266029 -0.000592452 0.000499523 0.00265519 0.999996 0.0281653
0.999971 -0.00759074 -0.000640702 -0.00116936 0.00758933 0.999969 -0.00217528 -0.000454719 0.000657194 0.00217035 0.999997 0.0291516
0.999967 -0.00810139 0.000426542 -0.000111709 0.00810044 0.999965 0.00217915 -0.000647216 -0.000444181 -0.00217562 0.999998 0.0309802
0.999965 -0.00839914 0.000604207 -0.000792088 0.00839844 0.999964 0.0011651 -0.000598685 -0.000613971 -0.00115998 0.999999 0.032031
0.999985 -0.00542039 0.000684062 0.00110166 0.00541824 0.999981 0.00310085 -0.0010235 -0.000700856 -0.00309709 0.999995 0.0341841
0.999975 -0.00701056 -1.30157e-05 0.000502962 0.00701057 0.999975 0.00135012 -0.000917369 3.55031e-06 -0.00135017 0.999999 0.0352681
0.999968 -0.00783926 -0.00127287 -0.00161164 0.00783294 0.999957 -0.00489653 -0.000653208 0.0013112 0.00488641 0.999987 0.0358343
0.999961 -0.00879001 0.000936767 0.000249324 0.00878525 0.999949 0.00497122 -0.00100963 -0.000980417 -0.0049628 0.999987 0.0379392
0.999961 -0.00885768 -0.000550683 -0.00106855 0.00885702 0.99996 -0.00119429 -0.000777216 0.00056124 0.00118936 0.999999 0.0388152
0.999966 -0.00809038 0.00142124 -0.000176675 0.00808733 0.999965 0.00213386 -0.000996554 -0.00143845 -0.00212229 0.999997 0.0405899
0.999966 -0.0080806 0.00152249 0.00100398 0.00807158 0.99995 0.00584505 -0.00124481 -0.00156964 -0.00583257 0.999982 0.0423912
0.999934 -0.011373 0.00163896 -0.00125159 0.0113729 0.999935 2.25261e-05 -0.000945596 -0.00163911 -3.88476e-06 0.999999 0.0429355
0.999939 -0.0110125 0.000865769 -0.0012709 0.0110116 0.999939 0.00105508 -0.000976923 -0.000877336 -0.00104548 0.999999 0.0443338
0.99992 -0.0126443 5.74154e-06 -0.00202923 0.0126443 0.999919 0.00140988 -0.000876119 -2.35681e-05 -0.00140969 0.999999 0.0454111
0.99993 -0.0118397 0.000435539 -0.000510234 0.0118393 0.99993 0.000896596 -0.00121219 -0.000446124 -0.000891376 1 0.0474505
0.999927 -0.0119826 0.0013915 -0.000813335 0.0119728 0.999905 0.00682844 -0.00116313 -0.00147319 -0.00681128 0.999976 0.0487373
0.999934 -0.0114459 0.000673412 -0.000724165 0.0114447 0.999933 0.00183875 -0.00126634 -0.000694413 -0.00183093 0.999998 0.0502399
0.999925 -0.0122788 -0.000299216 -0.0011819 0.012279 0.999924 0.000638775 -0.00119471 0.00029135 -0.0006424 1 0.0513691
0.999912 -0.0132316 0.000619161 -0.00160977 0.0132293 0.999906 0.00354301 -0.00116634 -0.000665983 -0.0035345 0.999994 0.0526728
0.999919 -0.0126236 0.00149824 0.000168366 0.0126122 0.999893 0.00738852 -0.00148733 -0.00159135 -0.00736903 0.999972 0.0547219
0.999913 -0.0132022 -0.00030729 -0.000966662 0.0132021 0.999913 -0.00037584 -0.00134369 0.000312225 0.00037175 1 0.0556823
0.999903 -0.0138915 0.000748436 -0.00123625 0.0138873 0.999889 0.0053044 -0.00130511 -0.000822039 -0.00529349 0.999986 0.0569076
0.999889 -0.014811 0.00147107 0.000296841 0.014808 0.999888 0.00198482 -0.00172434 -0.00150031 -0.00196282 0.999997 0.0588976
0.999912 -0.0131499 0.0020086 0.000297244 0.013138 0.999897 0.00581313 -0.00174238 -0.00208484 -0.00578623 0.999981 0.0603214
0.999897 -0.0142025 0.00197137 -8.89754e-05 0.0141902 0.999881 0.00609067 -0.00173815 -0.00205764 -0.00606207 0.99998 0.0616426
0.999801 -0.019856 0.00196864 -0.00106447 0.0198467 0.999792 0.00463059 -0.00165188 -0.00206018 -0.0045906 0.999987 0.0626177
0.999893 -0.0145668 0.00104982 0.000653833 0.0145591 0.999869 0.00702767 -0.00200363 -0.00115205 -0.00701164 0.999975 0.0647211
0.999828 -0.0185522 0.000503243 -0.000548 0.0185497 0.999817 0.00459068 -0.00184965 -0.000588318 -0.00458055 0.999989 0.0657462
0.999857 -0.0169244 0.000451808 -0.00104648 0.0169236 0.999855 0.00160507 -0.00186347 -0.000478908 -0.00159719 0.999999 0.0669038
0.999876 -0.0156968 0.00143842 0.000523001 0.0156855 0.999848 0.00755209 -0.00216991 -0.00155674 -0.00752859 0.99997 0.0688276
0.99989 -0.0148308 0.000800011 0.000569054 0.014826 0.999874 0.00565577 -0.00223415 -0.00088379 -0.00564328 0.999984 0.070344
0.999868 -0.0162251 0.00109169 0.00098719 0.0162191 0.999854 0.00531514 -0.00232365 -0.00117777 -0.00529673 0.999985 0.0718761
0.999862 -0.0165617 0.000855824 0.000611575 0.0165577 0.999853 0.0044186 -0.00232207 -0.000928878 -0.00440382 0.99999 0.0730969
0.999816 -0.0191586 0.000353112 -0.00218978 0.0191591 0.999815 -0.00170738 -0.00186075 -0.000320335 0.00171383 0.999998 0.0733462
0.999866 -0.016388 0.000587532 -0.000118777 0.0163861 0.999861 0.00300756 -0.00222651 -0.000636738 -0.00299752 0.999995 0.0755261
0.999833 -0.0182225 0.00131887 0.000276879 0.018215 0.999819 0.00546557 -0.0024022 -0.00141823 -0.00544063 0.999984 0.0770784
0.999829 -0.0184844 0.000716098 -0.000827119 0.0184824 0.999826 0.00265935 -0.00223 -0.00076513 -0.00264566 0.999996 0.0780131
0.999818 -0.0189254 0.00220679 -7.21386e-05 0.018911 0.999801 0.00638482 -0.00244784 -0.00232719 -0.00634193 0.999977 0.0803745
0.99982 -0.0189097 0.00136252 -0.000765797 0.0189019 0.999806 0.00556568 -0.00239942 -0.0014675 -0.00553893 0.999984 0.0826066
0.999778 -0.0210464 0.000884232 -0.00215222 0.021044 0.999775 0.00257583 -0.00220299 -0.000938246 -0.00255665 0.999996 0.0846966
0.999768 -0.0215104 0.000991767 -8.96736e-05 0.0215035 0.999748 0.00649162 -0.00257777 -0.00113115 -0.00646879 0.999978 0.0879977
0.999771 -0.0212058 0.00299382 0.000167238 0.0211731 0.99972 0.0105677 -0.00266282 -0.00321708 -0.0105019 0.99994 0.090568
0.999663 -0.0257987 0.00282502 -0.000204008 0.02577 0.99962 0.00975834 -0.00265977 -0.00307569 -0.00968225 0.999948 0.092722
0.999698 -0.0244107 0.00268474 -0.000400178 0.024382 0.99965 0.0102378 -0.00268785 -0.00293371 -0.0101692 0.999944 0.0952405
0.999729 -0.0232829 0.000700183 0.000300736 0.0232805 0.999724 0.00326462 -0.00305745 -0.000776 -0.00324743 0.999994 0.0980987
0.999648 -0.026404 0.00256935 0.000481198 0.0263848 0.999626 0.00724076 -0.00321363 -0.00275957 -0.00717042 0.99997 0.100609
0.999689 -0.0247892 0.00287768 0.00105892 0.0247557 0.999631 0.0111466 -0.00339892 -0.00315294 -0.0110719 0.999934 0.103357
0.99969 -0.0247022 0.0030197 0.000856278 0.0246723 0.99965 0.00957579 -0.00347635 -0.00325518 -0.00949832 0.99995 0.105826
0.999561 -0.029561 0.00184997 -0.00139541 0.0295555 0.999559 0.00293923 -0.00313992 -0.00193604 -0.00288327 0.999994 0.107482
0.999547 -0.0299755 0.00261902 -0.000719618 0.0299566 0.999527 0.00697832 -0.00336269 -0.00282696 -0.00689671 0.999972 0.110278
0.999579 -0.0288197 0.00321399 2.13152e-05 0.0287884 0.999542 0.00936962 -0.00361226 -0.00348254 -0.00927315 0.999951 0.113192
0.999456 -0.0328703 0.00274362 -0.000710363 0.0328478 0.999429 0.0078761 -0.00359983 -0.00300095 -0.00778169 0.999965 0.115309
0.999499 -0.0316027 0.00168092 -0.00148757 0.0315952 0.999491 0.00431714 -0.00360619 -0.0018165 -0.00426187 0.999989 0.117449
0.999488 -0.0319277 0.00210973 -0.00138844 0.0319172 0.999479 0.00481066 -0.00368207 -0.00226222 -0.00474086 0.999986 0.120033
0.999435 -0.0335494 0.00194714 -0.000306229 0.033535 0.999413 0.00701283 -0.00402585 -0.00218127 -0.00694357 0.999974 0.123063
0.999494 -0.0318027 0.00113862 -0.000465906 0.0317965 0.999482 0.00507053 -0.00401782 -0.00129929 -0.00503176 0.999986 0.125464
0.999462 -0.0328008 0.000791642 -0.00103671 0.0327991 0.99946 0.0021605 -0.00399224 -0.00086208 -0.00213337 0.999997 0.127712
0.999449 -0.0331671 0.00136231 -0.00188649 0.0331653 0.999449 0.00134134 -0.00396829 -0.00140604 -0.00129542 0.999998 0.129692
0.999445 -0.0332942 0.00131723 -0.000235365 0.0332863 0.99943 0.00564423 -0.00437474 -0.0015044 -0.00559725 0.999983 0.132785
0.999347 -0.0361358 0.000625093 -0.000967533 0.0361346 0.999345 0.00178698 -0.0044334 -0.000689257 -0.00176322 0.999998 0.135015
0.999375 -0.0353091 0.00174674 4.37008e-05 0.0352995 0.999363 0.00525474 -0.00474306 -0.00193117 -0.00518979 0.999985 0.137738
0.99942 -0.0340145 0.00147841 0.000955142 0.0340028 0.999395 0.00730423 -0.00500082 -0.00172596 -0.00724973 0.999972 0.140676
0.999374 -0.0353523 0.0016539 0.00104384 0.0353434 0.999362 0.00513238 -0.00510905 -0.00183428 -0.00507071 0.999985 0.143115
0.999349 -0.0360519 0.00158334 -0.00116817 0.0360499 0.999349 0.00127503 -0.00475939 -0.00162828 -0.00121712 0.999998 0.144732
0.999306 -0.0372271 0.00155738 -0.000130025 0.0372148 0.999281 0.00729338 -0.00496491 -0.00182777 -0.00723036 0.999972 0.14754
0.999227 -0.0392365 0.00222883 0.000598732 0.0392246 0.999217 0.00514137 -0.0052036 -0.00242881 -0.00504997 0.999984 0.150194
0.999075 -0.0429872 0.000943964 -0.000446918 0.0429818 0.999063 0.00512832 -0.00507779 -0.00116353 -0.005083 0.999986 0.152425
0.999185 -0.0403372 0.00137324 2.24548e-05 0.0403231 0.999145 0.00909657 -0.00521951 -0.001739 -0.00903378 0.999958 0.154885
0.999251 -0.0386729 0.00152102 0.00071414 0.0386631 0.999234 0.00604535 -0.00548606 -0.00175365 -0.00598201 0.999981 0.157545
0.999198 -0.0400213 0.00134207 0.00073967 0.0400079 0.99916 0.00887023 -0.0055252 -0.00169594 -0.00880942 0.99996 0.160064
0.999168 -0.0407213 0.002414 0.000779832 0.0406901 0.999102 0.0118152 -0.00562671 -0.00289296 -0.0117071 0.999927 0.162566
0.999175 -0.0405774 0.00187554 -0.000332492 0.0405628 0.999151 0.00726467 -0.00553548 -0.00216873 -0.0071826 0.999972 0.164551
0.999199 -0.0399426 0.00245989 0.00110389 0.0399166 0.999155 0.00983313 -0.00589239 -0.00285057 -0.00972707 0.999949 0.167564
0.999102 -0.0423147 0.0020174 0.000369828 0.0422954 0.999066 0.00882725 -0.00594812 -0.00238904 -0.008734 0.999959 0.169692
0.999136 -0.0415436 0.00103088 -0.00026747 0.041541 0.999134 0.0024576 -0.00598813 -0.00113209 -0.00241265 0.999996 0.171819
0.999126 -0.0418003 0.00097351 0.000326636 0.0417909 0.999093 0.00815659 -0.00613793 -0.00131357 -0.00810877 0.999966 0.174568
0.999031 -0.0439303 0.0027531 0.00175283 0.0438834 0.99892 0.0152584 -0.00650236 -0.00342043 -0.0151228 0.99988 0.177456
0.998818 -0.0485774 0.00143108 -9.72672e-05 0.0485686 0.998804 0.00563937 -0.00633697 -0.00170332 -0.0055632 0.999983 0.179362
0.999059 -0.0432927 0.00250088 0.00145976 0.0432572 0.998981 0.0128448 -0.00664637 -0.00305442 -0.0127245 0.999914 0.182452
0.999049 -0.0434716 0.00339244 0.00184738 0.0434101 0.998921 0.0164787 -0.00687626 -0.00410513 -0.0163158 0.999858 0.185202
0.998708 -0.0507841 0.00158427 -0.00190305 0.0507786 0.998704 0.00334911 -0.0063212 -0.0017523 -0.00326434 0.999993 0.186545
0.998885 -0.047139 0.00250513 -0.000225354 0.0471083 0.998828 0.0111538 -0.00678953 -0.00302798 -0.0110234 0.999935 0.189389
0.999029 -0.0440049 0.00229719 -0.000649588 0.0439896 0.999012 0.0063219 -0.00687268 -0.00257311 -0.00621471 0.999977 0.191787
0.998735 -0.0502293 0.00214283 -0.000164949 0.050211 0.998707 0.00790225 -0.00694158 -0.00253698 -0.00778466 0.999966 0.194337
0.998841 -0.0480723 0.00249496 0.000522104 0.0480383 0.99877 0.0122823 -0.00720796 -0.00308233 -0.0121482 0.999921 0.197097
0.998861 -0.0476655 0.00226419 -0.000262676 0.0476407 0.998815 0.00996373 -0.00717413 -0.00273643 -0.00984451 0.999948 0.199314
0.99872 -0.0505387 0.00203386 -0.000866589 0.0505332 0.998719 0.00264107 -0.00718838 -0.00216473 -0.00253491 0.999994 0.201578
0.99879 -0.0491028 0.00279365 0.000933621 0.0490644 0.998718 0.0124591 -0.00759497 -0.00340185 -0.012307 0.999918 0.204718
0.998615 -0.05249 0.00357809 0.000477802 0.0524238 0.998487 0.016593 -0.00754633 -0.00444364 -0.0163824 0.999856 0.207036
0.998581 -0.0530758 0.00427162 0.000969201 0.0529836 0.998407 0.0193797 -0.00770169 -0.00529341 -0.0191259 0.999803 0.209619
0.998928 -0.0461046 0.00411962 0.00285051 0.0460155 0.998749 0.0195902 -0.00816086 -0.00501766 -0.0193796 0.9998 0.212461
0.998623 -0.0523636 0.00316925 0.00028501 0.0523146 0.998533 0.0139647 -0.0077447 -0.00389584 -0.0137797 0.999897 0.213859
0.998826 -0.0483082 0.00351911 0.00178197 0.0482357 0.998667 0.0183893 -0.00807789 -0.00440278 -0.018198 0.999825 0.216743
0.998604 -0.0526703 0.00409798 0.000559774 0.0525822 0.998431 0.0192553 -0.00795591 -0.00510573 -0.0190129 0.999806 0.218815
0.998538 -0.0539886 0.00261959 -0.00114116 0.0539655 0.998509 0.00818167 -0.00778661 -0.0030574 -0.00802834 0.999963 0.220804
0.998679 -0.0512925 0.00312546 0.00118304 0.0512373 0.998563 0.0157192 -0.00830801 -0.00392725 -0.0155383 0.999872 0.223929
0.998439 -0.0557963 0.00237262 -0.000939228 0.0557648 0.998375 0.0117603 -0.00806852 -0.00302494 -0.0116096 0.999928 0.225742
0.998569 -0.0534334 0.00212482 -0.000462684 0.0534154 0.998542 0.0077739 -0.00826674 -0.0025371 -0.00764928 0.999968 0.228409
0.998786 -0.0491403 0.00336224 0.00222157 0.0490726 0.998635 0.017916 -0.00884451 -0.00423805 -0.0177292 0.999834 0.231651
0.998431 -0.055927 0.00261161 0.000752538 0.0558864 0.998344 0.0136398 -0.00867383 -0.00337012 -0.0134725 0.999904 0.233651
0.99847 -0.0551427 0.0040541 0.00183145 0.0550579 0.998308 0.018683 -0.00899967 -0.00507748 -0.0184312 0.999817 0.236285
0.998578 -0.0531501 0.00407304 0.00207895 0.0530541 0.998373 0.0208834 -0.00905893 -0.00517637 -0.0206376 0.999774 0.238807
0.997944 -0.0640415 0.00257897 -5.35202e-05 0.0640034 0.997867 0.0128471 -0.00884465 -0.00339622 -0.0126557 0.999914 0.240518
0.998498 -0.054659 0.00367526 0.00256248 0.0545789 0.998325 0.0191798 -0.00940892 -0.00471745 -0.0189504 0.999809 0.243953
0.998206 -0.0598245 0.0024049 -8.20543e-05 0.0597845 0.99811 0.0142184 -0.00917741 -0.00325096 -0.0140491 0.999896 0.24582
0.998262 -0.0588238 0.00366063 0.00162967 0.0587434 0.99809 0.0191452 -0.00975712 -0.00477983 -0.0188969 0.99981 0.251129
0.998024 -0.0627204 0.0037575 0.00249199 0.0626463 0.997885 0.0173608 -0.0101447 -0.00483843 -0.0170911 0.999842 0.255579
0.998182 -0.0602028 0.00290314 0.000549185 0.0601543 0.998082 0.0146043 -0.0100264 -0.0037768 -0.0144031 0.999889 0.259081
0.998235 -0.0593476 0.00236579 0.0008437 0.0593217 0.998191 0.00982088 -0.0102966 -0.00294436 -0.0096632 0.999949 0.263288
0.998184 -0.0602171 0.00137462 0.000974661 0.060198 0.998123 0.011247 -0.0105562 -0.0020493 -0.0111439 0.999936 0.267823
0.998421 -0.0560888 0.00293765 0.00336319 0.0560152 0.99821 0.0209687 -0.0111322 -0.0041085 -0.020771 0.999776 0.272964
0.998186 -0.0601829 0.00158561 0.00222092 0.0601456 0.998033 0.0176538 -0.0110212 -0.00264495 -0.0175264 0.999843 0.27658
0.998392 -0.0566129 0.00289624 0.00432118 0.0565261 0.998105 0.0243032 -0.0116268 -0.00426663 -0.0241005 0.9997 0.281516
0.998245 -0.0591978 0.00170927 0.00259321 0.0591593 0.998098 0.0173618 -0.0116208 -0.0027338 -0.0172302 0.999848 0.285246
0.998236 -0.0593142 0.0024314 0.00251381 0.059262 0.998085 0.0177407 -0.0117387 -0.00347902 -0.0175653 0.99984 0.289322
0.99789 -0.0648904 0.00233378 0.00301342 0.0648191 0.997628 0.0231781 -0.0119281 -0.00383228 -0.0229779 0.999729 0.293881
0.998037 -0.0625946 0.00202073 0.00185259 0.0625463 0.997868 0.0186147 -0.0118917 -0.00318161 -0.0184518 0.999825 0.297737
0.997922 -0.064394 0.00219586 0.00181906 0.0643348 0.997712 0.0207679 -0.0121418 -0.00352817 -0.0205834 0.999782 0.301866
0.997975 -0.0635544 0.00241248 0.00305923 0.0634726 0.997658 0.0254895 -0.0124524 -0.0040268 -0.0252847 0.999672 0.30669
0.99765 -0.0684945 0.00156513 0.00201907 0.0684396 0.997383 0.0232909 -0.0124538 -0.00315633 -0.0231291 0.999728 0.310668
0.997867 -0.0652319 0.00263396 0.00451033 0.0651365 0.997506 0.0271991 -0.0129173 -0.00440164 -0.0269695 0.999627 0.315633
0.998083 -0.0618362 0.00274499 0.00488129 0.0617144 0.997562 0.0325735 -0.0132228 -0.00475252 -0.0323416 0.999466 0.320005
0.997707 -0.0676428 0.00208845 0.00286424 0.0675726 0.99742 0.0242231 -0.0130798 -0.00372158 -0.0240264 0.999704 0.323823
0.997625 -0.0688781 0.000664465 0.00194931 0.0688517 0.997432 0.0196971 -0.0131096 -0.00201946 -0.0196046 0.999806 0.327793
0.997579 -0.0694853 0.00269925 0.0045591 0.0693744 0.997145 0.0298106 -0.0136556 -0.00476294 -0.0295512 0.999552 0.332779
0.99769 -0.0678635 0.00290224 0.00442429 0.0677284 0.99714 0.0335486 -0.0138417 -0.00517067 -0.0332746 0.999433 0.33697
0.997707 -0.0675954 0.00342957 0.00607526 0.0674334 0.997102 0.0352183 -0.0142087 -0.00580023 -0.0349063 0.999374 0.341783
0.99759 -0.0693038 0.00334835 0.00587227 0.0691208 0.996843 0.0390672 -0.0142063 -0.00604529 -0.0387416 0.999231 0.345991
0.997426 -0.0716206 0.00357629 0.00473965 0.0714547 0.996843 0.0346132 -0.0142317 -0.00604402 -0.0342685 0.999394 0.350368
0.997251 -0.0740043 0.0037668 0.00518836 0.0738203 0.996614 0.0361989 -0.0145076 -0.00643292 -0.0358213 0.999338 0.355115
