1 -2.64698e-23 0 -6.93889e-18 0 1 2.68834e-24 0 0 2.35229e-24 1 0
1 -6.11934e-10 7.29191e-08 1.72986e-06 6.11928e-10 1 8.28812e-08 -3.65233e-09 -7.29191e-08 -8.28812e-08 1 5.53955e-07
1 -7.22817e-08 1.03148e-07 3.14736e-06 7.22817e-08 1 4.23086e-08 -1.20363e-08 -1.03148e-07 -4.23086e-08 1 8.16119e-07
1 -4.7879e-09 1.57216e-07 4.86309e-06 4.78787e-09 1 1.56717e-07 1.10431e-08 -1.57216e-07 -1.56717e-07 1 1.31794e-06
1 1.21181e-07 2.08753e-07 5.67185e-06 -1.21181e-07 1 1.44795e-07 -7.2133e-10 -2.08753e-07 -1.44795e-07 1 1.78968e-06
1 3.23485e-08 2.38905e-07 7.12762e-06 -3.23485e-08 1 -7.0072e-08 -1.21923e-08 -2.38905e-07 7.0072e-08 1 2.14714e-06
1 -9.94316e-07 2.43134e-07 9.13317e-06 9.94317e-07 1 -7.85504e-07 -1.62365e-07 -2.43133e-07 7.85504e-07 1 2.601e-06
1 -4.30237e-05 2.34544e-07 8.88292e-06 4.30237e-05 1 -4.36987e-06 -9.2154e-06 -2.34356e-07 4.36988e-06 1 3.38983e-06
1 -3.74464e-07 2.53257e-07 1.35785e-05 3.74464e-07 1 2.5125e-07 -7.42613e-09 -2.53257e-07 -2.5125e-07 1 4.04151e-06
1 3.29121e-08 2.81406e-07 1.55194e-05 -3.29121e-08 1 6.4616e-08 1.47406e-08 -2.81406e-07 -6.46161e-08 1 4.67948e-06
1 -7.83412e-07 3.02121e-07 1.77579e-05 7.83412e-07 1 9.04026e-08 6.03077e-08 -3.02121e-07 -9.04024e-08 1 5.77148e-06
1 3.49476e-05 3.33126e-07 2.19033e-05 -3.49476e-05 1 7.26056e-06 -2.26216e-06 -3.32872e-07 -7.26057e-06 1 6.24832e-06
1 2.31365e-07 3.57059e-07 2.18609e-05 -2.31365e-07 1 -1.06848e-07 3.8702e-08 -3.57059e-07 1.06848e-07 1 7.34842e-06
1 -1.96188e-08 3.93853e-07 2.38332e-05 1.96188e-08 1 -2.43648e-08 1.57121e-09 -3.93853e-07 2.43648e-08 1 7.8417e-06
1 9.19433e-08 4.23214e-07 2.55744e-05 -9.19433e-08 1 -1.81551e-08 1.28358e-09 -4.23214e-07 1.81551e-08 1 8.63374e-06
1 -5.08402e-05 4.18877e-07 2.5046e-05 5.08402e-05 1 2.56262e-07 -9.21927e-06 -4.1889e-07 -2.5624e-07 1 9.59124e-06
1 -2.14045e-06 4.59837e-07 3.01656e-05 2.14045e-06 1 -2.30494e-06 -4.72344e-07 -4.59832e-07 2.30494e-06 1 1.06281e-05
1 -9.98664e-10 5.03948e-07 3.1822e-05 9.98644e-10 1 3.97749e-08 1.04412e-08 -5.03948e-07 -3.97749e-08 1 1.11151e-05
1 2.30319e-07 5.7252e-07 3.43169e-05 -2.30318e-07 1 -1.00745e-07 3.77398e-08 -5.7252e-07 1.00744e-07 1 1.12357e-05
1 -8.46282e-09 6.10129e-07 3.70742e-05 8.46279e-09 1 5.86926e-08 -1.62742e-09 -6.10129e-07 -5.86926e-08 1 1.11423e-05
1 -4.26211e-08 6.472e-07 3.94479e-05 4.26008e-08 1 3.13706e-05 4.12264e-09 -6.47201e-07 -3.13706e-05 1 9.92017e-06
1 -1.52417e-07 6.74617e-07 4.16266e-05 1.52417e-07 1 3.00273e-08 1.77811e-08 -6.74617e-07 -3.00272e-08 1 1.21825e-05
1 -1.07216e-07 7.07134e-07 4.41909e-05 1.07216e-07 1 1.21113e-07 9.21648e-09 -7.07134e-07 -1.21112e-07 1 1.27334e-05
1 1.00545e-07 7.69959e-07 4.60065e-05 -1.00545e-07 1 -6.56178e-08 2.99984e-08 -7.69959e-07 6.56178e-08 1 1.32723e-05
1 -2.44007e-08 8.29278e-07 4.82211e-05 2.44007e-08 1 3.50813e-08 2.64224e-09 -8.29278e-07 -3.50813e-08 1 1.34474e-05
1 -5.29717e-05 8.54861e-07 4.71344e-05 5.29717e-05 1 -1.06809e-07 -9.74816e-06 -8.54856e-07 1.06854e-07 1 1.39058e-05
1 1.09313e-07 9.3829e-07 5.16036e-05 -1.09313e-07 1 -8.76009e-08 -2.83825e-08 -9.3829e-07 8.76008e-08 1 1.37692e-05
1 -4.22084e-08 9.79345e-07 5.37487e-05 4.22084e-08 1 1.69951e-08 -4.68907e-09 -9.79345e-07 -1.6995e-08 1 1.36875e-05
1 3.16997e-05 1.01777e-06 5.69776e-05 -3.16997e-05 1 2.26767e-05 -2.10771e-06 -1.01705e-06 -2.26767e-05 1 1.26956e-05
1 -2.80141e-05 1.00331e-06 5.63308e-05 2.80141e-05 1 -2.08459e-05 -1.14142e-05 -1.00272e-06 2.0846e-05 1 1.56294e-05
1 -4.70491e-09 1.05899e-06 6.03985e-05 4.70482e-09 1 8.60386e-08 1.81199e-09 -1.05899e-06 -8.60386e-08 1 1.5135e-05
1 4.13631e-06 1.09663e-06 6.24368e-05 -4.13631e-06 1 -4.27812e-06 -4.12924e-07 -1.09665e-06 4.27812e-06 1 1.54886e-05
1 -1.88723e-07 1.12893e-06 6.47885e-05 1.88682e-07 1 3.64527e-05 -6.7294e-08 -1.12893e-06 -3.64527e-05 1 1.32824e-05
1 -2.39005e-08 1.16113e-06 6.70417e-05 2.38622e-08 1 3.29981e-05 2.09034e-09 -1.16113e-06 -3.29981e-05 1 1.38626e-05
1 3.95357e-05 1.2056e-06 7.08848e-05 -3.95357e-05 1 3.16484e-07 -2.33844e-06 -1.20559e-06 -3.16531e-07 1 1.60988e-05
1 9.11043e-08 1.20796e-06 7.13847e-05 -9.11044e-08 1 9.88096e-08 2.00577e-08 -1.20796e-06 -9.88097e-08 1 1.66749e-05
1 1.62673e-05 1.27313e-06 7.43061e-05 -1.62673e-05 1 8.08197e-08 -1.63255e-06 -1.27313e-06 -8.08404e-08 1 0.00120511
1 -5.4374e-08 1.29504e-06 7.59039e-05 5.4374e-08 1 5.47768e-08 1.21329e-09 -1.29504e-06 -5.47767e-08 1 0.0156186
1 -8.12254e-09 1.36279e-06 7.89952e-05 8.12251e-09 1 2.23607e-08 1.78809e-09 -1.36279e-06 -2.23607e-08 1 0.0563017
1 1.5939e-05 1.40654e-06 8.17868e-05 -1.5939e-05 1 1.47476e-05 3.37432e-06 -1.4063e-06 -1.47476e-05 1 0.0912691
1 -1.91138e-08 1.41464e-06 8.3083e-05 1.91137e-08 1 4.22806e-08 1.46935e-08 -1.41464e-06 -4.22806e-08 1 0.128242
1 1.59844e-05 1.41718e-06 8.6207e-05 -1.59844e-05 1 1.47637e-05 3.3803e-06 -1.41694e-06 -1.47637e-05 1 0.155124
1 2.75356e-08 1.42928e-06 8.85175e-05 -2.75357e-08 1 8.42227e-08 1.40677e-08 -1.42928e-06 -8.42227e-08 1 0.19772
1 3.13373e-05 1.46001e-06 9.31666e-05 -3.13372e-05 1 -2.39671e-05 -9.20842e-06 -1.46076e-06 2.3967e-05 1 0.247379
1 2.34959e-07 1.49279e-06 9.3351e-05 -2.34959e-07 1 -9.07535e-08 -1.95789e-08 -1.49279e-06 9.07532e-08 1 0.291749
1 -4.3284e-05 1.51413e-06 9.30679e-05 4.3284e-05 1 -1.05198e-06 -8.26846e-06 -1.51409e-06 1.05204e-06 1 0.343897
1 -3.7843e-08 1.57529e-06 9.70634e-05 3.78429e-08 1 6.10764e-08 1.8576e-08 -1.57529e-06 -6.10764e-08 1 0.392719
1 -1.81259e-08 1.62382e-06 9.91446e-05 1.81258e-08 1 5.07613e-09 2.63959e-08 -1.62382e-06 -5.0761e-09 1 0.454146
1 3.73034e-08 1.65954e-06 0.000100493 -3.73036e-08 1 8.21201e-08 4.53681e-08 -1.65954e-06 -8.21202e-08 1 0.499713
1 2.6096e-07 1.71839e-06 0.00010266 -2.6096e-07 1 -1.18165e-07 6.58494e-08 -1.71839e-06 1.18165e-07 1 0.580722
1 -2.75581e-08 1.72303e-06 0.000104601 2.75581e-08 1 -2.35013e-08 2.50948e-08 -1.72303e-06 2.35013e-08 1 0.633408
1 1.60268e-08 1.73152e-06 0.000106239 -1.60269e-08 1 3.16459e-08 3.39447e-08 -1.73152e-06 -3.16459e-08 1 0.674622
1 -1.0811e-08 1.74303e-06 0.000109329 1.08108e-08 1 9.12072e-08 2.88024e-08 -1.74303e-06 -9.12071e-08 1 0.745629
1 -2.9299e-08 1.77989e-06 0.000111443 2.92989e-08 1 4.99577e-08 4.24816e-08 -1.77989e-06 -4.99576e-08 1 0.799103
1 -2.16983e-09 1.82621e-06 0.000113651 2.16967e-09 1 8.28027e-08 3.27721e-08 -1.82621e-06 -8.28027e-08 1 0.858673
1 -1.03681e-05 1.84946e-06 0.000115987 1.03681e-05 1 9.99165e-06 9.89711e-07 -1.84956e-06 -9.99163e-06 1 0.924337
1 3.64361e-07 1.8866e-06 0.000118496 -3.64362e-07 1 6.28444e-07 1.90065e-07 -1.8866e-06 -6.28445e-07 1 0.972159
1 9.83882e-08 1.93955e-06 0.000121299 -9.83884e-08 1 9.62016e-08 6.60106e-08 -1.93955e-06 -9.62018e-08 1 1.04396
1 -2.46486e-08 2.01253e-06 0.000123492 2.46486e-08 1 3.91023e-08 5.18821e-08 -2.01253e-06 -3.91023e-08 1 1.11583
1 1.6584e-07 2.04157e-06 0.000125199 -1.65841e-07 1 1.52145e-07 5.49601e-08 -2.04157e-06 -1.52145e-07 1 1.16976
1 9.55264e-08 2.07268e-06 0.000127181 -9.55262e-08 1 -8.72746e-08 2.15056e-08 -2.07268e-06 8.72744e-08 1 1.22971
1 5.85661e-08 2.09414e-06 0.000129306 -5.85662e-08 1 1.83509e-08 6.3587e-08 -2.09414e-06 -1.8351e-08 1 1.28967
1 -3.18325e-05 2.0749e-06 0.000129935 3.18325e-05 1 1.15905e-06 -5.4368e-06 -2.07494e-06 -1.15898e-06 1 1.34364
1 1.02566e-07 2.10616e-06 0.000134204 -1.02566e-07 1 -6.96555e-08 8.94402e-08 -2.10616e-06 6.96553e-08 1 1.40362
1 3.00064e-08 2.13843e-06 0.0001366 -3.00063e-08 1 -2.85465e-08 6.4973e-08 -2.13843e-06 2.85465e-08 1 1.4636
1 8.7001e-08 2.21526e-06 0.000138378 -8.70012e-08 1 1.06308e-07 9.14465e-08 -2.21526e-06 -1.06308e-07 1 1.52359
1 -9.12643e-09 2.26014e-06 0.000140102 9.12642e-09 1 4.43208e-09 7.06906e-08 -2.26014e-06 -4.43206e-09 1 1.57758
1 3.06428e-08 2.31354e-06 0.00014206 -3.06427e-08 1 -3.02327e-08 7.23793e-08 -2.31354e-06 3.02327e-08 1 1.64358
1 -4.28241e-08 2.35459e-06 0.000143421 4.27472e-08 1 3.264e-05 7.5171e-08 -2.35459e-06 -3.264e-05 1 1.69157
1 4.12764e-08 2.38928e-06 0.000145829 -4.12763e-08 1 -4.16365e-08 7.95214e-08 -2.38928e-06 4.16364e-08 1 1.76164
1 2.34105e-07 2.39789e-06 0.000148248 -2.34105e-07 1 -9.11181e-08 4.42254e-08 -2.39789e-06 9.11175e-08 1 1.81227
1 1.23527e-07 2.42077e-06 0.000149944 -1.23527e-07 1 1.39189e-07 1.06322e-07 -2.42077e-06 -1.3919e-07 1 1.85046
1 -2.82934e-08 2.45739e-06 0.000152486 2.82935e-08 1 -2.23471e-08 7.91904e-08 -2.45739e-06 2.23471e-08 1 1.91179
1 1.36538e-05 2.47513e-06 0.000155471 -1.36537e-05 1 -1.30565e-05 -8.26012e-07 -2.47531e-06 1.30564e-05 1 1.96013
1 -3.18044e-05 2.49045e-06 0.000155469 3.18044e-05 1 1.1519e-06 -5.40419e-06 -2.49048e-06 -1.15182e-06 1 2.01552
1 -1.03696e-05 2.5274e-06 0.000159014 1.03696e-05 1 9.99228e-06 1.03796e-06 -2.5275e-06 -9.99225e-06 1 2.07219
1 7.4085e-08 2.60121e-06 0.000161768 -7.40849e-08 1 -2.79148e-08 6.95393e-08 -2.60121e-06 2.79146e-08 1 2.13559
1 -1.13948e-06 2.63896e-06 0.000163228 1.13948e-06 1 -1.15501e-06 -1.49303e-07 -2.63896e-06 1.15501e-06 1 2.1822
1 -2.86327e-05 2.67368e-06 0.000163456 2.86328e-05 1 -2.13454e-05 -1.15693e-05 -2.67307e-06 2.13455e-05 1 2.2468
1 1.01386e-08 2.70767e-06 0.000166607 -1.01387e-08 1 4.01525e-08 9.89757e-08 -2.70767e-06 -4.01525e-08 1 2.29879
1 3.11833e-08 2.73535e-06 0.000168381 -3.11836e-08 1 1.18335e-07 1.07402e-07 -2.73535e-06 -1.18335e-07 1 2.34371
1 -1.42172e-05 2.77168e-06 0.000169209 1.42173e-05 1 -1.43282e-05 -2.76637e-06 -2.77147e-06 1.43282e-05 1 2.37394
1 -5.30055e-05 2.8127e-06 0.000168787 5.30055e-05 1 -5.74868e-08 -9.6475e-06 -2.8127e-06 5.76359e-08 1 2.411
1 3.68521e-07 2.89798e-06 0.000173748 -3.68523e-07 1 7.03623e-07 2.65322e-07 -2.89798e-06 -7.03624e-07 1 2.46844
1 9.10182e-06 2.95148e-06 0.000176123 -9.10185e-06 1 8.8723e-06 2.15394e-06 -2.9514e-06 -8.87233e-06 1 2.52271
1 2.33135e-07 2.96459e-06 0.000177125 -2.33135e-07 1 -9.27805e-08 1.47129e-07 -2.96459e-06 9.27798e-08 1 2.55798
1 2.16225e-05 2.98812e-06 0.000181828 -2.16225e-05 1 4.51071e-06 -1.61261e-06 -2.98803e-06 -4.51078e-06 1 2.61103
1 5.21684e-05 3.0488e-06 0.000185704 -5.21684e-05 1 5.73252e-08 -3.27391e-06 -3.0488e-06 -5.74843e-08 1 2.6509
1 1.38848e-05 3.10563e-06 0.000185887 -1.38848e-05 1 -1.32393e-05 -8.00918e-07 -3.10582e-06 1.32392e-05 1 2.69939
1 2.1795e-05 3.17033e-06 0.000188215 -2.1795e-05 1 5.01458e-06 -1.5888e-06 -3.17022e-06 -5.01465e-06 1 2.75108
1 2.322e-07 3.18745e-06 0.000188777 -2.32199e-07 1 -2.15856e-07 1.55229e-07 -3.18745e-06 2.15855e-07 1 2.79767
1 3.32829e-09 3.2002e-06 0.000190955 -3.32839e-09 1 3.00998e-08 1.2405e-07 -3.2002e-06 -3.00998e-08 1 2.83926
1 2.92211e-08 3.24979e-06 0.000192577 -2.92213e-08 1 4.8092e-08 1.29931e-07 -3.24979e-06 -4.80921e-08 1 2.87908
1 -2.80263e-07 3.33307e-06 0.000193573 2.80263e-07 1 -4.6727e-08 1.07759e-07 -3.33307e-06 4.67279e-08 1 2.92751
1 9.58518e-07 3.40794e-06 0.000194438 -9.58515e-07 1 -9.85171e-07 2.93079e-08 -3.40794e-06 9.85167e-07 1 2.98448
1 -3.1624e-08 3.06155e-06 0.000195978 3.16233e-08 1 2.03814e-07 1.47064e-07 -3.06155e-06 -2.03814e-07 1 3.02767
1 -2.60548e-05 9.35394e-07 0.000199946 2.60548e-05 1 -1.95111e-06 -5.19463e-06 -9.35343e-07 1.95114e-06 1 3.08881
1 -2.09927e-07 -7.53403e-08 0.000205968 2.09927e-07 1 1.19101e-07 1.62592e-07 7.53403e-08 -1.19101e-07 1 3.15716
1 3.66238e-07 -4.50513e-07 0.000209399 -3.66237e-07 1 1.70387e-07 1.90966e-07 4.50513e-07 -1.70386e-07 1 3.21504
1 1.34317e-05 -5.94628e-07 0.00021296 -1.34317e-05 1 -1.14347e-05 -7.28913e-07 5.94474e-07 1.14347e-05 1 3.26764
1 -1.35048e-07 -6.55789e-07 0.00021509 1.35068e-07 1 3.14973e-05 1.4048e-07 6.55785e-07 -3.14973e-05 1 3.3206
1 2.72845e-08 6.28047e-05 0.000236923 -2.72895e-08 1 7.90411e-08 1.36716e-07 -6.28047e-05 -7.90428e-08 1 3.37975
1 1.9137e-08 9.35149e-05 0.000250466 -1.91389e-08 1 1.98667e-08 1.24683e-07 -9.35149e-05 -1.98685e-08 1 3.43319
1 1.01994e-05 0.000111954 0.000262892 -1.02006e-05 1 1.00468e-05 2.55245e-06 -0.000111953 -1.00479e-05 1 3.49273
1 8.26565e-09 0.000122211 0.000273895 -8.27232e-09 1 5.4511e-08 1.53171e-07 -0.000122211 -5.4512e-08 1 3.55837
1 -4.13379e-05 0.000127731 0.000284808 4.13379e-05 1 4.36242e-08 -8.27302e-06 -0.000127731 -3.83441e-08 1 3.63608
0.999991 -3.43392e-05 -0.00435806 -0.000408499 3.43434e-05 1 8.93523e-07 -5.86979e-06 0.00435806 -1.04319e-06 0.999991 3.68967
0.999669 -1.92963e-05 -0.0257244 -0.00376 1.88004e-05 1 -1.952e-05 -3.52183e-06 0.0257245 1.90299e-05 0.999669 3.7403
0.998756 5.87465e-08 -0.0498743 -0.00748269 -5.29422e-08 1 1.17699e-07 1.58717e-07 0.0498743 -1.14912e-07 0.998756 3.77101
0.994103 6.25451e-08 -0.108439 -0.0162664 -5.10852e-08 1 1.08459e-07 1.59123e-07 0.108439 -1.0228e-07 0.994103 3.81292
0.989189 -7.36516e-08 -0.146646 -0.021824 8.34793e-08 1 6.08622e-08 1.75285e-07 0.146646 -7.24461e-08 0.989189 3.83015
0.984111 -2.40093e-05 -0.177555 -0.0261738 2.06373e-05 1 -2.0838e-05 -4.03084e-06 0.177555 1.68427e-05 0.984111 3.84543
0.976062 1.0429e-08 -0.217494 -0.0317456 -2.43158e-08 1 -6.11726e-08 1.60921e-07 0.217494 6.49967e-08 0.976062 3.85431
0.96799 -6.07401e-06 -0.25099 -0.0363462 5.00792e-06 1 -4.88628e-06 -8.59191e-07 0.25099 3.47293e-06 0.96799 3.85771
0.955396 6.09746e-08 -0.295327 -0.0423112 -4.99108e-08 1 4.5001e-08 1.74888e-07 0.295327 -2.82538e-08 0.955396 3.85933
0.938481 -6.31778e-06 -0.34533 -0.0488586 4.9554e-06 1 -4.82796e-06 -8.45029e-07 0.34533 2.8197e-06 0.938481 3.8586
0.922367 2.14517e-06 -0.386314 -0.0540749 -4.13747e-06 1 -4.32573e-06 -2.60425e-07 0.386314 5.58827e-06 0.922367 3.85654
0.902164 -4.07386e-05 -0.431393 -0.0596519 4.30345e-05 1 -4.43778e-06 -9.06106e-06 0.431393 -1.45612e-05 0.902164 3.85309
0.879633 -3.14322e-08 -0.475653 -0.064949 -9.56668e-09 1 -8.3774e-08 1.54217e-07 0.475653 7.82408e-08 0.879633 3.84869
0.854858 -2.99061e-07 -0.518862 -0.0699449 2.56167e-07 1 -1.54326e-07 1.31537e-07 0.518862 -9.88581e-10 0.854858 3.84355
0.827918 8.94579e-08 -0.560848 -0.0746187 -2.35754e-07 1 -1.88513e-07 1.8895e-07 0.560848 2.88295e-07 0.827918 3.83782
0.798893 6.19417e-08 -0.601473 -0.0789559 -6.147e-08 1 2.13373e-08 1.49887e-07 0.601473 1.99263e-08 0.798893 3.83161
0.771052 -3.60227e-05 -0.636772 -0.0825638 4.30224e-05 1 -4.47604e-06 -9.06586e-06 0.636772 -2.39442e-05 0.771052 3.82569
0.741644 4.09456e-08 -0.670794 -0.0858782 -2.44952e-07 1 -2.09784e-07 1.86369e-07 0.670794 3.19898e-07 0.741644 3.81951
0.703663 -3.04887e-07 -0.710534 -0.0895285 2.39976e-07 1 -1.91441e-07 1.27052e-07 0.710534 -3.58017e-08 0.703663 3.81166
0.66355 -8.04371e-08 -0.748132 -0.0927252 -3.27624e-08 1 -1.36576e-07 1.47859e-07 0.748132 1.15135e-07 0.66355 3.80354
0.633108 -7.67213e-07 -0.774064 -0.0947599 -4.1659e-06 1 -4.39845e-06 -2.69272e-07 0.774064 6.00936e-06 0.633108 3.79749
0.589605 -7.55659e-08 -0.807692 -0.097152 2.9e-08 1 -7.23882e-08 1.55478e-07 0.807692 1.92574e-08 0.589605 3.78901
0.535901 -2.68557e-05 -0.844281 -0.0993663 4.29935e-05 1 -4.51915e-06 -9.07053e-06 0.844281 -3.38767e-05 0.535901 3.77879
0.497382 -8.10997e-08 -0.867532 -0.100503 -2.75855e-07 1 -2.51639e-07 1.82003e-07 0.867532 3.64474e-07 0.497382 3.77164
0.457854 -2.01523e-06 -0.889027 -0.101315 -4.18912e-06 1 -4.42421e-06 -2.71711e-07 0.889027 5.74989e-06 0.457854 3.76442
0.412851 -2.18734e-05 -0.910799 -0.101836 4.29766e-05 1 -4.53498e-06 -9.07186e-06 0.910799 -3.72707e-05 0.412851 3.75636
0.366815 -1.39193e-07 -0.930294 -0.101949 -7.27066e-08 1 -1.7829e-07 1.44051e-07 0.930294 1.33038e-07 0.366815 3.74828
0.319862 -2.92959e-07 -0.947464 -0.101659 1.88367e-07 1 -2.45611e-07 1.22096e-07 0.947464 -9.99089e-08 0.319862 3.7402
0.276917 -1.01735e-07 -0.960894 -0.101051 -1.47159e-08 1 -1.10116e-07 1.52491e-07 0.960894 4.46334e-08 0.276917 3.73294
0.228547 -3.36469e-06 -0.973533 -0.0999945 -4.22234e-06 1 -4.4474e-06 -2.7316e-07 0.973533 5.12703e-06 0.228547 3.72492
0.174684 -1.11142e-07 -0.984625 -0.0983695 -3.01189e-08 1 -1.18221e-07 1.52215e-07 0.984625 5.03072e-08 0.174684 3.71616
0.125255 -3.8888e-06 -0.992125 -0.0964766 -4.23813e-06 1 -4.45473e-06 -2.73296e-07 0.992125 4.76273e-06 0.125255 3.70829
0.0904611 -4.05465e-06 -0.9959 -0.0949183 -4.24355e-06 1 -4.4568e-06 -2.73275e-07 0.9959 4.62932e-06 0.0904611 3.70284
0.025582 -2.00525e-07 -0.999673 -0.091522 -1.2454e-07 1 -2.03778e-07 1.43391e-07 0.999673 1.29712e-07 0.025582 3.69287
-0.0249251 -3.49378e-06 -0.999689 -0.0884361 4.29091e-05 1 -4.56471e-06 -9.0721e-06 0.999689 -4.30095e-05 -0.0249251 3.68532
-0.0465429 -1.3371e-07 -0.998916 -0.0869872 -6.52389e-08 1 -1.30816e-07 1.52494e-07 0.998916 5.90797e-08 -0.0465429 3.68223
-0.0626334 -1.68762e-07 -0.998037 -0.0877818 -1.45133e-07 1 -1.59986e-07 1.4813e-07 0.998037 1.34827e-07 -0.0626334 3.67994
-0.0704454 -1.9484e-05 -0.997516 -0.105383 2.85403e-05 1 -2.15481e-05 -1.15195e-05 0.997516 -2.99873e-05 -0.0704454 3.67782
-0.0742345 -1.35264e-05 -0.997241 -0.137652 -1.15714e-05 1 -1.27025e-05 -1.03507e-06 0.997241 1.05965e-05 -0.0742345 3.67521
-0.0753965 -9.40394e-08 -0.997154 -0.159769 -4.88488e-08 1 -9.06143e-08 1.49479e-07 0.997154 4.18778e-08 -0.0753965 3.67355
-0.076771 -2.39384e-07 -0.997049 -0.215556 -1.74656e-07 1 -2.26645e-07 1.31138e-07 0.997049 1.56741e-07 -0.076771 3.66942
-0.077256 -1.93623e-05 -0.997011 -0.263816 2.07027e-05 1 -2.10245e-05 -4.11323e-06 0.997011 -2.22651e-05 -0.077256 3.66584
-0.0774852 -2.3807e-07 -0.996994 -0.310037 -2.2339e-07 1 -2.21426e-07 1.06437e-07 0.996994 2.05561e-07 -0.0774852 3.66237
-0.0776187 -3.3599e-05 -0.996983 -0.363653 -5.29838e-08 1 -3.36965e-05 -9.96269e-06 0.996983 -2.56266e-06 -0.0776187 3.65832
-0.0776804 1.23636e-05 -0.996978 -0.413397 -1.46895e-05 1 1.35456e-05 3.25421e-06 0.996978 1.56973e-05 -0.0776804 3.65453
-0.0777152 2.27827e-05 -0.996976 -0.469881 4.43534e-07 1 2.28172e-05 1.13111e-07 0.996976 1.33105e-06 -0.0777152 3.6502
-0.0777305 1.07762e-05 -0.996974 -0.52152 -1.25422e-05 1 1.17868e-05 2.83287e-06 0.996974 1.34204e-05 -0.0777305 3.64623
-0.0777393 2.38232e-05 -0.996974 -0.591216 1.21448e-07 1 2.3886e-05 3.05932e-08 0.996974 1.7358e-06 -0.0777393 3.64085
-0.0777421 -8.61364e-08 -0.996974 -0.655706 -1.19868e-07 1 -7.70507e-08 5.63736e-08 0.996974 1.13516e-07 -0.0777421 3.63586
-0.0777427 -1.98922e-07 -0.996973 -0.720592 -1.39133e-07 1 -1.88677e-07 4.24708e-08 0.996973 1.24043e-07 -0.0777427 3.63082
-0.0777426 2.50093e-07 -0.996973 -0.76796 2.60325e-05 1 -1.77912e-06 -5.2219e-06 0.996973 -2.6092e-05 -0.0777426 3.62714
-0.0777422 3.42356e-06 -0.996973 -0.825399 3.21515e-05 1 9.26832e-07 -5.55981e-06 0.996973 -3.19822e-05 -0.0777422 3.62268
-0.0808111 -3.44418e-06 -0.996729 -0.868839 3.09033e-06 1 -3.70604e-06 -6.96389e-07 0.996729 -3.37971e-06 -0.0808111 3.61882
-0.103495 4.08917e-06 -0.99463 -0.89865 4.3307e-05 1 -3.9501e-07 -8.04433e-06 0.99463 -4.31153e-05 -0.103495 3.61296
-0.135157 -3.05199e-07 -0.990824 -0.916932 -1.88088e-07 1 -2.82369e-07 -9.11586e-09 0.990824 1.48198e-07 -0.135157 3.60668
-0.181162 -6.81921e-06 -0.983453 -0.931382 2.13146e-05 1 -1.08603e-05 -7.12619e-06 0.983453 -2.29294e-05 -0.181162 3.59862
-0.216571 -3.18511e-05 -0.976267 -0.937913 -1.70758e-07 1 -3.25875e-05 -9.72393e-06 0.976267 -6.89079e-06 -0.216571 3.59288
-0.249559 -2.48305e-07 -0.968359 -0.944596 -2.07176e-07 1 -2.03026e-07 -1.24017e-08 0.968359 1.49954e-07 -0.249559 3.58763
-0.295418 -4.38891e-07 -0.955368 -0.947758 -3.59354e-07 1 -3.48276e-07 -4.76218e-08 0.955368 2.40428e-07 -0.295418 3.58086
-0.332661 2.03299e-05 -0.943046 -0.947442 1.53864e-05 1 1.61301e-05 1.79945e-06 0.943046 -9.14429e-06 -0.332661 3.57566
-0.367371 -1.08684e-07 -0.930075 -0.945938 -1.77387e-07 1 -4.67884e-08 9.69664e-09 0.930075 1.47795e-07 -0.367371 3.57099
-0.407087 -2.46546e-07 -0.913389 -0.943193 -2.3585e-07 1 -1.64809e-07 1.06962e-08 0.913389 1.48331e-07 -0.407087 3.56582
-0.464327 5.13564e-06 -0.885664 -0.937747 3.79368e-06 1 3.80972e-06 4.16817e-07 0.885664 -1.59097e-06 -0.464327 3.55869
-0.498998 -1.6885e-05 -0.866603 -0.933731 -1.36395e-05 1 -1.16304e-05 -8.65832e-07 0.866603 6.01652e-06 -0.498998 3.55454
-0.545604 -2.56977e-07 -0.838043 -0.927568 -2.09469e-07 1 -1.70265e-07 4.98223e-09 0.838043 8.26465e-08 -0.545604 3.54918
-0.586678 -3.49088e-07 -0.80982 -0.92145 -2.84873e-07 1 -2.24691e-07 1.07898e-08 0.80982 9.88752e-08 -0.586678 3.54466
-0.630234 -2.81763e-05 -0.776405 -0.914266 -4.4486e-05 1 -1.79956e-07 -2.86514e-06 0.776405 3.44257e-05 -0.630234 3.54011
-0.660748 3.44583e-05 -0.750608 -0.908787 2.97268e-05 1 1.97392e-05 -5.48459e-06 0.750608 -9.27059e-06 -0.660748 3.53707
-0.697414 -2.91404e-07 -0.716669 -0.901698 -2.62004e-07 1 -1.51645e-07 4.25676e-09 0.716669 8.20114e-08 -0.697414 3.53361
-0.732347 -2.80712e-07 -0.680931 -0.894376 -2.45582e-07 1 -1.48122e-07 1.17097e-08 0.680931 5.87477e-08 -0.732347 3.53053
-0.7813 -4.00641e-07 -0.624155 -0.88304 -3.26885e-07 1 -2.32708e-07 -1.70145e-08 0.624155 2.22124e-08 -0.7813 3.52662
-0.820187 -2.45873e-07 -0.572095 -0.872946 -2.32177e-07 1 -9.69137e-08 1.2128e-08 0.572095 5.33402e-08 -0.820187 3.52395
-0.85819 3.47024e-05 -0.513332 -0.861869 4.24822e-05 1 -3.41965e-06 -8.82567e-06 0.513332 -2.47422e-05 -0.85819 3.52183
-0.88511 -6.91242e-08 -0.465382 -0.853063 -9.12499e-08 1 2.50161e-08 2.61614e-08 0.465382 6.4608e-08 -0.88511 3.52071
-0.89424 2.0971e-05 -0.447588 -0.849843 2.16805e-05 1 3.53768e-06 -4.11248e-06 0.447588 -6.54041e-06 -0.89424 3.52042
-0.94139 -2.67884e-07 -0.33732 -0.830448 -2.61512e-07 1 -6.4329e-08 1.87854e-08 0.33732 2.76544e-08 -0.94139 3.52007
-0.957072 -4.64117e-05 -0.289849 -0.822375 -4.85788e-05 1 2.81786e-07 -3.01677e-06 0.289849 1.43502e-05 -0.957072 3.52061
-0.969142 -3.46547e-07 -0.246502 -0.815133 -3.19381e-07 1 -1.50186e-07 9.53148e-09 0.246502 -6.68237e-08 -0.969142 3.52145
-0.981228 -3.13811e-07 -0.192853 -0.806346 -3.09624e-07 1 -5.18498e-08 1.74352e-08 0.192853 8.83565e-09 -0.981228 3.52291
-0.98891 -2.85294e-07 -0.148518 -0.799224 -2.83538e-07 1 -3.29979e-08 3.17644e-08 0.148518 9.47853e-09 -0.98891 3.52446
-0.996876 -2.82401e-07 -0.0789868 -0.788301 -2.8129e-07 1 -2.51978e-08 2.58627e-08 0.0789868 -2.90088e-09 -0.996876 3.52751
-0.99942 -3.03966e-07 -0.0340623 -0.781402 -3.01529e-07 1 -7.66745e-08 2.95142e-08 0.0340623 -6.63592e-08 -0.99942 3.52987
-0.999987 -4.40225e-07 -0.0050771 -0.777023 -4.39503e-07 1 -1.43187e-07 5.7989e-08 0.0050771 -1.40954e-07 -0.999987 3.53155
-0.999377 -3.21529e-07 0.0353038 -0.771189 -3.22351e-07 1 -1.76008e-08 2.33205e-08 -0.0353038 -2.897e-08 -0.999377 3.53413
-0.998939 -2.93565e-07 0.0460475 -0.769754 -2.94012e-07 1 -2.93308e-09 3.68745e-08 -0.0460475 -1.64685e-08 -0.998939 3.53487
-0.998793 1.35922e-06 0.0491277 -0.769365 -2.40769e-07 1 -3.2562e-05 -9.73064e-06 -0.0491277 -3.25345e-05 -0.998793 3.53509
-0.998456 -3.19484e-07 0.0555518 -0.768629 -3.31665e-07 1 -2.10046e-07 -1.18023e-08 -0.0555518 -2.28146e-07 -0.998456 3.53555
-0.998386 2.32005e-05 0.056798 -0.768512 2.37453e-05 1 8.9156e-06 -4.38495e-06 -0.056798 1.02499e-05 -0.998386 3.53564
-0.9983 -8.14731e-07 0.0582782 -0.768411 -8.32789e-07 1 -2.85565e-07 -1.81997e-08 -0.0582782 -3.33613e-07 -0.9983 3.53575
-0.998269 -7.9438e-07 0.0588054 -0.768398 -8.80854e-07 1 -1.44458e-06 1.1227e-07 -0.0588054 -1.49388e-06 -0.998269 3.5358
-0.998253 -6.30058e-06 0.0590778 -0.768293 -6.7079e-06 1 -6.69636e-06 -6.16903e-07 -0.0590778 -7.08096e-06 -0.998253 3.53389
-0.998247 -3.07936e-07 0.0591853 -0.767734 -3.19106e-07 1 -1.79276e-07 1.33813e-08 -0.0591853 -1.97848e-07 -0.998247 3.52428
-0.99824 -3.51393e-07 0.0592952 -0.765524 -3.59956e-07 1 -1.33728e-07 1.3173e-08 -0.0592952 -1.54837e-07 -0.99824 3.4866
-0.998238 -3.47638e-07 0.0593362 -0.76256 -3.50759e-07 1 -4.21785e-08 2.59199e-08 -0.0593362 -6.29169e-08 -0.998238 3.43629
-0.998177 1.07124e-05 0.0603496 -0.761404 1.00509e-05 1 -1.12641e-05 -2.25012e-06 -0.0603496 -1.0637e-05 -0.998177 3.4194
-0.995804 -3.13446e-06 0.0915113 -0.754034 -2.7017e-07 1 3.13122e-05 2.56551e-08 -0.0915113 3.11561e-05 -0.995804 3.37649
-0.993146 -2.11971e-07 0.116879 -0.749331 -2.39402e-07 1 -2.20659e-07 -8.4707e-09 -0.116879 -2.47128e-07 -0.993146 3.3625
-0.987341 -2.43852e-07 0.158612 -0.742241 -2.45367e-07 1 1.0028e-08 3.18378e-08 -0.158612 -2.90172e-08 -0.987341 3.34863
-0.979972 6.47393e-06 0.199134 -0.735811 -3.55164e-07 1 -3.42583e-05 -1.02505e-05 -0.199134 -3.36429e-05 -0.979972 3.34081
-0.967721 -1.82378e-05 0.252023 -0.727405 -2.12779e-05 1 -9.33755e-06 -4.21308e-06 -0.252023 -1.43987e-05 -0.967721 3.33318
-0.960809 -4.24202e-07 0.277212 -0.719689 -4.20676e-07 1 7.21938e-08 5.075e-08 -0.277212 -4.72522e-08 -0.960809 3.3141
-0.956973 -4.60011e-07 0.290177 -0.710281 -4.49253e-07 1 1.0369e-07 5.25597e-08 -0.290177 -3.11344e-08 -0.956973 3.28378
-0.954924 -7.53352e-06 0.296849 -0.699043 -1.17815e-05 1 -1.25212e-05 -1.13867e-06 -0.296849 -1.54542e-05 -0.954924 3.24562
-0.953931 -3.10912e-07 0.300026 -0.687529 -3.29327e-07 1 -1.08126e-08 3.2768e-08 -0.300026 -1.09121e-07 -0.953931 3.20654
-0.9533 -4.96495e-07 0.302024 -0.672565 -5.60458e-07 1 -1.2512e-07 -7.25905e-09 -0.302024 -2.88549e-07 -0.9533 3.15632
-0.953061 -1.10867e-05 0.302778 -0.66395 -9.16219e-08 1 3.63284e-05 -5.19944e-08 -0.302778 3.45954e-05 -0.953061 3.12735
-0.952888 4.80664e-05 0.303322 -0.655269 5.05132e-05 1 2.21058e-07 -9.19408e-06 -0.303322 1.55324e-05 -0.952888 3.09804
-0.952819 2.66953e-06 0.30354 -0.650173 3.94239e-06 1 3.58059e-06 4.29616e-07 -0.30354 4.60833e-06 -0.952819 3.08075
-0.953391 -2.67068e-07 0.301739 -0.646288 -2.98533e-07 1 -5.81638e-08 2.3635e-08 -0.301739 -1.45532e-07 -0.953391 3.06644
-0.968763 -8.49769e-06 0.247988 -0.650033 -3.77748e-07 1 3.27909e-05 3.32136e-08 -0.247988 3.16729e-05 -0.968763 3.04818
-0.985769 -1.34068e-05 0.168103 -0.659249 -1.17472e-05 1 1.08666e-05 2.5273e-06 -0.168103 8.73724e-06 -0.985769 3.03355
-0.993091 -4.42409e-06 0.117348 -0.665747 -1.58848e-07 1 3.63564e-05 -5.81296e-08 -0.117348 3.60865e-05 -0.993091 3.02643
-0.999907 -2.2386e-06 0.0136376 -0.67989 -2.26821e-06 1 -2.15546e-06 -1.80387e-07 -0.0136376 -2.18619e-06 -0.999907 3.01475
-0.999323 -1.39544e-07 -0.0368014 -0.686696 -1.3758e-07 1 -5.58937e-08 2.83412e-08 0.0368014 -5.07927e-08 -0.999323 3.00928
-0.997688 -1.11532e-05 -0.0679667 -0.690568 -1.05004e-05 1 -9.96271e-06 -6.53467e-07 0.0679667 -9.226e-06 -0.997688 3.00538
-0.997226 3.78099e-06 -0.0744272 -0.69132 4.12152e-06 1 -4.42168e-06 -8.72365e-07 0.0744272 -4.71617e-06 -0.997226 3.0038
-0.996598 4.74353e-06 -0.0824194 -0.693056 4.4453e-06 1 3.80195e-06 4.09954e-07 0.0824194 3.42263e-06 -0.996598 2.98953
-0.996223 6.56889e-07 -0.0868344 -0.695681 6.64191e-07 1 -5.51958e-08 8.97159e-08 0.0868344 -1.12662e-07 -0.996223 2.95943
-0.995993 -3.16929e-07 -0.0894269 -0.700492 -2.99375e-07 1 -2.09705e-07 -5.19762e-09 0.0894269 -1.82092e-07 -0.995993 2.90177
-0.995962 -2.86834e-07 -0.08978 -0.701927 -2.84569e-07 1 -3.80239e-08 1.78132e-08 0.08978 -1.23217e-08 -0.995962 2.88469
-0.995904 -2.7829e-07 -0.0904129 -0.70545 -2.66105e-07 1 -1.46828e-07 -3.19735e-08 0.0904129 -1.22167e-07 -0.995904 2.8426
-0.995885 2.21291e-05 -0.0906234 -0.708086 2.34918e-05 1 -1.39712e-05 -8.50943e-06 0.0906233 -1.60426e-05 -0.995885 2.81181
-0.995871 2.63014e-05 -0.0907747 -0.712326 2.83663e-05 1 -2.14575e-05 -1.16705e-05 0.0907747 -2.39439e-05 -0.995871 2.76328
-0.995864 -3.38133e-06 -0.0908514 -0.718001 -4.15399e-07 1 -3.26648e-05 -9.78982e-06 0.0908514 -3.2492e-05 -0.995864 2.69937
-0.995863 7.09181e-06 -0.0908683 -0.720795 7.93655e-06 1 -8.935e-06 -1.68226e-06 0.0908683 -9.61921e-06 -0.995863 2.66816
-0.995861 2.08573e-05 -0.090886 -0.727119 2.20348e-05 1 -1.19525e-05 -7.65192e-06 0.090886 -1.39057e-05 -0.995861 2.59788
-0.995861 -3.69911e-07 -0.0908905 -0.731659 -3.60479e-07 1 -1.20183e-07 1.05847e-09 0.0908905 -8.69217e-08 -0.995861 2.54767
-0.995861 -7.56564e-07 -0.0908941 -0.73708 -6.24077e-07 1 -1.48602e-06 3.11859e-08 0.0908941 -1.42314e-06 -0.995861 2.48794
-0.99586 -3.13687e-07 -0.0908952 -0.740757 -3.09021e-07 1 -6.54134e-08 -1.76992e-09 0.0908952 -3.70542e-08 -0.99586 2.44744
-0.99586 2.66979e-05 -0.0908953 -0.742945 2.68069e-05 1 2.16813e-08 -4.94538e-06 0.0908953 -2.41503e-06 -0.99586 2.42334
-0.99586 2.42112e-06 -0.0908951 -0.745325 2.71999e-06 1 -3.16426e-06 -6.74251e-07 0.0908951 -3.3984e-06 -0.99586 2.39716
-0.99586 -4.40074e-07 -0.0908949 -0.746587 -4.27649e-07 1 -1.56174e-07 1.40741e-08 0.0908949 -1.16656e-07 -0.99586 2.38326
-0.995861 -3.57143e-07 -0.0908947 -0.747363 -3.51414e-07 1 -7.90255e-08 -1.75602e-08 0.0908947 -4.67567e-08 -0.995861 2.37472
-0.995861 -3.3342e-07 -0.0908942 -0.75143 -3.34836e-07 1 3.25936e-10 -9.20897e-10 0.0908942 3.07592e-08 -0.995861 2.33009
-0.995861 4.20014e-06 -0.0908941 -0.752731 4.66667e-06 1 -4.92018e-06 -1.03431e-06 0.0908941 -5.32399e-06 -0.995861 2.31582
-0.995861 -1.62688e-05 -0.090894 -0.756828 -1.76647e-05 1 1.45533e-05 3.2397e-06 0.090894 1.60986e-05 -0.995861 2.27092
-0.995861 9.69283e-07 -0.0908938 -0.760879 8.27217e-07 1 1.60066e-06 4.17431e-07 0.0908938 1.51884e-06 -0.995861 2.22652
-0.99586 -3.28288e-05 -0.0908955 -0.763846 -3.30042e-05 1 4.26798e-07 -2.18303e-06 0.0908955 3.42496e-06 -0.99586 2.19403
-0.99586 -2.21854e-06 -0.0909013 -0.768278 -5.38384e-07 1 -1.85078e-05 -5.49768e-06 0.0909013 -1.83822e-05 -0.99586 2.14545
-0.996135 -1.95604e-05 -0.0878391 -0.77157 -1.8064e-05 1 -1.7831e-05 -1.18081e-06 0.0878391 -1.61754e-05 -0.996135 2.10408
-0.997476 -4.71133e-07 -0.0709985 -0.772423 -4.51108e-07 1 -2.98087e-07 -9.55467e-08 0.0709985 -2.65306e-07 -0.997476 2.06534
-0.99968 -6.57566e-06 -0.0253071 -0.770665 -6.42804e-06 1 -5.9146e-06 -6.01895e-07 0.0253071 -5.75004e-06 -0.99968 2.00243
-0.99999 3.81883e-06 0.00438513 -0.768309 3.8368e-06 1 4.0898e-06 3.91487e-07 -0.00438513 4.10659e-06 -0.99999 1.97665
-0.99824 -3.011e-07 0.059307 -0.762738 -3.04099e-07 1 -4.15308e-08 -3.8021e-08 -0.059307 -5.94929e-08 -0.99824 1.94355
-0.994582 3.07531e-06 0.103959 -0.756797 -3.20627e-07 1 -3.26494e-05 -9.82695e-06 -0.103959 -3.25058e-05 -0.994582 1.91078
-0.990681 3.13675e-05 0.136199 -0.74998 2.9029e-05 1 -1.91556e-05 -1.17374e-05 -0.136199 -1.50234e-05 -0.990681 1.85226
-0.988564 5.2374e-07 0.150803 -0.740385 4.10457e-07 1 -7.82324e-07 -1.91925e-07 -0.150803 -7.11479e-07 -0.988564 1.76346
-0.988131 -3.76418e-06 0.153612 -0.734691 -7.25776e-08 1 2.40376e-05 -7.35652e-08 -0.153612 2.37412e-05 -0.988131 1.71565
-0.987876 -2.20665e-05 0.155244 -0.727697 -2.1724e-05 1 3.90266e-06 -1.82707e-06 -0.155244 4.82818e-07 -0.987876 1.66082
-0.987749 -5.27215e-07 0.156053 -0.720113 -5.57498e-07 1 -1.50291e-07 -8.65872e-09 -0.156053 -2.35449e-07 -0.987749 1.60472
-0.987683 4.87312e-06 0.15647 -0.711239 4.16247e-06 1 -4.86942e-06 -1.03148e-06 -0.15647 -4.15815e-06 -0.987683 1.54199
-0.987658 4.8112e-06 0.156627 -0.703659 -3.45142e-07 1 -3.2894e-05 -9.9086e-06 -0.156627 -3.25421e-05 -0.987658 1.49009
-0.987646 1.27644e-05 0.156701 -0.695862 1.53902e-05 1 1.55434e-05 1.75725e-06 -0.156701 1.7763e-05 -0.987646 1.43783
-0.987641 -5.67019e-07 0.156734 -0.687008 -5.43633e-07 1 1.92075e-07 -8.53606e-08 -0.156734 1.04495e-07 -0.987641 1.37944
-0.987639 2.71917e-05 0.156743 -0.678001 3.05205e-05 1 1.88305e-05 -6.17354e-06 -0.156743 2.33816e-05 -0.987639 1.32081
-0.987641 1.27633e-05 0.156734 -0.655995 1.53895e-05 1 1.55426e-05 1.75268e-06 -0.156734 1.77625e-05 -0.987641 1.17946
-0.987641 4.87496e-06 0.156732 -0.652293 4.16324e-06 1 -4.86931e-06 -1.03818e-06 -0.156732 -4.15662e-06 -0.987641 1.15585
-0.987642 4.1012e-06 0.156726 -0.643005 1.48829e-09 1 -2.61585e-05 -7.94238e-06 -0.156726 -2.5835e-05 -0.987642 1.09677
-0.987643 4.87487e-06 0.156721 -0.631819 4.16321e-06 1 -4.86915e-06 -1.04033e-06 -0.156721 -4.15651e-06 -0.987643 1.02581
-0.987644 6.63047e-08 0.156717 -0.618729 2.4351e-07 1 1.11154e-06 1.69468e-07 -0.156717 1.13597e-06 -0.987644 0.94297
-0.987644 4.94092e-06 0.156715 -0.612173 4.2834e-06 1 -4.53336e-06 -9.83914e-07 -0.156715 -3.80607e-06 -0.987644 0.90153
-0.987644 4.10083e-06 0.156713 -0.601861 1.48233e-09 1 -2.61585e-05 -7.94672e-06 -0.156713 -2.5835e-05 -0.987644 0.836393
-0.987644 -1.25559e-05 0.156712 -0.593418 -1.10117e-05 1 1.07217e-05 2.35411e-06 -0.156712 8.86357e-06 -0.987644 0.783091
-0.987645 -3.45468e-07 0.156711 -0.584029 -3.78544e-07 1 -1.81218e-07 -6.6216e-08 -0.156711 -2.38301e-07 -0.987645 0.723856
-0.987645 2.7193e-05 0.15671 -0.575576 3.0521e-05 1 1.88299e-05 -6.18458e-06 -0.15671 2.33802e-05 -0.987645 0.67054
-0.987645 4.91212e-06 0.15671 -0.566182 -3.50466e-07 1 -3.35542e-05 -1.01322e-05 -0.15671 -3.31945e-05 -0.987645 0.611292
-0.987645 3.32104e-06 0.156709 -0.555846 2.8364e-06 1 -3.31627e-06 -7.97761e-07 -0.156709 -2.8308e-06 -0.987645 0.54612
-0.987645 -2.03575e-08 0.156709 -0.547388 -4.83934e-08 1 -1.75089e-07 -1.08497e-07 -0.156709 -1.80509e-07 -0.987645 0.492794
-0.987645 -3.07953e-07 0.156709 -0.538292 -3.13235e-07 1 -9.01495e-09 -5.79443e-08 -0.156709 -5.79903e-08 -0.987645 0.435448
-0.987645 1.43434e-05 0.156709 -0.531974 1.70832e-05 1 1.61366e-05 1.59428e-06 -0.156709 1.86143e-05 -0.987645 0.395621
-0.987645 -3.06232e-07 0.156709 -0.526824 -3.42429e-07 1 -2.03989e-07 -8.51668e-08 -0.156709 -2.5513e-07 -0.987645 0.363141
-0.987645 6.83361e-07 0.156708 -0.522799 5.53233e-07 1 -8.73999e-07 -2.25739e-07 -0.156708 -7.76504e-07 -0.987645 0.337759
-0.987645 -4.08314e-07 0.156708 -0.520205 -4.33509e-07 1 -1.266e-07 -9.67743e-08 -0.156708 -1.92971e-07 -0.987645 0.321397
-0.987645 -3.17183e-07 0.156708 -0.518334 -3.36524e-07 1 -9.68878e-08 -6.85039e-08 -0.156708 -1.48427e-07 -0.987645 0.309593
-0.987645 -1.83839e-05 0.156708 -0.517221 -1.62834e-05 1 1.4688e-05 3.29956e-06 -0.156708 1.19548e-05 -0.987645 0.302565
-0.987645 2.44544e-05 0.156708 -0.515929 2.28307e-05 1 -1.21617e-05 -7.91801e-06 -0.156708 -8.43366e-06 -0.987645 0.294419
-0.987645 1.22597e-05 0.156708 -0.515194 1.0584e-05 1 -1.15279e-05 -2.24668e-06 -0.156708 -9.72686e-06 -0.987645 0.289772
-0.987486 -4.14464e-08 0.157704 -0.514745 -3.8067e-08 1 2.44488e-08 -4.16343e-08 -0.157704 1.81396e-08 -0.987486 0.287943
-0.983262 4.12009e-05 0.182198 -0.510727 4.24819e-05 1 3.12824e-06 -7.94059e-06 -0.182198 1.0816e-05 -0.983262 0.287205
-0.97521 4.20567e-05 0.221282 -0.504882 4.24127e-05 1 -3.14275e-06 -8.86158e-06 -0.221282 6.32032e-06 -0.97521 0.288992
-0.965935 -2.64789e-07 0.258786 -0.499509 -2.65155e-07 1 3.34866e-08 -5.6244e-08 -0.258786 -3.62725e-08 -0.965935 0.29161
-0.952954 -2.05964e-07 0.303115 -0.493374 -1.86695e-07 1 9.25473e-08 -4.70533e-08 -0.303115 3.16032e-08 -0.952954 0.295397
-0.938985 1.26087e-08 0.343958 -0.487907 5.13946e-09 1 -2.26272e-08 -5.06399e-08 -0.343958 -1.94789e-08 -0.938985 0.299416
-0.921048 -1.55473e-05 0.38945 -0.482015 -1.68387e-05 1 9.77249e-08 -1.71562e-06 -0.38945 -6.46782e-06 -0.921048 0.30442
-0.896323 -2.15833e-07 0.443401 -0.475288 -1.90851e-07 1 1.00967e-07 -4.3392e-08 -0.443401 5.87521e-09 -0.896323 0.311036
-0.87073 -2.45437e-07 0.491762 -0.469503 -2.93414e-07 1 -2.04309e-08 -6.31727e-08 -0.491762 -1.62079e-07 -0.87073 0.317584
-0.850425 -2.45385e-07 0.526097 -0.465541 -2.88191e-07 1 5.70742e-10 -5.83988e-08 -0.526097 -1.51131e-07 -0.850425 0.322598
-0.817397 -2.49506e-07 0.576075 -0.460004 -2.93638e-07 1 1.64675e-08 -6.42454e-08 -0.576075 -1.55697e-07 -0.817397 0.330465
-0.799764 -2.05866e-05 0.600315 -0.457423 -4.77599e-07 1 3.36566e-05 -2.56775e-08 -0.600315 2.66307e-05 -0.799764 0.33454
-0.762345 -2.35327e-07 0.647171 -0.452644 -2.19513e-07 1 1.05045e-07 -4.19288e-08 -0.647171 -6.19819e-08 -0.762345 0.342937
-0.729055 -3.9062e-05 0.684455 -0.449064 -3.20463e-05 1 2.29357e-05 -2.16412e-06 -0.684455 -5.21284e-06 -0.729055 0.350164
-0.690331 -2.3446e-07 0.723494 -0.445551 -3.17905e-07 1 2.07331e-08 -5.36006e-08 -0.723494 -2.1569e-07 -0.690331 0.358324
-0.660849 2.28951e-07 0.750519 -0.443286 5.32276e-07 1 1.63624e-07 1.85745e-08 -0.750519 5.07614e-07 -0.660849 0.36438
-0.618593 1.86722e-05 0.785711 -0.440573 -1.05443e-07 1 -2.38477e-05 -7.23963e-06 -0.785711 -1.48349e-05 -0.618593 0.37285
-0.578552 2.90043e-05 0.815646 -0.438517 5.05505e-05 1 2.96403e-07 -9.27731e-06 -0.815646 4.14028e-05 -0.578552 0.380678
-0.541275 -2.96457e-07 0.840846 -0.437007 1.92583e-08 1 3.64967e-07 -5.77444e-08 -0.840846 2.13741e-07 -0.541275 0.387801
-0.498574 2.42144e-06 0.866847 -0.435706 2.57085e-05 1 1.1993e-05 -4.85047e-06 -0.866847 2.82648e-05 -0.498574 0.395792
-0.445697 -2.96554e-07 0.895184 -0.434676 -4.76856e-07 1 9.38591e-08 -1.70181e-08 -0.895184 -3.85041e-07 -0.445697 0.405452
-0.404976 -5.32084e-07 0.914327 -0.434286 -6.72141e-07 1 2.84234e-07 1.37268e-08 -0.914327 -4.99449e-07 -0.404976 0.412729
-0.354101 -1.6366e-07 0.935207 -0.434255 -1.41878e-07 1 1.21279e-07 -5.45773e-08 -0.935207 -8.97404e-08 -0.354101 0.421637
-0.306917 -4.90951e-08 0.951736 -0.434653 9.82149e-08 1 8.32572e-08 -5.11498e-08 -0.951736 1.19028e-07 -0.306917 0.429727
-0.268612 -2.41993e-07 0.963248 -0.435262 -2.47087e-07 1 1.82323e-07 -5.572e-08 -0.963248 -1.89032e-07 -0.268612 0.436178
-0.185912 -2.72733e-07 0.982566 -0.43741 -2.10449e-07 1 2.37753e-07 -2.90478e-08 -0.982566 -1.62579e-07 -0.185912 0.449768
-0.169212 -1.84631e-07 0.98558 -0.437983 -2.02933e-07 1 1.52492e-07 -4.44767e-08 -0.98558 -1.74203e-07 -0.169212 0.45244
-0.140486 2.29692e-08 0.990083 -0.436293 4.0363e-05 1 5.70404e-06 -7.48237e-06 -0.990083 4.07641e-05 -0.140486 0.456468
-0.129363 -8.97144e-07 0.991597 -0.424153 -6.12466e-07 1 8.24844e-07 1.15806e-07 -0.991597 -5.00615e-07 -0.129363 0.456292
-0.121073 -1.74461e-07 0.992644 -0.39445 -1.95238e-07 1 1.51941e-07 -3.80885e-08 -0.992644 -1.75406e-07 -0.121073 0.453354
-0.11731 3.79949e-06 0.993095 -0.357918 3.44825e-06 1 -3.41858e-06 -8.29316e-07 -0.993095 3.02341e-06 -0.11731 0.449069
-0.115368 -2.01312e-07 0.993323 -0.314934 -2.51275e-07 1 1.73482e-07 -3.44675e-08 -0.993323 -2.29583e-07 -0.115368 0.443884
-0.114301 -1.28796e-07 0.993446 -0.262341 -2.18284e-07 1 1.04531e-07 -2.5676e-08 -0.993446 -2.04906e-07 -0.114301 0.437548
-0.113859 5.94751e-09 0.993497 -0.216331 -2.63176e-07 1 -3.61475e-08 -4.47011e-08 -0.993497 -2.6558e-07 -0.113859 0.432055
-0.113583 -1.66006e-07 0.993528 -0.157504 -3.5733e-07 1 1.26236e-07 1.26671e-08 -0.993528 -3.4068e-07 -0.113583 0.425099
-0.113463 -1.32614e-07 0.993542 -0.102238 -3.1215e-07 1 9.78286e-08 3.72256e-09 -0.993542 -2.99034e-07 -0.113463 0.418622
-0.113405 -8.99754e-06 0.993549 -0.0457613 -4.03907e-05 1 4.44573e-06 -2.60377e-06 -0.993549 -3.96259e-05 -0.113405 0.412045
-0.113381 -8.61798e-08 0.993552 6.35821e-05 -3.69171e-07 1 4.46105e-08 -5.17259e-09 -0.993552 -3.61732e-07 -0.113381 0.406738
-0.113363 -3.27947e-07 0.993554 0.0870629 -3.61564e-07 1 2.88821e-07 4.3411e-08 -0.993554 -3.26491e-07 -0.113363 0.396704
-0.110301 -2.28859e-07 0.993898 0.12202 -1.23803e-07 1 2.16525e-07 5.09526e-08 -0.993898 -9.91647e-08 -0.110301 0.39317
-0.0845101 5.10601e-06 0.996423 0.185502 4.77592e-06 1 -4.71928e-06 -9.66857e-07 -0.996423 4.36001e-06 -0.0845101 0.390033
-0.0558395 -1.27181e-07 0.99844 0.231319 -2.59161e-07 1 1.12886e-07 4.8254e-08 -0.99844 -2.52453e-07 -0.0558395 0.389597
-0.00932623 -1.90492e-07 0.999957 0.29202 -1.68724e-07 1 1.88927e-07 6.70605e-08 -0.999957 -1.66954e-07 -0.00932623 0.390957
0.0273298 3.06076e-05 0.999626 0.325745 -2.0797e-08 1 -3.06184e-05 -9.15343e-06 -0.999626 8.16007e-07 0.0273298 0.393327
0.0941221 -2.90636e-07 0.995561 0.365321 -1.67845e-07 1 3.078e-07 8.52672e-08 -0.995561 -1.9607e-07 0.0941221 0.399294
0.123215 -4.20311e-08 0.99238 0.376658 -2.04157e-07 1 6.77022e-08 6.61087e-08 -0.99238 -2.10944e-07 0.123215 0.402301
0.181576 -1.00518e-07 0.983377 0.392102 -2.25509e-07 1 1.43856e-07 8.50854e-08 -0.983377 -2.47881e-07 0.181576 0.408768
0.234861 2.53456e-06 0.972029 0.399953 3.12566e-06 1 -3.36272e-06 -6.38717e-07 -0.972029 3.828e-06 0.234861 0.414979
0.273296 -2.9037e-08 0.96193 0.402904 -2.1234e-07 1 9.05146e-08 8.92776e-08 -0.96193 -2.28994e-07 0.273296 0.419551
0.33961 -1.06016e-05 0.940566 0.404023 -3.18291e-05 1 2.2764e-05 -2.02494e-06 -0.940566 -3.76682e-05 0.33961 0.427485
0.381445 -1.66836e-05 0.924392 0.40272 4.34175e-05 1 1.32181e-07 -7.92598e-06 -0.924392 4.00844e-05 0.381445 0.432468
0.427056 -2.28679e-05 0.904225 0.399909 5.22275e-05 1 6.23512e-07 -9.35935e-06 -0.904225 4.69591e-05 0.427056 0.437829
