1 0 0 -8.88178e-16 -2.77556e-17 1 4.33681e-19 1.11022e-16 0 -4.33681e-19 1 3.46945e-18
0.999992 0.00196187 0.00338655 0.00299379 -0.00198201 0.99998 0.00595429 -0.000899291 -0.0033748 -0.00596096 0.999977 -0.000306013
0.999995 0.00157777 0.00287108 0.00252923 -0.00159242 0.999986 0.00510776 -0.000809198 -0.00286298 -0.0051123 0.999983 -0.000259922
1 0.000723162 0.000302503 0.000430531 -0.000723587 0.999999 0.00140873 -0.000128682 -0.000301484 -0.00140895 0.999999 -2.54649e-05
0.99999 0.00342172 0.00300844 0.00360603 -0.00343836 0.999979 0.00554273 -0.00115718 -0.00298941 -0.00555302 0.99998 -0.000260926
0.999988 0.00344566 0.00347164 0.00364635 -0.00346967 0.99997 0.00693404 -0.00117425 -0.00344764 -0.006946 0.99997 -0.00030634
0.999986 0.00420465 0.00310332 0.00403266 -0.00422715 0.999965 0.00728122 -0.00130178 -0.0030726 -0.00729424 0.999969 -0.000264636
0.99999 0.00330005 0.00301129 0.0036419 -0.00332152 0.999969 0.00715284 -0.00115832 -0.00298759 -0.00716277 0.99997 -0.000260384
0.99999 0.00314716 0.00327853 0.00339689 -0.00316854 0.999974 0.0065352 -0.00108724 -0.00325788 -0.00654553 0.999973 -0.000289993
0.999992 0.00265552 0.0029257 0.00336262 -0.00267224 0.99998 0.00572836 -0.00102624 -0.00291043 -0.00573613 0.999979 -0.000255599
0.999991 0.00285701 0.00300299 0.00354916 -0.0028741 0.99998 0.00570349 -0.00108373 -0.00298664 -0.00571208 0.999979 -0.000261236
0.999999 -0.00139494 1.69874e-05 -0.000643397 0.00139496 0.999998 -0.00115933 0.000255795 -1.53702e-05 0.00115936 0.999999 -8.41954e-06
0.999993 0.00212245 0.00303862 0.00270716 -0.00213904 0.999983 0.005465 -0.000876562 -0.00302697 -0.00547146 0.99998 -0.000274345
0.999993 0.00105029 0.0034857 0.00200307 -0.00106844 0.999986 0.00520923 -0.000648485 -0.00348018 -0.00521292 0.99998 -0.000327222
0.999992 0.00221219 0.00339529 0.00305886 -0.00222975 0.999984 0.00517843 -0.000923108 -0.00338378 -0.00518596 0.999981 -0.000306169
0.999994 -0.00336199 -0.000196357 -0.00187978 0.00336142 0.99999 -0.00286074 0.000655099 0.000205972 0.00286006 0.999996 4.17593e-07
0.999992 0.00240045 0.00304218 0.00307332 -0.00241485 0.999986 0.0047392 -0.000953984 -0.00303076 -0.00474652 0.999984 -0.000270748
0.999994 -0.00334576 0.000308009 -0.00157142 0.00334614 0.999994 -0.00125391 0.000617481 -0.000303812 0.00125493 0.999999 -4.71914e-05
0.999989 0.00335242 0.00339544 0.00372633 -0.00337515 0.999972 0.0067109 -0.00117598 -0.00337285 -0.00672228 0.999972 -0.000297994
0.999993 0.00286164 0.00247944 0.00330781 -0.00287344 0.999985 0.00476734 -0.00102584 -0.00246576 -0.00477443 0.999986 -0.000211681
0.999991 0.00273379 0.00314573 0.00355713 -0.0027542 0.999975 0.00650177 -0.0010921 -0.00312788 -0.00651038 0.999974 -0.000275342
0.999992 0.00218888 0.00326976 0.00319917 -0.00220625 0.999983 0.00531805 -0.000937223 -0.00325806 -0.00532523 0.999981 -0.000292065
0.999999 -0.00111513 0.000439825 -0.000298344 0.00111524 0.999999 -0.000252379 0.000174185 -0.000439543 0.00025287 1 -4.71142e-05
0.999999 -0.00108287 0.000666135 -0.000219208 0.0010826 0.999999 0.000399892 0.000128525 -0.000666568 -0.000399171 1 -6.90704e-05
0.999997 -0.00261076 -8.04844e-05 -0.00117756 0.00261059 0.999995 -0.00201554 0.000482501 8.5746e-05 0.00201533 0.999998 -3.98944e-06
0.999983 0.0046153 0.00342078 0.00451657 -0.00464411 0.999953 0.00846432 -0.00148 -0.00338156 -0.00848006 0.999958 -0.000290527
0.999991 0.00265122 0.00333876 0.00345705 -0.00267382 0.999973 0.00678257 -0.00104899 -0.00332069 -0.00679144 0.999971 -0.000295633
0.999991 0.00301788 0.00311065 0.00367028 -0.00303725 0.999976 0.00624302 -0.00111534 -0.00309173 -0.00625241 0.999976 -0.000270425
0.99999 0.00346997 0.00292345 0.00358989 -0.00348779 0.999975 0.00611128 -0.00115698 -0.00290217 -0.00612141 0.999977 -0.000252367
0.999991 0.00330416 0.00258415 0.00351899 -0.00331563 0.999985 0.00444631 -0.00112488 -0.00256942 -0.00445483 0.999987 -0.000219845
0.999988 0.00347345 0.00347324 0.00371544 -0.00349638 0.999972 0.00661763 -0.00118732 -0.00345016 -0.0066297 0.999972 -0.000305845
0.999992 0.0015707 0.00365705 0.00271664 -0.0015949 0.999977 0.00662614 -0.000822573 -0.00364656 -0.00663192 0.999971 -0.000336197
0.999992 0.00298766 0.0027963 0.00357273 -0.00300406 0.999978 0.00588233 -0.0011046 -0.00277867 -0.00589068 0.999979 -0.0002402
0.999993 0.00212973 0.00314644 0.0030728 -0.00214381 0.999988 0.00447848 -0.000938198 -0.00313686 -0.0044852 0.999985 -0.000281405
0.999993 0.00227492 0.00286204 0.00302428 -0.00228663 0.999989 0.00409592 -0.000932482 -0.00285269 -0.00410243 0.999988 -0.000253467
0.999989 0.00277066 0.00365352 0.00372698 -0.00279513 0.999974 0.00671198 -0.0011179 -0.00363483 -0.00672212 0.999971 -0.000324186
0.999989 0.00340964 0.00316205 0.00386154 -0.00343168 0.99997 0.00698967 -0.00117829 -0.00313812 -0.00700045 0.999971 -0.000272976
0.99999 0.00301866 0.00337333 0.00377259 -0.00304101 0.999973 0.00664059 -0.00114958 -0.0033532 -0.00665078 0.999972 -0.00029553
0.999988 0.00365681 0.00337356 0.00400201 -0.00367837 0.999973 0.00640637 -0.00124844 -0.00335004 -0.0064187 0.999974 -0.000292736
0.999992 0.00203386 0.00331466 0.00314042 -0.0020509 0.999985 0.00514656 -0.000940436 -0.00330414 -0.00515332 0.999981 -0.000297406
0.999992 0.00224014 0.00329373 0.00282129 -0.00226211 0.999975 0.00668238 -0.000908379 -0.00327868 -0.00668978 0.999972 -0.00029829
0.999998 -0.00209072 0.000671819 -0.0010971 0.00208994 0.999997 0.00114587 0.000411334 -0.000674213 -0.00114446 0.999999 -7.91419e-05
0.999992 0.00206153 0.0035501 0.00296008 -0.00208643 0.999973 0.00702431 -0.000926276 -0.00353552 -0.00703166 0.999969 -0.000322526
0.999992 0.00236922 0.00325557 0.00332826 -0.00238387 0.999987 0.00450405 -0.00100282 -0.00324485 -0.00451177 0.999985 -0.00028945
0.999991 0.00261851 0.00337029 0.00331957 -0.00263729 0.999981 0.00557869 -0.00102044 -0.00335562 -0.00558753 0.999979 -0.000300597
0.999999 -0.00119362 6.3003e-05 -0.000613423 0.00119366 0.999999 -0.000726324 0.000268065 -6.21359e-05 0.000726398 1 -1.26405e-05
0.999992 0.00235842 0.00309404 0.00329217 -0.00237254 0.999987 0.00456665 -0.000993522 -0.00308323 -0.00457395 0.999985 -0.000273668
0.999998 -0.0019357 0.000119103 -0.000863193 0.00193598 0.999995 -0.00234583 0.000352349 -0.000114561 0.00234606 0.999997 -2.06795e-05
0.999989 0.00371415 0.00298569 0.00367583 -0.00373448 0.99997 0.00683404 -0.00117889 -0.00296022 -0.00684511 0.999972 -0.000257186
0.999993 0.00246641 0.00298439 0.00318358 -0.0024848 0.999978 0.00617464 -0.00100881 -0.00296909 -0.00618201 0.999976 -0.000263501
0.999995 0.00140469 0.00269523 0.00239231 -0.00141425 0.999993 0.00355041 -0.000765008 -0.00269022 -0.00355421 0.99999 -0.000244106
0.999993 0.00167237 0.0033582 0.00316038 -0.00168765 0.999988 0.00455423 -0.000901374 -0.00335054 -0.00455987 0.999984 -0.000301811
1 -0.000621253 0.000218795 -0.000686912 0.000621132 1 0.000555815 0.000196385 -0.00021914 -0.000555679 1 -2.92268e-05
0.999938 0.0109756 0.00160278 0.00258768 -0.0109669 0.999926 -0.00530668 -0.0013559 -0.0016609 0.00528878 0.999985 -0.000137589
0.999973 0.00632651 0.00364053 0.00387976 -0.00629924 0.999952 -0.00745537 -0.000868731 -0.00368753 0.00743224 0.999966 -0.000325559
0.999909 0.00878366 0.0102198 -0.00094923 -0.00892957 0.999858 0.0143205 0.000242354 -0.0100925 -0.0144104 0.999845 -0.00101586
0.999918 0.00510924 0.0117278 -0.000531302 -0.00526533 0.999897 0.0133169 0.000555664 -0.0116586 -0.0133776 0.999843 -0.00116792
0.999934 0.000889011 0.0114884 -0.00247447 -0.000999041 0.999954 0.00957527 0.00138315 -0.0114793 -0.00958611 0.999888 -0.00117063
0.999931 -0.00131654 0.0116944 -0.00282136 0.00124101 0.999978 0.00646324 0.00173634 -0.0117027 -0.00644828 0.999911 -0.00119643
0.99992 0.00126346 0.0125815 -0.00199961 -0.00136965 0.999963 0.00843496 0.00141399 -0.0125704 -0.00845152 0.999885 -0.00127409
0.999892 0.000798063 0.0146869 -1.54937e-05 -0.00102951 0.999875 0.015758 0.00121588 -0.0146725 -0.0157714 0.999768 -0.00146259
0.999888 0.00306815 0.0146642 0.000727915 -0.00335099 0.999808 0.0193018 0.000948829 -0.0146022 -0.0193488 0.999706 -0.00144724
0.999867 0.00263018 0.016115 0.00295877 -0.00306777 0.999626 0.0271898 0.000645803 -0.0160375 -0.0272356 0.9995 -0.00156662
0.999887 -0.00162032 0.0149733 0.000475097 0.00139356 0.999884 0.0151419 0.00167124 -0.0149961 -0.0151194 0.999773 -0.00148861
0.999828 0.00688004 0.0172295 0.00558186 -0.00747034 0.999379 0.0344343 -1.08878e-05 -0.0169818 -0.0345571 0.999258 -0.00163203
0.999844 0.00462357 0.0170188 0.00235377 -0.00508197 0.999623 0.026991 0.000835274 -0.0168876 -0.0270733 0.999491 -0.00165707
0.999859 0.00343306 0.0164072 0.00163793 -0.00381718 0.999718 0.023438 0.00129818 -0.0163221 -0.0234973 0.999591 -0.00160746
0.999852 0.0030634 0.0169108 0.00107836 -0.00343869 0.999747 0.0222082 0.00151496 -0.0168385 -0.022263 0.99961 -0.0016648
0.999876 0.000136346 0.0157455 -0.000202481 -0.000410583 0.999848 0.0174149 0.0022632 -0.0157407 -0.0174192 0.999724 -0.00156799
0.999878 -0.00288985 0.0153525 -0.00147739 0.00263169 0.999855 0.0168091 0.0029328 -0.0153989 -0.0167667 0.999741 -0.00154696
0.999874 -0.00521318 0.0149869 -0.00147828 0.00499475 0.999881 0.0145758 0.00338896 -0.0150611 -0.0144991 0.999781 -0.00151241
0.999877 -0.00424668 0.0150692 -0.000435577 0.00393761 0.999783 0.0204804 0.00319513 -0.0151529 -0.0204185 0.999677 -0.00151007
0.999879 -0.00462166 0.0148851 0.000520928 0.00423958 0.999663 0.0255983 0.00320459 -0.0149984 -0.0255321 0.999561 -0.00148385
0.999859 -0.00195429 0.0166728 0.00334209 0.00139099 0.99943 0.0337306 0.00245352 -0.0167292 -0.0337026 0.999292 -0.00162656
0.999887 -0.000916959 0.0149794 0.00342003 0.000398274 0.999401 0.0345929 0.00247155 -0.0150022 -0.034583 0.999289 -0.00145259
0.999898 -0.00242485 0.0140516 -5.84555e-05 0.00207258 0.999685 0.0250304 0.00338246 -0.0141078 -0.0249987 0.999588 -0.00139998
0.999915 -0.00836986 0.0099793 -0.00197479 0.00823486 0.999875 0.0134937 0.00446276 -0.010091 -0.0134103 0.999859 -0.00101839
0.999924 -0.007659 0.00962597 -0.00155098 0.00758421 0.999941 0.00778207 0.00449403 -0.009685 -0.00770848 0.999923 -0.000972649
0.999895 -0.0121588 0.00786218 -0.00523749 0.0121594 0.999926 -3.3202e-05 0.00568145 -0.00786119 0.000128798 0.999969 -0.00082945
0.99995 -0.00455806 0.00887482 -0.000244929 0.00456544 0.999989 -0.000811398 0.00418153 -0.00887103 0.000851875 0.99996 -0.000876501
0.999935 -0.00810573 0.00802014 -0.000722498 0.00812501 0.999964 -0.00237534 0.00468713 -0.0080006 0.00244035 0.999965 -0.000794324
0.99979 -0.0180589 0.00970997 -0.00525687 0.0180137 0.999827 0.00473076 0.00694033 -0.00979372 -0.00455485 0.999942 -0.00102039
0.999938 -0.00941748 0.00589587 0.000347643 0.009437 0.99995 -0.00329077 0.0047427 -0.00586458 0.0033462 0.999977 -0.000568856
0.99995 -0.00796782 0.00601712 0.00139166 0.00795916 0.999967 0.00146145 0.00448306 -0.00602856 -0.00141348 0.999981 -0.000573822
0.999973 0.000272631 0.00740825 0.00352633 -0.000319494 0.99998 0.00632529 0.00327928 -0.00740638 -0.00632748 0.999953 -0.000688755
0.999815 -0.01755 0.00783268 -0.00253593 0.0174367 0.999746 0.0142945 0.00630566 -0.00808155 -0.0141553 0.999867 -0.0008204
0.999768 -0.0171693 0.0130394 -0.000278824 0.0168754 0.999608 0.0223259 0.00598424 -0.0134176 -0.0221007 0.999666 -0.00132929
0.99966 -0.0248349 0.00788673 -0.00647504 0.0247842 0.999672 0.00646459 0.00810525 -0.00804469 -0.00626692 0.999948 -0.000857419
0.99963 -0.0259513 0.00809627 -0.00616094 0.0259061 0.999648 0.00564932 0.00822939 -0.00824004 -0.00543749 0.999951 -0.000873314
0.999634 -0.0241259 0.012202 -0.00685605 0.0239839 0.999644 0.0116559 0.00824588 -0.0124788 -0.0113589 0.999858 -0.00130434
0.999597 -0.0260864 0.0112117 -0.00731318 0.0260376 0.999651 0.00448068 0.00858941 -0.0113247 -0.00418695 0.999927 -0.00119357
0.999537 -0.0277507 0.0124585 -0.00597882 0.0276533 0.999586 0.00792425 0.00861333 -0.0126732 -0.00757606 0.999891 -0.00131371
0.999612 -0.0236599 0.0146679 -0.00528394 0.0234565 0.999628 0.0138913 0.00819176 -0.0149911 -0.0135419 0.999796 -0.00153771
0.999571 -0.0247168 0.0157114 -0.00291175 0.024418 0.999523 0.0189328 0.00791281 -0.0161718 -0.0185411 0.999697 -0.00163016
0.99953 -0.0262661 0.015832 -0.00237519 0.0259061 0.99941 0.0225294 0.00797368 -0.0164144 -0.0221086 0.999621 -0.0016486
0.999583 -0.0224625 0.0181183 0.000153959 0.0218268 0.999164 0.0345543 0.00723795 -0.0188794 -0.0341444 0.999239 -0.00186764
0.999383 -0.029374 0.0192708 0.00198105 0.0286081 0.998834 0.0388859 0.0076492 -0.0203906 -0.0383105 0.999058 -0.00199876
0.999604 -0.0210764 0.0186184 0.00149402 0.0203352 0.999027 0.0391408 0.00692987 -0.0194252 -0.0387467 0.99906 -0.00190761
0.999556 -0.0221557 0.0199308 0.000520078 0.0213638 0.999007 0.039106 0.00740037 -0.0207774 -0.0386628 0.999036 -0.00205251
0.999618 -0.0195488 0.0195399 0.0022103 0.0187672 0.999047 0.0394121 0.00681875 -0.0202917 -0.0390304 0.999032 -0.00198598
0.999452 -0.0263804 0.0199759 -0.000184482 0.0256376 0.999002 0.0365698 0.00808051 -0.0209207 -0.0360377 0.999131 -0.00207381
0.999266 -0.0333546 0.0188231 -0.00362561 0.0328306 0.999083 0.027491 0.0094933 -0.0197228 -0.0268528 0.999445 -0.00199037
0.999365 -0.0299807 0.0192375 -0.000302586 0.0291466 0.998681 0.0422628 0.00858523 -0.0204792 -0.0416752 0.998921 -0.00203035
0.99947 -0.0261738 0.0193523 0.00199881 0.0252816 0.998667 0.0449949 0.0080235 -0.0205042 -0.0444818 0.9988 -0.00200748
0.999455 -0.0269614 0.0190392 0.0019955 0.0259934 0.998442 0.0493777 0.00818764 -0.0203408 -0.0488559 0.998599 -0.00199084
0.999525 -0.0226394 0.020913 0.00635345 0.0214615 0.99826 0.0549267 0.00696602 -0.0221201 -0.0544518 0.998271 -0.00212215
0.999207 -0.0349896 0.0190037 -0.000852768 0.0343093 0.998798 0.0350193 0.0097272 -0.0202061 -0.0343395 0.999206 -0.00200687
0.999268 -0.032313 0.020486 0.00365921 0.0312159 0.99817 0.0517835 0.00878356 -0.0221218 -0.0511061 0.998448 -0.00214958
0.999252 -0.0325978 0.0208161 0.00469932 0.0314519 0.998089 0.0531877 0.00868163 -0.0225101 -0.0524932 0.998368 -0.00217704
0.999294 -0.0326248 0.0186181 0.00111245 0.0318457 0.998663 0.0407121 0.00948061 -0.0199215 -0.0400905 0.998997 -0.00195621
0.999109 -0.0380749 0.0181996 -0.000735769 0.0373995 0.998648 0.0361131 0.0104362 -0.0195499 -0.0354003 0.999182 -0.00193838
0.999069 -0.0414951 0.0117727 -0.0041157 0.0413148 0.999031 0.0151666 0.0127708 -0.0123906 -0.0146661 0.999816 -0.0012538
0.998929 -0.044973 0.0109212 -0.00475476 0.0448235 0.998903 0.0135643 0.0173032 -0.0115192 -0.0130602 0.999848 -0.0011588
0.998836 -0.0466748 0.012155 -0.00221554 0.0464205 0.998713 0.0204225 0.0206652 -0.0130926 -0.0198345 0.999718 -0.00127576
0.999357 -0.0352268 0.00673646 0.00108872 0.0351899 0.999365 0.00551926 0.0225584 -0.00692661 -0.00527865 0.999962 -0.000611479
0.999319 -0.0360344 0.00794205 0.00201362 0.0359471 0.999294 0.0108785 0.0264035 -0.00832845 -0.0105856 0.999909 -0.000727644
0.999343 -0.0324986 0.0160468 0.0089314 0.0316904 0.998331 0.0482816 0.0288906 -0.0175891 -0.0477414 0.998705 -0.00156484
0.998844 -0.0445444 0.0180568 0.00591767 0.0435637 0.997723 0.0514829 0.0345892 -0.020309 -0.0506368 0.998511 -0.00185431
0.99934 -0.0319308 0.0173329 0.00707684 0.0310601 0.998346 0.0483727 0.037019 -0.0188488 -0.0478024 0.998679 -0.00168254
0.999837 -0.0138732 0.0115638 0.0169763 0.0134874 0.999371 0.0327967 0.0354692 -0.0120116 -0.0326354 0.999395 -0.000886325
0.999572 -0.0224531 0.0187448 0.0116306 0.021394 0.998262 0.0549083 0.0348501 -0.019945 -0.0544838 0.998315 -0.00174506
0.998909 -0.045026 0.0124071 0.00354079 0.0446012 0.998472 0.0326159 0.0346272 -0.0138567 -0.032027 0.999391 -0.00123635
0.999403 -0.0316436 0.0138416 0.0090536 0.0309791 0.998468 0.0458366 0.0281592 -0.0152708 -0.0453804 0.998853 -0.00133405
0.999279 -0.0366235 0.0100463 0.00813905 0.036288 0.998837 0.0317603 0.0246349 -0.0111978 -0.0313729 0.999445 -0.000951482
0.999779 -0.0177861 0.011188 0.00750436 0.0174789 0.999483 0.026979 0.0190787 -0.0116621 -0.0267775 0.999573 -0.00101883
0.999667 -0.0196023 0.0167818 0.0130322 0.0187543 0.998609 0.0492822 0.0142143 -0.0177245 -0.048951 0.998644 -0.00158008
0.999778 -0.0183559 0.0103563 0.00583744 0.0181548 0.999651 0.0191841 0.0119237 -0.0107048 -0.0189919 0.999762 -0.000967843
0.999824 -0.0155409 0.0105221 0.00660289 0.0153297 0.999685 0.0198581 0.00777463 -0.0108274 -0.0196933 0.999747 -0.0009853
0.999498 -0.0304559 0.00873885 0.00288781 0.0303417 0.999456 0.0129191 0.00638363 -0.00912756 -0.0126475 0.999878 -0.000867442
0.999486 -0.0310833 0.00781938 0.000188169 0.0310259 0.999491 0.00736455 0.00336167 -0.00804431 -0.00711817 0.999942 -0.000800787
0.999496 -0.030774 0.00775561 -9.20201e-05 0.0307213 0.999505 0.00681819 -0.000429828 -0.00796159 -0.00657649 0.999947 -0.000809158
0.998879 -0.0466024 0.00833855 -0.00688005 0.0465266 0.998876 0.00906125 -0.00165298 -0.00875145 -0.00866313 0.999924 -0.000974484
0.99909 -0.0403058 0.0139684 -0.00475198 0.0399695 0.998923 0.0235742 -0.006921 -0.0149036 -0.0229944 0.999624 -0.00158229
0.999129 -0.0371996 0.0189157 -0.00372876 0.036508 0.998696 0.0356807 -0.0116139 -0.0202183 -0.0349591 0.999184 -0.00211775
0.998854 -0.0436221 0.0197037 -0.00596736 0.0428042 0.998275 0.0401776 -0.014869 -0.0214223 -0.0392882 0.998998 -0.00227713
0.999002 -0.0403536 0.0191291 -0.00661591 0.0396535 0.998577 0.0356683 -0.0192587 -0.0205412 -0.0348742 0.999181 -0.00221111
0.999097 -0.0379328 0.019141 -0.00754315 0.0373192 0.998808 0.031458 -0.0229048 -0.0203115 -0.0307153 0.999322 -0.00221098
0.998993 -0.0398118 0.0206952 -0.00636934 0.0390927 0.998655 0.0340633 -0.0261601 -0.0220235 -0.0332199 0.999205 -0.00238102
0.99905 -0.0392319 0.0189659 -0.00785183 0.038649 0.998797 0.03018 -0.0295047 -0.0201271 -0.0294184 0.999365 -0.00222007
0.999193 -0.0357182 0.018346 -0.00754084 0.0351659 0.998943 0.0295911 -0.03379 -0.0193836 -0.0289221 0.999394 -0.00215644
0.999001 -0.039912 0.0200942 -0.00731051 0.0391029 0.998467 0.0391648 -0.0375941 -0.0216266 -0.0383399 0.999031 -0.00239292
0.99889 -0.0426355 0.0200105 -0.0101538 0.0418005 0.998307 0.0404409 -0.0409034 -0.0217008 -0.0395596 0.998982 -0.00244528
0.998907 -0.0431599 0.017968 -0.0114092 0.0424602 0.998388 0.0376539 -0.044823 -0.0195642 -0.0368498 0.999129 -0.00226013
0.998234 -0.0582903 0.0114099 -0.0160382 0.0580786 0.998148 0.0180837 -0.0429013 -0.0124429 -0.0173891 0.999771 -0.00159847
0.998755 -0.0477846 0.0142988 -0.0122434 0.0473387 0.998427 0.0300509 -0.0446054 -0.0157122 -0.0293366 0.999446 -0.0018852
0.998288 -0.0562859 0.0159313 -0.0134312 0.0557028 0.997836 0.0349461 -0.0434255 -0.0178638 -0.0339989 0.999262 -0.00211207
0.998347 -0.0554492 0.0151483 -0.0151419 0.0550058 0.998086 0.0282661 -0.0430745 -0.0166867 -0.0273862 0.999486 -0.00201232
0.998028 -0.0606883 0.0160412 -0.0155453 0.0602676 0.997856 0.025527 -0.0424359 -0.017556 -0.0245098 0.999545 -0.00210308
0.998377 -0.0543675 0.0169518 -0.0150192 0.0539202 0.998212 0.0258129 -0.043083 -0.0183249 -0.024857 0.999523 -0.00217443
0.998225 -0.056849 0.0177291 -0.0147932 0.0563504 0.998033 0.0274586 -0.0428878 -0.0192552 -0.0264108 0.999466 -0.0022649
0.997873 -0.0627821 0.0175549 -0.0162649 0.0623184 0.997722 0.0258204 -0.0420158 -0.019136 -0.0246715 0.999512 -0.00226829
0.998161 -0.0578748 0.0180307 -0.0141669 0.0572846 0.997855 0.0316905 -0.0428582 -0.0198261 -0.0305993 0.999335 -0.00231504
0.998239 -0.0565794 0.0178116 -0.0156363 0.0559788 0.9979 0.0325856 -0.0427137 -0.0196179 -0.0315311 0.99931 -0.00231
0.998153 -0.0578738 0.0184541 -0.012123 0.0570524 0.997475 0.0423012 -0.0431741 -0.0208556 -0.0411703 0.998934 -0.00239584
0.998343 -0.0544104 0.0187548 -0.0113776 0.0535437 0.997597 0.0439755 -0.0435465 -0.0211025 -0.0428985 0.998857 -0.00241236
0.998189 -0.0571699 0.0187169 -0.0112234 0.0562399 0.997314 0.0469269 -0.0432089 -0.0213494 -0.0457893 0.998723 -0.00243488
0.998604 -0.0490943 0.019486 -0.00915164 0.048106 0.997674 0.0483008 -0.0443201 -0.021812 -0.047296 0.998643 -0.00245918
0.998061 -0.0595068 0.0182735 -0.0122869 0.0586675 0.997331 0.0434636 -0.0427446 -0.0208111 -0.0423073 0.998888 -0.00239219
0.997851 -0.0624213 0.0199439 -0.01146 0.0613689 0.996881 0.0496196 -0.0426447 -0.0229791 -0.048289 0.998569 -0.00259997
0.997804 -0.063197 0.0198489 -0.0117952 0.0621388 0.996812 0.0500424 -0.0424752 -0.0229482 -0.0486991 0.99855 -0.0026003
0.997915 -0.0616501 0.0190858 -0.0116316 0.0607407 0.997137 0.0450361 -0.0426974 -0.0218077 -0.0437829 0.998803 -0.00248481
0.99771 -0.0654233 0.0171831 -0.0138556 0.0647971 0.997293 0.0347706 -0.0419034 -0.0194114 -0.0335775 0.999248 -0.0022688
0.997816 -0.0632598 0.0190073 -0.0136604 0.0624552 0.997234 0.0403031 -0.0420533 -0.0215043 -0.0390279 0.999007 -0.00247569
0.997339 -0.0701374 0.0199089 -0.0146142 0.0691951 0.996605 0.0446173 -0.0410396 -0.0229707 -0.0431209 0.998806 -0.00263139
0.997384 -0.0693135 0.0204893 -0.0134402 0.0682752 0.996528 0.047644 -0.0411496 -0.0237205 -0.0461204 0.998654 -0.00269317
0.997733 -0.0633237 0.0228001 -0.00897659 0.0619293 0.996429 0.0573986 -0.0424317 -0.0263534 -0.0558565 0.998091 -0.00290853
0.997655 -0.0650381 0.0213281 -0.0101053 0.0636304 0.996101 0.0611087 -0.0419773 -0.0252193 -0.0596083 0.997903 -0.00280683
0.997924 -0.0608811 0.0209878 -0.00933212 0.0596104 0.996615 0.0566176 -0.0423753 -0.0243637 -0.055249 0.998175 -0.00271278
0.998412 -0.0516134 0.0225657 -0.00700327 0.0499962 0.996489 0.0671537 -0.0435735 -0.0259525 -0.0659189 0.997487 -0.00284664
0.998575 -0.0482223 0.0228541 -0.00493495 0.046434 0.996236 0.0732027 -0.044174 -0.0262981 -0.0720372 0.997055 -0.00285879
0.998765 -0.0439721 0.0231282 -0.00207206 0.0419077 0.995649 0.0832226 -0.0450078 -0.026687 -0.0821506 0.996263 -0.00286679
0.998749 -0.0449716 0.0218426 0.000758548 0.0430353 0.995684 0.0822263 -0.0452103 -0.0254462 -0.0811834 0.996374 -0.0027117
0.997931 -0.0604931 0.0217886 -0.00421306 0.0588131 0.995749 0.0708874 -0.0427104 -0.0259842 -0.0694593 0.997246 -0.00281767
0.997974 -0.0611199 0.0176803 -0.00795016 0.0601226 0.99682 0.0523028 -0.0417806 -0.0208208 -0.0511338 0.998475 -0.00234092
0.99779 -0.0654056 0.0117476 -0.0116326 0.0650546 0.997485 0.0281216 -0.0406178 -0.0135574 -0.0272952 0.999535 -0.00165376
0.997672 -0.0671734 0.0117295 -0.0117402 0.0668126 0.997349 0.0288383 -0.0403429 -0.0136356 -0.0279875 0.999515 -0.00166231
0.996865 -0.0775862 0.0155412 -0.0151063 0.0768456 0.996088 0.0436283 -0.0382953 -0.0188654 -0.0422972 0.998927 -0.00221883
0.996893 -0.0769413 0.0168398 -0.0127964 0.0759273 0.995635 0.0542783 -0.0387237 -0.0209425 -0.0528311 0.998384 -0.00240157
0.995692 -0.09115 0.0169766 -0.0117715 0.0899997 0.994174 0.0593108 -0.0373676 -0.0222839 -0.0575274 0.998095 -0.00252291
0.996051 -0.0872361 0.0165213 -0.0122462 0.0861637 0.994638 0.0571966 -0.0375359 -0.0214224 -0.0555472 0.998226 -0.00244177
0.99734 -0.0717935 0.0126227 -0.00781923 0.0711912 0.996535 0.0430128 -0.0399871 -0.015667 -0.0419998 0.998995 -0.00182088
0.997606 -0.0674744 0.0151229 -0.00413056 0.0666486 0.996538 0.0497066 -0.041087 -0.0184245 -0.0485797 0.998649 -0.0020574
0.998556 -0.0498849 0.0199426 -0.00179848 0.0483146 0.996184 0.0726905 -0.0428969 -0.0234926 -0.071622 0.997155 -0.00253874
0.999106 -0.0367629 0.0208762 0.00145988 0.0349726 0.996144 0.080464 -0.0446279 -0.0237538 -0.0796619 0.996539 -0.00252994
0.998007 -0.0598275 0.0200873 0.00736542 0.0578041 0.994307 0.0895095 -0.0432 -0.0253281 -0.0881699 0.995783 -0.00262218
0.997199 -0.0725561 0.0181475 0.000651716 0.0711006 0.994942 0.0709544 -0.0406404 -0.0232039 -0.0694654 0.997314 -0.00248061
0.997772 -0.0648553 0.0156419 -0.00257809 0.0638284 0.996213 0.0590388 -0.0406954 -0.0194116 -0.0579089 0.998133 -0.00213628
0.997319 -0.0716142 0.0150305 -0.00472548 0.0706653 0.995912 0.0562584 -0.039489 -0.018998 -0.0550454 0.998303 -0.00211689
0.996965 -0.076361 0.0151883 -0.00611914 0.0754788 0.99579 0.0520041 -0.0387251 -0.0190954 -0.0506998 0.998531 -0.00214103
0.997147 -0.0734803 0.0172815 -0.00433294 0.0722087 0.99525 0.0653011 -0.0391242 -0.0219978 -0.0638669 0.997716 -0.00241147
0.997279 -0.0702326 0.0224049 -0.00153941 0.0676904 0.992778 0.0990489 -0.0396988 -0.0291995 -0.0972628 0.99483 -0.00310054
0.997383 -0.0681967 0.0240058 0.00207572 0.0652224 0.991984 0.108234 -0.0404479 -0.0311945 -0.106385 0.993836 -0.00326094
0.997782 -0.0617961 0.0247603 0.00468783 0.0586391 0.991912 0.11257 -0.0413671 -0.0315164 -0.110868 0.993335 -0.00326488
0.997928 -0.0591377 0.0253494 0.00705018 0.0556985 0.991237 0.119781 -0.0419873 -0.0322109 -0.118121 0.992477 -0.00330885
0.998242 -0.053576 0.0253508 0.00733936 0.0501976 0.99162 0.119035 -0.0424137 -0.0315158 -0.117554 0.992566 -0.00323598
0.998179 -0.0547493 0.0253155 0.00905998 0.0514206 0.991758 0.117358 -0.0424475 -0.0315321 -0.115842 0.992767 -0.00321857
0.998032 -0.0586156 0.0222698 0.00505265 0.0560604 0.99322 0.101843 -0.0411219 -0.0280884 -0.100394 0.994551 -0.00291642
0.9979 -0.0619954 0.0187658 0.00260674 0.0600697 0.994133 0.0899552 -0.0402369 -0.0242325 -0.088639 0.995769 -0.0025567
0.998049 -0.0595748 0.018697 4.52065e-05 0.0577353 0.994534 0.0869949 -0.039897 -0.0237776 -0.0857457 0.996033 -0.00253838
0.996868 -0.0767869 0.0189147 -0.00429332 0.0749663 0.993714 0.0831469 -0.0371806 -0.0251804 -0.0814685 0.996358 -0.002723
0.996542 -0.0806898 0.0198274 -0.00422814 0.0788078 0.993495 0.0821958 -0.0366478 -0.0263308 -0.080349 0.996419 -0.00283639
0.998508 -0.0485196 0.0250394 0.00147451 0.0457665 0.993856 0.100771 -0.0406591 -0.0297749 -0.0994749 0.994594 -0.00312087
0.994741 -0.0997984 0.0230409 -0.00720441 0.0974392 0.991398 0.087377 -0.0333865 -0.0315628 -0.0846724 0.995909 -0.00338632
0.995498 -0.0918591 0.0233524 -0.00613588 0.0894421 0.991987 0.0892254 -0.0345356 -0.0313614 -0.0867351 0.995738 -0.00335617
0.996831 -0.0758895 0.0238495 -0.00805871 0.0738674 0.994326 0.0765461 -0.0356786 -0.0295232 -0.0745418 0.996781 -0.00319419
0.995922 -0.0877143 0.0210944 -0.0149785 0.0863179 0.994467 0.0598742 -0.0329911 -0.0262295 -0.0578092 0.997983 -0.00293714
0.997627 -0.0638598 0.0257324 -0.0107692 0.0615403 0.99468 0.0826095 -0.0359248 -0.0308709 -0.0808299 0.99625 -0.00335709
0.99802 -0.0592561 0.0210823 -0.0217714 0.0582351 0.997237 0.0461293 -0.0342571 -0.0237575 -0.0448103 0.998713 -0.00276387
0.998905 -0.0444544 0.01457 -0.025091 0.0439597 0.998499 0.0326745 -0.0349464 -0.0160006 -0.0319983 0.99936 -0.00202421
0.999194 -0.0381088 0.0126098 -0.0270474 0.0379545 0.999204 0.0122598 -0.0351644 -0.013067 -0.0117713 0.999845 -0.001752
0.996625 -0.0812466 0.0117431 -0.0354333 0.0810073 0.996521 0.0195969 -0.0292886 -0.0132944 -0.0185794 0.999739 -0.00186136
0.999859 -0.00557611 0.0158491 -0.0256533 0.00489567 0.999078 0.042652 -0.0383917 -0.0160723 -0.0425684 0.998964 -0.00203719
0.999715 -0.0226706 0.00753494 -0.0338299 0.0227471 0.999689 -0.010229 -0.0350557 -0.0073007 0.0103975 0.999919 -0.00124708
0.999382 -0.0343074 0.00765415 -0.0389004 0.0342798 0.999405 0.00369935 -0.0329678 -0.00777651 -0.00343468 0.999964 -0.00134847
0.999982 -0.00231354 0.00558163 -0.0346013 0.00236908 0.999948 -0.00996463 -0.0367549 -0.00555829 0.00997767 0.999935 -0.00108069
0.999945 0.00802101 0.00673615 -0.0329421 -0.0080432 0.999962 0.00327328 -0.0379514 -0.00670964 -0.00332728 0.999972 -0.00117751
0.999886 -0.0127215 0.00818062 -0.0392373 0.0126518 0.999884 0.00852267 -0.0348198 -0.00828809 -0.0084182 0.99993 -0.00140291
0.999992 -0.0011004 0.00396781 -0.0381528 0.00116335 0.999873 -0.0158985 -0.0362347 -0.00394981 0.0159029 0.999866 -0.000957851
0.999228 0.0364452 0.0146389 -0.0279241 -0.0370264 0.998448 0.0416126 -0.0401932 -0.0130996 -0.0421225 0.999027 -0.00175642
0.999839 0.016273 0.00757066 -0.0346329 -0.0164237 0.999659 0.0202901 -0.0305615 -0.0072379 -0.0204111 0.999765 -0.00121997
0.99964 0.0253722 0.00866965 -0.033574 -0.0255406 0.999476 0.0199075 -0.0267029 -0.00816001 -0.0201217 0.999764 -0.00128288
0.999932 0.0104921 0.00518434 -0.0310563 -0.0105278 0.999921 0.00690644 -0.0206139 -0.00511146 -0.00696055 0.999963 -0.000933382
0.999826 0.0183523 0.00323036 -0.0309024 -0.0183289 0.999806 -0.00714877 -0.017098 -0.00336093 0.00708832 0.999969 -0.000741098
0.999838 0.0177889 0.00258371 -0.0312635 -0.0177678 0.99981 -0.00796353 -0.012649 -0.00272488 0.00791634 0.999965 -0.00066589
0.999708 0.0241293 0.00102287 -0.0308693 -0.0241148 0.999632 -0.0124384 -0.00837946 -0.00132263 0.0124101 0.999922 -0.000503504
0.999569 0.029039 0.0043908 -0.0251936 -0.0290297 0.999576 -0.00218082 -0.00438644 -0.00445227 0.00205241 0.999988 -0.000735876
0.999787 0.0206484 0.000443528 -0.0319821 -0.0206403 0.999691 -0.013823 0.00273993 -0.000728814 0.0138109 0.999904 -0.000418307
0.999881 0.0149019 0.00408099 -0.0238844 -0.0148905 0.999885 -0.00281785 0.0121972 -0.00412252 0.00275675 0.999988 -0.000634142
0.99939 0.034331 0.00638603 -0.0179951 -0.0343669 0.999394 0.00558987 0.000956078 -0.00619025 -0.00580593 0.999964 -0.000806784
0.999462 0.0325456 0.00395036 -0.0265899 -0.0325155 0.999443 -0.00744875 -0.0138121 -0.00419059 0.0073163 0.999964 -0.000757896
0.999982 -0.00196625 0.00572356 -0.0359228 0.00200216 0.999978 -0.00627476 -0.01766 -0.0057111 0.00628611 0.999964 -0.00104253
0.99973 0.0217159 0.00827142 -0.0258229 -0.021706 0.999764 -0.00127768 -0.0265001 -0.00829721 0.0010978 0.999965 -0.00120941
0.999637 0.026486 0.00501123 -0.0310159 -0.0264283 0.999588 -0.0112403 -0.0315682 -0.00530687 0.0111038 0.999924 -0.000985624
0.999977 0.000409415 0.00677275 -0.036886 -0.000379481 0.99999 -0.00442036 -0.0331142 -0.0067745 0.00441769 0.999967 -0.00121422
0.999627 0.026625 0.00604672 -0.0317936 -0.0265904 0.99963 -0.00572985 -0.0419897 -0.00619704 0.00556693 0.999965 -0.00112067
0.999907 0.0120212 0.00641127 -0.0364068 -0.0119977 0.999921 -0.0036902 -0.0451296 -0.00645513 0.00361294 0.999973 -0.00121559
0.999813 0.0176931 0.00783565 -0.0327236 -0.0176988 0.999843 0.000663247 -0.05476 -0.00782268 -0.000801805 0.999969 -0.00134286
0.999975 -0.00100557 0.00703674 -0.0397939 0.000991875 0.999998 0.00194931 -0.0626748 -0.00703868 -0.00194228 0.999973 -0.00137985
0.999609 0.0264752 0.00898084 -0.0348039 -0.0265392 0.999623 0.00707737 -0.0716325 -0.00879008 -0.00731295 0.999935 -0.00152015
0.999895 0.0113827 0.00897716 -0.0386742 -0.011464 0.999893 0.00905594 -0.0750259 -0.00887312 -0.00915791 0.999919 -0.00159022
0.99996 0.00469682 0.00764853 -0.0401301 -0.00466106 0.999978 -0.00468603 -0.0794985 -0.00767037 0.00465019 0.99996 -0.00150497
0.999832 0.0169614 0.00700406 -0.0394147 -0.0169074 0.999827 -0.00770192 -0.0854566 -0.00713349 0.00758221 0.999946 -0.00145995
0.999915 0.0107657 0.00741743 -0.0410251 -0.0106855 0.999885 -0.0107698 -0.0889639 -0.00753252 0.0106897 0.999914 -0.00153299
0.999958 -0.00672485 0.00614945 -0.0454997 0.00674157 0.999974 -0.002703 -0.0871203 -0.00613111 0.00274435 0.999977 -0.0014433
0.999922 -0.0107954 0.00624596 -0.045962 0.0108274 0.999928 -0.00511424 -0.0826838 -0.0061903 0.00518147 0.999967 -0.00144002
0.999931 0.0114266 0.00280958 -0.0433694 -0.011374 0.999772 -0.0180753 -0.0807444 -0.00301548 0.0180421 0.999833 -0.00107825
0.999942 0.00891399 0.00610702 -0.0377021 -0.00888799 0.999951 -0.00427108 -0.0757986 -0.0061448 0.00421655 0.999972 -0.0013101
0.999955 0.00810413 0.00486438 -0.0428952 -0.00806901 0.999942 -0.00719809 -0.0698032 -0.00492243 0.00715851 0.999962 -0.00122564
0.999884 0.0132243 0.0075856 -0.0382729 -0.0132519 0.999906 0.00360236 -0.065611 -0.00753725 -0.00370247 0.999965 -0.00141775
0.999901 -0.0140038 0.00164474 -0.0456012 0.014038 0.999636 -0.0230507 -0.0563985 -0.00132135 0.0230715 0.999733 -0.000856135
0.999784 0.0206684 0.00239762 -0.0395229 -0.0206223 0.999628 -0.0178591 -0.0558747 -0.00276585 0.0178057 0.999838 -0.00091722
0.999806 0.019417 0.00324946 -0.0358828 -0.0193731 0.999728 -0.0130175 -0.0520281 -0.00350134 0.012952 0.99991 -0.000936185
0.999651 0.0252748 0.00769036 -0.0344915 -0.0253058 0.999672 0.00396836 -0.0523398 -0.00758753 -0.00416158 0.999963 -0.00132784
0.999686 0.023943 0.007372 -0.0356028 -0.023961 0.99971 0.00235637 -0.0520619 -0.00731344 -0.00253227 0.99997 -0.00131256
0.999823 0.0164026 0.0092412 -0.0359453 -0.0165512 0.999731 0.0162409 -0.0511228 -0.00897232 -0.016391 0.999825 -0.00148178
0.999739 0.0223646 0.00470551 -0.0384319 -0.0222859 0.999621 -0.016172 -0.0514527 -0.0050654 0.0160629 0.999858 -0.00111834
0.999696 0.0240577 0.00545755 -0.0375968 -0.0240401 0.999706 -0.00325855 -0.0516675 -0.00553433 0.00312636 0.99998 -0.00115585
0.999754 0.0208511 0.00759995 -0.037993 -0.0208725 0.999778 0.0027435 -0.0513327 -0.00754106 -0.00290146 0.999967 -0.00136102
0.9995 0.0314143 0.00353221 -0.0394048 -0.0313838 0.999472 -0.00838004 -0.0519876 -0.0037936 0.008265 0.999959 -0.00100058
0.999124 0.0416353 0.00429773 -0.0329482 -0.0416381 0.999133 0.000568339 -0.0538132 -0.00427034 -0.00074679 0.999991 -0.000977438
0.99896 0.0449958 0.00740949 -0.0300029 -0.0451873 0.998583 0.0281115 -0.0546152 -0.00613409 -0.028417 0.999577 -0.00113181
0.999131 0.040843 0.00825563 -0.0320525 -0.041041 0.998834 0.025433 -0.0539424 -0.00720724 -0.0257498 0.999642 -0.00126165
0.973915 -0.226721 -0.00931576 -0.00805561 0.218925 0.949636 -0.224194 -0.0336055 0.0596761 0.216306 0.9745 0.0057073
0.979209 -0.202661 -0.0088662 -0.0176073 0.196713 0.959328 -0.20247 -0.0340625 0.0495383 0.196516 0.979248 0.00458546
0.983262 -0.18179 -0.0121461 -0.00695011 0.174258 0.957796 -0.228608 -0.0379986 0.0531922 0.222665 0.973443 0.00506112
0.979812 -0.199461 -0.0135211 -0.00378732 0.191067 0.954187 -0.23026 -0.0367139 0.0588296 0.223028 0.973035 0.00566324
0.999719 -0.0106858 0.02116 -0.00945394 0.00864535 0.995509 0.0942766 -0.0521215 -0.0220724 -0.0940672 0.995321 -0.0025037
0.994283 -0.105421 -0.0169548 -0.00827376 0.0997352 0.973645 -0.205104 -0.0444442 0.0381302 0.20224 0.978593 0.00353099
0.999354 -0.0286189 0.0217225 -0.00397876 0.026008 0.993346 0.112196 -0.050913 -0.0247889 -0.111559 0.993449 -0.00271471
0.999217 -0.0340184 0.0201793 0.000579678 0.0314426 0.992688 0.116541 -0.050671 -0.0239963 -0.115815 0.992981 -0.00258465
0.997018 -0.0734058 -0.023825 0.00100924 0.0660191 0.971113 -0.229305 -0.0488314 0.039969 0.227048 0.973063 0.00381346
0.999751 -0.0112231 0.019306 0.00643303 0.00850673 0.99075 0.135435 -0.0536466 -0.0206474 -0.135237 0.990598 -0.0021864
0.998751 -0.0444418 0.0228222 0.00351699 0.0408768 0.98957 0.138132 -0.0496249 -0.028723 -0.137027 0.990151 -0.0030231
0.999575 -0.0160698 0.0243144 0.00423913 0.0124217 0.98959 0.143378 -0.0525237 -0.0263653 -0.143015 0.989369 -0.00278027
0.997297 -0.0685114 -0.0265662 0.00758467 0.0601611 0.968868 -0.240158 -0.0503515 0.0421927 0.23791 0.97037 0.00410677
0.997549 -0.0641306 -0.0279788 0.00648402 0.0550162 0.965996 -0.252637 -0.0501335 0.0432292 0.250478 0.967157 0.00420027
0.996751 -0.07487 -0.0297074 0.0128936 0.0641308 0.9608 -0.269722 -0.0504874 0.048737 0.26694 0.96248 0.00482015
0.999695 -0.00628965 0.0238739 0.0136728 0.00260124 0.988456 0.151487 -0.0548111 -0.0245511 -0.151379 0.988171 -0.00249663
0.997196 -0.0687374 -0.0296012 0.0165485 0.0581609 0.960679 -0.271503 -0.0512015 0.0470997 0.26902 0.961982 0.00469696
0.996839 -0.0735532 -0.0300192 0.0233955 0.0625378 0.959565 -0.274453 -0.0515553 0.0489923 0.271708 0.961132 0.00496147
0.997382 -0.0668083 -0.027669 0.017638 0.0572282 0.963171 -0.262728 -0.0506467 0.0442024 0.260457 0.964473 0.0044217
0.997219 -0.0688325 -0.0285611 0.0241443 0.058536 0.960676 -0.271432 -0.0510529 0.0461214 0.269006 0.962034 0.00468568
0.996771 -0.0749356 -0.0288534 0.0252309 0.0642941 0.960064 -0.272291 -0.0503028 0.0481054 0.269557 0.961782 0.00489754
0.999692 0.00579391 0.0241296 0.0351926 -0.0101183 0.983031 0.183159 -0.0569853 -0.022659 -0.183346 0.982787 -0.00206648
0.998722 -0.0362027 -0.0352628 0.0215794 0.0248884 0.959596 -0.280277 -0.0528236 0.0439848 0.279041 0.959271 0.00444692
