1 0 0 0 0 1 0 3.46945e-18 1.0842e-19 0 1 0
1 -1.70641e-05 -8.67891e-09 -8.78661e-07 1.70641e-05 1 -1.13451e-11 1.96383e-06 8.67891e-09 1.1197e-11 1 -5.14803e-10
1 -2.40483e-05 -1.2221e-08 -1.23801e-06 2.40483e-05 1 -1.13303e-11 1.55707e-06 1.2221e-08 1.10364e-11 1 -7.24121e-10
1 -1.6834e-05 -8.56475e-09 -8.68615e-07 1.6834e-05 1 -3.55846e-12 2.00635e-06 8.56475e-09 3.41428e-12 1 -5.01915e-10
1 1.55965e-06 7.80978e-10 7.57414e-08 -1.55965e-06 1 3.60252e-13 -1.00983e-07 -7.80978e-10 -3.6147e-13 1 6.18509e-11
1 -2.05069e-05 -1.04205e-08 -1.0586e-06 2.05069e-05 1 -5.91009e-12 1.32777e-06 1.04205e-08 5.6964e-12 1 -6.05995e-10
1 1.07966e-06 5.60147e-10 5.04241e-08 -1.07966e-06 1 -2.18935e-11 -6.98574e-08 -5.60147e-10 2.18929e-11 1 5.68887e-11
1 -2.0507e-05 -1.04134e-08 -1.06006e-06 2.0507e-05 1 -3.48033e-12 1.32778e-06 1.04134e-08 3.26679e-12 1 -5.9855e-10
1 -9.49272e-06 -4.82135e-09 -4.95127e-07 9.49272e-06 1 -5.90419e-12 6.14619e-07 4.82135e-09 5.85842e-12 1 -2.59678e-10
1 1.55965e-06 7.81017e-10 7.11041e-08 -1.55965e-06 1 3.60227e-13 -1.00983e-07 -7.81017e-10 -3.61445e-13 1 8.00779e-11
1 -9.30279e-17 7.90482e-14 -9.27471e-09 9.30178e-17 1 2.15094e-17 -1.90181e-13 -7.90481e-14 -2.1504e-17 1 3.64542e-11
1 -3.34042e-05 -1.69708e-08 -1.72639e-06 3.34042e-05 1 -7.85074e-13 -5.92926e-06 1.69708e-08 2.18179e-13 1 -9.78215e-10
1 1.19324e-05 5.9999e-09 5.98804e-07 -1.19324e-05 1 -5.0846e-12 -7.72616e-07 -5.9999e-09 5.013e-12 1 4.04206e-10
1 -4.00189e-05 -2.03794e-08 -2.07047e-06 4.00189e-05 1 -2.25337e-11 -2.27702e-06 2.03794e-08 2.17181e-11 1 -1.17484e-09
1 1.24848e-05 6.41747e-09 6.32275e-07 -1.24848e-05 1 -2.13367e-11 -8.08295e-07 -6.41747e-09 2.12565e-11 1 4.3724e-10
1 -3.75276e-05 -1.90837e-08 -1.94296e-06 3.75276e-05 1 -2.29589e-12 -6.24105e-06 1.90837e-08 1.57973e-12 1 -1.08991e-09
1 -3.34042e-05 -1.69708e-08 -1.73102e-06 3.34042e-05 1 -7.8517e-13 -5.92926e-06 1.69708e-08 2.18276e-13 1 -9.59988e-10
1 -7.23978e-07 -3.32303e-10 -5.11567e-08 7.23978e-07 1 -2.21179e-11 4.6922e-08 3.32303e-10 2.21176e-11 1 4.30155e-11
1 1.39002e-05 7.02287e-09 6.9561e-07 -1.39002e-05 1 -2.10243e-12 -9.00008e-07 -7.02287e-09 2.00481e-12 1 4.86867e-10
1 -5.51937e-05 -2.80147e-08 -2.85188e-06 5.51937e-05 1 -2.75371e-12 -5.0806e-06 2.80147e-08 1.20748e-12 1 -1.61221e-09
1 2.27374e-05 1.14944e-08 1.14716e-06 -2.27374e-05 1 -5.17915e-12 -1.47221e-06 -1.14944e-08 4.9178e-12 1 7.61751e-10
1 1.35733e-05 6.85518e-09 6.76093e-07 -1.35733e-05 1 -2.15915e-12 -8.78843e-07 -6.85518e-09 2.0661e-12 1 4.87175e-10
1 -7.23978e-07 -3.32264e-10 -5.5794e-08 7.23978e-07 1 -2.21178e-11 4.69219e-08 3.32264e-10 2.21176e-11 1 6.12426e-11
1 -4.00189e-05 -2.03794e-08 -2.07974e-06 4.00189e-05 1 -2.25336e-11 -2.27702e-06 2.03794e-08 2.17181e-11 1 -1.13839e-09
1 -5.51937e-05 -2.80147e-08 -2.85652e-06 5.51937e-05 1 -2.75372e-12 -5.0806e-06 2.80147e-08 1.20748e-12 1 -1.59398e-09
1 -4.075e-07 -1.72984e-10 -4.22487e-08 4.075e-07 1 -2.21088e-11 2.64311e-08 1.72984e-10 2.21087e-11 1 8.11644e-11
1 -2.02977e-05 -1.03137e-08 -1.06684e-06 2.02977e-05 1 6.57862e-13 1.31425e-06 1.03137e-08 -8.67206e-13 1 -5.25238e-10
1 -1.85235e-05 -9.4081e-09 -9.76182e-07 1.85235e-05 1 8.30254e-12 -8.11576e-06 9.4081e-09 -8.47681e-12 1 -4.67719e-10
1 -5.54307e-05 -2.81362e-08 -2.87239e-06 5.54307e-05 1 -4.14334e-12 -5.1244e-06 2.81362e-08 2.58374e-12 1 -1.58691e-09
1 -6.8601e-05 -3.48471e-08 -3.55081e-06 6.8601e-05 1 -1.3774e-11 -7.55756e-06 3.48471e-08 1.13834e-11 1 -1.98589e-09
1 -2.0507e-05 -1.04014e-08 -1.0803e-06 2.0507e-05 1 -1.52743e-11 1.32774e-06 1.04014e-08 1.5061e-11 1 -5.1539e-10
1 -2.05069e-05 -1.03919e-08 -1.08064e-06 2.05069e-05 1 -1.52537e-11 1.32774e-06 1.03919e-08 1.50406e-11 1 -5.11607e-10
1 -1.70641e-05 -8.67868e-09 -9.06485e-07 1.70641e-05 1 -1.1345e-11 1.96383e-06 8.67868e-09 1.11969e-11 1 -4.0544e-10
1 -2.05068e-05 -1.04393e-08 -1.08492e-06 2.05068e-05 1 -7.59246e-12 1.32777e-06 1.04393e-08 7.37838e-12 1 -5.07339e-10
1 -9.24798e-06 -4.68275e-09 -5.05695e-07 9.24798e-06 1 -2.2431e-11 5.98818e-07 4.68275e-09 2.23877e-11 1 -1.56885e-10
1 2.27374e-05 1.14946e-08 1.13325e-06 -2.27374e-05 1 -5.17915e-12 -1.47221e-06 -1.14946e-08 4.91779e-12 1 8.16433e-10
1 -2.02977e-05 -1.03136e-08 -1.07611e-06 2.02977e-05 1 6.57842e-13 1.31425e-06 1.03136e-08 -8.67185e-13 1 -4.88784e-10
1 -7.07828e-05 -3.60245e-08 -3.67373e-06 7.07828e-05 1 -1.75152e-11 -7.96061e-06 3.60245e-08 1.49653e-11 1 -2.02741e-09
1 -2.40483e-05 -1.22207e-08 -1.27047e-06 2.40483e-05 1 -1.13303e-11 1.55706e-06 1.22208e-08 1.10364e-11 1 -5.96532e-10
1 -2.39969e-05 -1.21936e-08 -1.26878e-06 2.39969e-05 1 -1.13752e-11 1.55373e-06 1.21936e-08 1.10826e-11 1 -5.90973e-10
1 -6.8273e-05 -3.46662e-08 -3.54333e-06 6.8273e-05 1 -1.32183e-11 -7.49697e-06 3.46662e-08 1.08516e-11 1 -1.93541e-09
1 -1.8224e-05 -9.29372e-09 -9.75828e-07 1.8224e-05 1 -1.1946e-11 1.74954e-06 9.29372e-09 1.17766e-11 1 -4.09077e-10
1 -2.41793e-05 -1.22887e-08 -1.28091e-06 2.41793e-05 1 -1.1236e-11 1.56554e-06 1.22887e-08 1.09389e-11 1 -5.86318e-10
1 -7.15634e-05 -3.6401e-08 -3.7183e-06 7.15634e-05 1 -1.87961e-11 -8.10483e-06 3.6401e-08 1.61911e-11 1 -2.0285e-09
1 -2.39969e-05 -1.21936e-08 -1.27341e-06 2.39969e-05 1 -1.13753e-11 1.55373e-06 1.21936e-08 1.10827e-11 1 -5.72745e-10
1 -7.30551e-05 -3.7193e-08 -3.79828e-06 7.30551e-05 1 -2.14964e-11 -8.38038e-06 3.7193e-08 1.87793e-11 1 -2.06945e-09
1 -7.15138e-05 -3.63769e-08 -3.71844e-06 7.15138e-05 1 -1.87059e-11 -8.09567e-06 3.63769e-08 1.61044e-11 1 -2.01669e-09
1 -2.05069e-05 -1.04196e-08 -1.09658e-06 2.05069e-05 1 -1.92066e-11 1.32773e-06 1.04196e-08 1.89929e-11 1 -4.55888e-10
1 -2.40483e-05 -1.22207e-08 -1.27974e-06 2.40483e-05 1 -1.13303e-11 1.55706e-06 1.22207e-08 1.10364e-11 1 -5.60077e-10
1 -2.39969e-05 -1.21936e-08 -1.27805e-06 2.39969e-05 1 -1.13753e-11 1.55373e-06 1.21936e-08 1.10827e-11 1 -5.54518e-10
1 -7.30551e-05 -3.7193e-08 -3.80292e-06 7.30551e-05 1 -2.14964e-11 -8.38038e-06 3.7193e-08 1.87793e-11 1 -2.05122e-09
1 -3.75276e-05 -1.90834e-08 -1.97542e-06 3.75276e-05 1 -2.29594e-12 -6.24105e-06 1.90834e-08 1.57978e-12 1 -9.62317e-10
1 1.07966e-06 5.60498e-10 8.68792e-09 -1.07966e-06 1 -2.18935e-11 -6.98583e-08 -5.60498e-10 2.18929e-11 1 2.20933e-10
1 -2.40483e-05 -1.22206e-08 -1.28438e-06 2.40483e-05 1 -1.13303e-11 1.55706e-06 1.22206e-08 1.10364e-11 1 -5.4185e-10
1 3.05912e-05 1.55736e-08 1.524e-06 -3.05912e-05 1 -1.78059e-11 -1.98064e-06 -1.55736e-08 1.73295e-11 1 1.1297e-09
1 1.55965e-06 7.81368e-10 2.93679e-08 -1.55965e-06 1 3.60274e-13 -1.00984e-07 -7.81368e-10 -3.61493e-13 1 2.44122e-10
1 -2.05069e-05 -1.04201e-08 -1.10498e-06 2.05069e-05 1 -5.91007e-12 1.32777e-06 1.04201e-08 5.69638e-12 1 -4.23724e-10
1 -3.34042e-05 -1.69704e-08 -1.76812e-06 3.34042e-05 1 -7.85167e-13 -5.92926e-06 1.69704e-08 2.18283e-13 1 -8.14171e-10
1 -2.0507e-05 -1.0413e-08 -1.10644e-06 2.0507e-05 1 -3.48031e-12 1.32778e-06 1.0413e-08 3.26677e-12 1 -4.16279e-10
1 1.09941e-05 5.64901e-09 5.14174e-07 -1.09941e-05 1 -2.14072e-11 -7.11778e-07 -5.64901e-09 2.13451e-11 1 5.51945e-10
1 -7.30551e-05 -3.71929e-08 -3.8122e-06 7.30551e-05 1 -2.14964e-11 -8.38038e-06 3.71929e-08 1.87793e-11 1 -2.01477e-09
1 -3.75276e-05 -1.90833e-08 -1.9847e-06 3.75276e-05 1 -2.29594e-12 -6.24105e-06 1.90833e-08 1.57979e-12 1 -9.25862e-10
1 1.07966e-06 5.60576e-10 -5.86787e-10 -1.07966e-06 1 -2.18935e-11 -6.98584e-08 -5.60576e-10 2.18929e-11 1 2.57387e-10
1 -7.23978e-07 -3.31953e-10 -9.28929e-08 7.23978e-07 1 -2.21179e-11 4.69211e-08 3.31953e-10 2.21176e-11 1 2.07059e-10
1 1.39002e-05 7.02322e-09 6.53874e-07 -1.39002e-05 1 -2.10243e-12 -9.00009e-07 -7.02322e-09 2.00481e-12 1 6.50911e-10
1 -7.30551e-05 -3.71929e-08 -3.81683e-06 7.30551e-05 1 -2.14964e-11 -8.38038e-06 3.71929e-08 1.87793e-11 1 -1.99654e-09
1 -3.75276e-05 -1.90833e-08 -1.98934e-06 3.75276e-05 1 -2.29594e-12 -6.24105e-06 1.90833e-08 1.57979e-12 1 -9.07635e-10
1 -3.34042e-05 -1.69704e-08 -1.7774e-06 3.34042e-05 1 -7.85121e-13 -5.92926e-06 1.69704e-08 2.18241e-13 1 -7.77717e-10
1 -7.23978e-07 -3.31913e-10 -9.75302e-08 7.23978e-07 1 -2.21178e-11 4.6921e-08 3.31913e-10 2.21176e-11 1 2.25286e-10
1 1.39002e-05 7.02326e-09 6.49236e-07 -1.39002e-05 1 -2.10243e-12 -9.00009e-07 -7.02326e-09 2.0048e-12 1 6.69138e-10
1 -5.51937e-05 -2.80143e-08 -2.89825e-06 5.51937e-05 1 -2.75371e-12 -5.0806e-06 2.80143e-08 1.2075e-12 1 -1.42994e-09
1 -5.50478e-05 -2.79394e-08 -2.89172e-06 5.50478e-05 1 -2.78698e-12 -5.05366e-06 2.79394e-08 1.24898e-12 1 -1.42151e-09
1 -2.02977e-05 -1.03134e-08 -1.10857e-06 2.02977e-05 1 6.57889e-13 1.31425e-06 1.03134e-08 -8.67226e-13 1 -3.61194e-10
1 -3.98e-05 -2.0269e-08 -2.11393e-06 3.98e-05 1 -2.25536e-11 -2.23658e-06 2.0269e-08 2.17469e-11 1 -9.53442e-10
1 -4.00189e-05 -2.0379e-08 -2.12612e-06 4.00189e-05 1 -2.25337e-11 -2.27702e-06 2.0379e-08 2.17181e-11 1 -9.56116e-10
1 -6.8601e-05 -3.48467e-08 -3.59254e-06 6.8601e-05 1 -1.3774e-11 -7.55756e-06 3.48467e-08 1.13834e-11 1 -1.82185e-09
1 2.27374e-05 1.14949e-08 1.09615e-06 -2.27374e-05 1 -5.17915e-12 -1.47221e-06 -1.14949e-08 4.91779e-12 1 9.62249e-10
1 1.35733e-05 6.8556e-09 6.25082e-07 -1.35733e-05 1 -2.1591e-12 -8.78844e-07 -6.8556e-09 2.06605e-12 1 6.87673e-10
1 -3.98e-05 -2.02689e-08 -2.11857e-06 3.98e-05 1 -2.25536e-11 -2.23658e-06 2.02689e-08 2.17469e-11 1 -9.35215e-10
1 -2.24904e-05 -1.14247e-08 -1.22755e-06 2.24904e-05 1 -1.52665e-11 9.61308e-07 1.14247e-08 1.50095e-11 1 -4.01689e-10
1 -2.31319e-05 -1.17414e-08 -1.26085e-06 2.31319e-05 1 -1.57745e-11 8.42799e-07 1.17414e-08 1.55029e-11 1 -4.17452e-10
1 -6.8273e-05 -3.46659e-08 -3.58043e-06 6.8273e-05 1 -1.32183e-11 -7.49697e-06 3.46659e-08 1.08516e-11 1 -1.78959e-09
1 -2.05069e-05 -1.03915e-08 -1.12701e-06 2.05069e-05 1 -1.52537e-11 1.32774e-06 1.03915e-08 1.50406e-11 1 -3.29336e-10
1 -3.98e-05 -2.02689e-08 -2.12321e-06 3.98e-05 1 -2.25536e-11 -2.23658e-06 2.02689e-08 2.17469e-11 1 -9.16988e-10
1 -2.05068e-05 -1.04389e-08 -1.13129e-06 2.05068e-05 1 -7.59245e-12 1.32777e-06 1.04389e-08 7.37839e-12 1 -3.25068e-10
1 -2.39969e-05 -1.21933e-08 -1.31051e-06 2.39969e-05 1 -1.13752e-11 1.55373e-06 1.21933e-08 1.10826e-11 1 -4.26929e-10
1 3.05695e-05 1.55633e-08 1.49409e-06 -3.05695e-05 1 -1.77667e-11 -1.97923e-06 -1.55633e-08 1.72909e-11 1 1.24236e-09
1 -1.8224e-05 -9.29337e-09 -1.01756e-06 1.8224e-05 1 -1.1946e-11 1.74954e-06 9.29337e-09 1.17766e-11 1 -2.45033e-10
1 -1.85235e-05 -9.40764e-09 -1.03183e-06 1.85235e-05 1 8.30257e-12 -8.11576e-06 9.40764e-09 -8.47683e-12 1 -2.48994e-10
1 -2.24904e-05 -1.14246e-08 -1.23683e-06 2.24904e-05 1 -1.52665e-11 9.61308e-07 1.14246e-08 1.50095e-11 1 -3.65234e-10
1 -2.31319e-05 -1.17413e-08 -1.27013e-06 2.31319e-05 1 -1.57745e-11 8.42799e-07 1.17413e-08 1.55029e-11 1 -3.80998e-10
1 -6.8273e-05 -3.46659e-08 -3.5897e-06 6.8273e-05 1 -1.32183e-11 -7.49697e-06 3.46659e-08 1.08516e-11 1 -1.75313e-09
1 -1.8224e-05 -9.29333e-09 -1.0222e-06 1.8224e-05 1 -1.1946e-11 1.74954e-06 9.29333e-09 1.17766e-11 1 -2.26806e-10
1 -7.15503e-05 -3.63946e-08 -3.76303e-06 7.15503e-05 1 -1.87721e-11 -8.10241e-06 3.63946e-08 1.61681e-11 1 -1.8498e-09
1 -7.15634e-05 -3.64006e-08 -3.76467e-06 7.15634e-05 1 -1.87961e-11 -8.10483e-06 3.64006e-08 1.61911e-11 1 -1.84623e-09
1 -1.6834e-05 -8.56405e-09 -9.52087e-07 1.6834e-05 1 -3.55839e-12 2.00635e-06 8.56405e-09 3.41423e-12 1 -1.73827e-10
1 3.05695e-05 1.55634e-08 1.48482e-06 -3.05695e-05 1 -1.77666e-11 -1.97923e-06 -1.55634e-08 1.72909e-11 1 1.27882e-09
1 -2.05069e-05 -1.03914e-08 -1.14093e-06 2.05069e-05 1 -1.52537e-11 1.32774e-06 1.03914e-08 1.50406e-11 1 -2.74655e-10
1 -2.05069e-05 -1.04192e-08 -1.14295e-06 2.05069e-05 1 -1.92066e-11 1.32773e-06 1.04192e-08 1.89929e-11 1 -2.73617e-10
1 3.06776e-05 1.5617e-08 1.48767e-06 -3.06776e-05 1 -1.79469e-11 -1.98623e-06 -1.5617e-08 1.74678e-11 1 1.29241e-09
1 -2.31319e-05 -1.17412e-08 -1.2794e-06 2.31319e-05 1 -1.57745e-11 8.42799e-07 1.17412e-08 1.55029e-11 1 -3.44544e-10
1 -1.71802e-05 -8.73916e-09 -9.75478e-07 1.71802e-05 1 -1.14484e-11 1.94237e-06 8.73916e-09 1.12983e-11 1 -1.61777e-10
1 -2.05069e-05 -1.03913e-08 -1.14558e-06 2.05069e-05 1 -1.52537e-11 1.32774e-06 1.03913e-08 1.50406e-11 1 0.00106002
1 1.07966e-06 6.10753e-10 -4.19592e-08 -1.07966e-06 1 -2.18925e-11 -6.98593e-08 -6.10753e-10 2.18918e-11 1 0.00775422
1 3.06776e-05 1.56715e-08 1.47658e-06 -3.06776e-05 1 -1.79457e-11 -1.98623e-06 -1.56715e-08 1.7465e-11 1 0.0358563
1 -1.6834e-05 -8.49082e-09 -9.70341e-07 1.6834e-05 1 -3.5569e-12 2.00635e-06 8.49082e-09 3.41397e-12 1 0.0703624
1 -7.30551e-05 -3.71091e-08 -3.86488e-06 7.30551e-05 1 -2.14947e-11 -8.38038e-06 3.71091e-08 1.87837e-11 1 0.111883
1 -7.15138e-05 -3.63358e-08 -3.78226e-06 7.15138e-05 1 -1.8705e-11 -8.09567e-06 3.63358e-08 1.61065e-11 1 0.151792
1 1.07966e-06 5.84941e-10 -4.91096e-08 -1.07966e-06 1 -2.1893e-11 -6.98592e-08 -5.84941e-10 2.18924e-11 1 0.181619
1 -2.0507e-05 -1.0401e-08 -1.15838e-06 2.0507e-05 1 -3.48007e-12 1.32778e-06 1.0401e-08 3.26678e-12 1 0.229248
1 -9.49272e-06 -4.81411e-09 -5.92878e-07 9.49272e-06 1 -5.90405e-12 6.14617e-07 4.81411e-09 5.85835e-12 1 0.272424
1 -7.30551e-05 -3.71896e-08 -3.86326e-06 7.30551e-05 1 -2.14964e-11 -8.38038e-06 3.71896e-08 1.87795e-11 1 0.334152
1 -2.0507e-05 -9.9977e-09 -1.15884e-06 2.0507e-05 1 -3.15491e-11 1.32774e-06 9.9977e-09 3.13441e-11 1 0.377229
1 -2.0507e-05 -9.50463e-09 -1.16325e-06 2.0507e-05 1 -1.68331e-10 1.32771e-06 9.50464e-09 1.68136e-10 1 0.449524
1 -2.0507e-05 -9.2589e-09 -1.16152e-06 2.0507e-05 1 -3.16013e-11 1.32774e-06 9.2589e-09 3.14114e-11 1 0.500777
1 -2.0507e-05 -9.21608e-09 -1.16617e-06 2.0507e-05 1 -1.68173e-10 1.32771e-06 9.21608e-09 1.67984e-10 1 0.55273
1 -2.0507e-05 -9.15276e-09 -1.16813e-06 2.0507e-05 1 -1.68088e-10 1.32771e-06 9.15276e-09 1.679e-10 1 0.61106
1 -2.0507e-05 -9.11376e-09 -1.17066e-06 2.0507e-05 1 -1.67986e-10 1.32771e-06 9.11376e-09 1.67799e-10 1 0.681659
1 -2.0507e-05 -9.10237e-09 -1.17199e-06 2.0507e-05 1 -1.67936e-10 1.32771e-06 9.10237e-09 1.67749e-10 1 0.717139
1 -2.0507e-05 -9.0863e-09 -1.17519e-06 2.0507e-05 1 -1.67818e-10 1.32771e-06 9.0863e-09 1.67632e-10 1 0.800257
1 -2.0507e-05 -9.02043e-09 -1.17375e-06 2.0507e-05 1 -3.17737e-11 1.32774e-06 9.02043e-09 3.15887e-11 1 0.841946
1 -2.0507e-05 -9.0142e-09 -1.17661e-06 2.0507e-05 1 -3.18102e-11 1.32774e-06 9.0142e-09 3.16253e-11 1 0.913554
1 -2.0507e-05 -9.07078e-09 -1.18233e-06 2.0507e-05 1 -1.67567e-10 1.32771e-06 9.07078e-09 1.67381e-10 1 0.979307
1 -2.0507e-05 -9.06869e-09 -1.18379e-06 2.0507e-05 1 -1.67517e-10 1.32771e-06 9.06869e-09 1.67331e-10 1 1.01521
1 -2.0507e-05 -9.06483e-09 -1.18672e-06 2.0507e-05 1 -1.67417e-10 1.32771e-06 9.06483e-09 1.67231e-10 1 1.08705
1 -2.0507e-05 -9.00112e-09 -1.18585e-06 2.0507e-05 1 -3.19255e-11 1.32774e-06 9.00113e-09 3.17409e-11 1 1.14097
1 -2.0507e-05 -9.05884e-09 -1.19163e-06 2.0507e-05 1 -1.6725e-10 1.32771e-06 9.05884e-09 1.67065e-10 1 1.2069
1 -2.0507e-05 -9.05592e-09 -1.1941e-06 2.0507e-05 1 -1.67167e-10 1.32771e-06 9.05593e-09 1.66982e-10 1 1.26686
1 -2.0507e-05 -8.99232e-09 -1.19325e-06 2.0507e-05 1 -3.20163e-11 1.32774e-06 8.99232e-09 3.18319e-11 1 1.32082
1 -2.0507e-05 -8.98943e-09 -1.19572e-06 2.0507e-05 1 -3.20465e-11 1.32774e-06 8.98943e-09 3.18621e-11 1 1.3808
1 -2.0507e-05 -8.98655e-09 -1.1982e-06 2.0507e-05 1 -3.20767e-11 1.32774e-06 8.98655e-09 3.18924e-11 1 1.44077
1 -2.0507e-05 -9.04499e-09 -1.20344e-06 2.0507e-05 1 -1.66852e-10 1.32771e-06 9.045e-09 1.66666e-10 1 1.48702
1 -2.0507e-05 -9.04213e-09 -1.20572e-06 2.0507e-05 1 -1.66769e-10 1.32771e-06 9.04214e-09 1.66584e-10 1 1.52473
1 -2.0507e-05 -8.97678e-09 -1.20605e-06 2.0507e-05 1 -3.21791e-11 1.32774e-06 8.97678e-09 3.1995e-11 1 1.57991
1 -2.0507e-05 -9.03584e-09 -1.21077e-06 2.0507e-05 1 -1.66588e-10 1.32771e-06 9.03585e-09 1.66402e-10 1 1.61063
1 -2.0507e-05 -9.03356e-09 -1.21267e-06 2.0507e-05 1 -1.66522e-10 1.32771e-06 9.03356e-09 1.66336e-10 1 1.64854
1 -2.0507e-05 -8.96875e-09 -1.21271e-06 2.0507e-05 1 -3.22632e-11 1.32774e-06 8.96875e-09 3.20793e-11 1 1.71485
1 -2.0507e-05 -8.96645e-09 -1.21465e-06 2.0507e-05 1 -3.22873e-11 1.32774e-06 8.96645e-09 3.21034e-11 1 1.75777
1 -2.0507e-05 -9.025e-09 -1.21994e-06 2.0507e-05 1 -1.66275e-10 1.32771e-06 9.025e-09 1.66089e-10 1 1.80743
1 -2.0507e-05 -9.02215e-09 -1.22239e-06 2.0507e-05 1 -1.66192e-10 1.32771e-06 9.02215e-09 1.66007e-10 1 1.86389
1 -2.0507e-05 -9.01816e-09 -1.22585e-06 2.0507e-05 1 -1.66077e-10 1.32771e-06 9.01816e-09 1.65893e-10 1 1.94453
1 -2.0507e-05 -9.01645e-09 -1.22733e-06 2.0507e-05 1 -1.66028e-10 1.32771e-06 9.01645e-09 1.65843e-10 1 1.9795
1 -2.0507e-05 -9.01303e-09 -1.2303e-06 2.0507e-05 1 -1.6593e-10 1.32771e-06 9.01304e-09 1.65745e-10 1 2.04996
1 -2.0507e-05 -9.01019e-09 -1.23279e-06 2.0507e-05 1 -1.65848e-10 1.32771e-06 9.0102e-09 1.65663e-10 1 2.10906
1 -2.0507e-05 -9.00735e-09 -1.23527e-06 2.0507e-05 1 -1.65766e-10 1.32771e-06 9.00735e-09 1.65582e-10 1 2.16841
1 -2.0507e-05 -9.00451e-09 -1.23776e-06 2.0507e-05 1 -1.65685e-10 1.32771e-06 9.00451e-09 1.655e-10 1 2.22795
1 -2.0507e-05 -8.94074e-09 -1.23691e-06 2.0507e-05 1 -3.25562e-11 1.32774e-06 8.94074e-09 3.23728e-11 1 2.28164
1 -2.0507e-05 -8.93789e-09 -1.2394e-06 2.0507e-05 1 -3.25859e-11 1.32774e-06 8.93789e-09 3.24026e-11 1 2.34139
1 -2.0507e-05 -8.93561e-09 -1.24139e-06 2.0507e-05 1 -3.26097e-11 1.32774e-06 8.93561e-09 3.24265e-11 1 2.38924
1 -2.0507e-05 -8.99373e-09 -1.24723e-06 2.0507e-05 1 -1.65375e-10 1.32771e-06 8.99373e-09 1.65191e-10 1 2.45509
1 -2.0507e-05 -8.92878e-09 -1.24738e-06 2.0507e-05 1 -3.2681e-11 1.32774e-06 8.92878e-09 3.24979e-11 1 2.53296
1 -2.0507e-05 -8.98749e-09 -1.25271e-06 2.0507e-05 1 -1.65197e-10 1.32771e-06 8.9875e-09 1.65012e-10 1 2.58691
1 -2.0507e-05 -8.98466e-09 -1.25521e-06 2.0507e-05 1 -1.65116e-10 1.32771e-06 8.98467e-09 1.64931e-10 1 2.64686
1 -2.0507e-05 -8.9824e-09 -1.2572e-06 2.0507e-05 1 -1.65051e-10 1.32771e-06 8.9824e-09 1.64867e-10 1 2.69483
1 -2.0507e-05 -8.97957e-09 -1.2597e-06 2.0507e-05 1 -1.6497e-10 1.32771e-06 8.97958e-09 1.64786e-10 1 2.7548
1 -2.0507e-05 -8.97618e-09 -1.2627e-06 2.0507e-05 1 -1.64873e-10 1.32771e-06 8.97619e-09 1.64689e-10 1 2.82678
1 -2.0507e-05 -8.91231e-09 -1.26185e-06 2.0507e-05 1 -3.28526e-11 1.32774e-06 8.91231e-09 3.26698e-11 1 2.88077
1 -2.0507e-05 -8.90891e-09 -1.26485e-06 2.0507e-05 1 -3.2888e-11 1.32774e-06 8.90891e-09 3.27053e-11 1 2.95276
1 -2.0507e-05 -8.90608e-09 -1.26734e-06 2.0507e-05 1 -3.29175e-11 1.32774e-06 8.90608e-09 3.27348e-11 1 3.01275
1 1.03486e-05 -1.56872e-07 1.53217e-07 -1.03486e-05 1 -1.99363e-06 -6.70115e-07 1.56852e-07 1.99363e-06 1 3.07275
1 1.69051e-05 -3.57478e-07 2.41763e-07 -1.69051e-05 1 -6.41109e-06 -1.57151e-06 3.57369e-07 6.41109e-06 1 3.13275
1 -5.79233e-05 -4.94875e-07 -3.76843e-06 5.79233e-05 1 6.42271e-06 -5.58068e-06 4.94503e-07 -6.42274e-06 1 3.18674
1 -5.79283e-05 -5.54146e-07 -3.90697e-06 5.79283e-05 1 6.43574e-06 -5.5782e-06 5.53773e-07 -6.43577e-06 1 3.24674
1 1.6919e-05 -5.4435e-07 -1.57407e-07 -1.6919e-05 1 -6.44757e-06 -1.57848e-06 5.44241e-07 6.44758e-06 1 3.30074
1 -2.05067e-05 -1.03534e-05 3.65534e-06 2.05067e-05 1 -3.34779e-10 1.32784e-06 1.03534e-05 1.22465e-10 1 3.36073
1 -2.05069e-05 -1.64738e-05 8.66831e-06 2.05069e-05 1 -3.71426e-10 1.32793e-06 1.64738e-05 3.35987e-11 1 3.40272
1 -2.05069e-05 -2.27932e-05 1.6026e-05 2.05069e-05 1 -5.01219e-10 1.32808e-06 2.27932e-05 3.38004e-11 1 3.47552
1 -2.05069e-05 -2.48139e-05 1.97226e-05 2.05069e-05 1 -5.42732e-10 1.32816e-06 2.48139e-05 3.3875e-11 1 3.51085
1 -2.0507e-05 -2.57863e-05 2.22173e-05 2.0507e-05 1 -6.52211e-10 1.32821e-06 2.57863e-05 1.23411e-10 1 3.53415
1 -2.05069e-05 -2.64076e-05 2.44619e-05 2.05069e-05 1 -5.75495e-10 1.32825e-06 2.64076e-05 3.39561e-11 1 3.55473
1 -2.05069e-05 -2.66903e-05 2.59266e-05 2.05069e-05 1 -5.81319e-10 1.32828e-06 2.66903e-05 3.39823e-11 1 3.568
1 -2.0507e-05 -2.68472e-05 2.70656e-05 2.0507e-05 1 -6.73871e-10 1.32831e-06 2.68472e-05 1.23315e-10 1 3.5789
1 -2.05069e-05 -2.69018e-05 2.74217e-05 2.05069e-05 1 -5.85694e-10 1.32831e-06 2.69018e-05 3.40211e-11 1 3.59103
1 -2.05069e-05 -2.72194e-05 2.78062e-05 2.05069e-05 1 -5.7744e-10 1.32832e-06 2.72194e-05 1.92551e-11 1 3.62532
1 -2.05069e-05 -2.86834e-05 3.01943e-05 2.05069e-05 1 -6.07508e-10 1.32837e-06 2.86834e-05 1.93007e-11 1 3.66341
1 -2.05069e-05 -2.94435e-05 3.14864e-05 2.05069e-05 1 -6.23133e-10 1.3284e-06 2.94435e-05 1.93393e-11 1 3.70761
1 -2.05071e-05 -2.98092e-05 3.19358e-05 2.05071e-05 1 -7.75945e-10 1.32839e-06 2.98092e-05 1.64646e-10 1 3.75118
1 -3.23184e-05 -3.00339e-05 3.1514e-05 3.23184e-05 1 -4.3612e-10 -5.88325e-06 3.00339e-05 -5.34529e-10 1 3.79329
1 -8.69932e-06 -3.01271e-05 3.28553e-05 8.69932e-06 1 -1.02249e-09 -1.27079e-06 3.01271e-05 7.60403e-10 1 3.82106
1 -8.70372e-06 -3.01901e-05 3.29625e-05 8.70372e-06 1 -1.24582e-09 -1.27182e-06 3.01901e-05 9.83056e-10 1 3.8437
1 -8.70989e-06 -3.02309e-05 3.30669e-05 8.70989e-06 1 -1.55747e-09 -1.27327e-06 3.02309e-05 1.29417e-09 1 3.86522
1 -8.71253e-06 -3.02397e-05 3.30994e-05 8.71253e-06 1 -1.69079e-09 -1.27388e-06 3.02397e-05 1.42733e-09 1 3.87183
1 -2.05078e-05 -0.000890217 -0.000102146 2.05077e-05 1 -1.84234e-08 1.3256e-06 0.000890217 1.67096e-10 1 3.88233
0.999811 -4.59997e-05 -0.0194509 -0.00298593 4.62156e-05 1 1.06496e-05 -3.48412e-06 0.0194509 -1.15465e-05 0.999811 3.88675
0.998589 -1.93958e-05 -0.0531061 -0.00812508 2.04999e-05 1 2.02467e-05 1.15988e-06 0.0531061 -2.13068e-05 0.998589 3.88855
0.995928 -1.46391e-05 -0.0901553 -0.0136708 1.29973e-05 1 -1.87984e-05 -2.6676e-06 0.0901553 1.75501e-05 0.995928 3.88856
0.991443 -2.05123e-05 -0.130541 -0.0195899 2.03369e-05 1 -2.677e-06 9.25703e-07 0.130541 -7.10941e-10 0.991443 3.88742
0.986518 -2.05036e-05 -0.16365 -0.0242944 2.02269e-05 1 -3.35745e-06 8.29572e-07 0.16365 2.05907e-09 0.986518 3.88629
0.983257 -1.93248e-05 -0.182224 -0.0268105 1.41275e-05 1 -2.98193e-05 -9.41755e-06 0.182224 2.67457e-05 0.983257 3.88594
0.978419 -2.05062e-05 -0.20663 -0.0301813 2.0063e-05 1 -4.24039e-06 7.08486e-07 0.20663 3.25473e-09 0.978419 3.88455
0.970116 -9.15527e-06 -0.242643 -0.035151 9.79461e-06 1 1.4286e-06 1.85961e-06 0.242643 -3.7625e-06 0.970116 3.8817
0.958723 -1.4568e-05 -0.284341 -0.0408029 6.63024e-06 1 -2.88787e-05 -4.02559e-06 0.284341 2.58015e-05 0.958723 3.87787
0.946022 -5.13757e-05 -0.324102 -0.0460727 5.20274e-05 1 -6.65413e-06 -5.64603e-06 0.324102 -1.05672e-05 0.946022 3.87382
0.927663 -2.18127e-05 -0.373418 -0.052429 1.04262e-05 1 -3.25122e-05 -5.61452e-06 0.373418 2.62671e-05 0.927663 3.8683
0.91697 -2.05104e-05 -0.398955 -0.0555873 1.88072e-05 1 -8.18305e-06 1.87436e-07 0.398955 3.6264e-10 0.91697 3.86528
0.900896 -2.05005e-05 -0.434036 -0.0598384 1.84695e-05 1 -8.89663e-06 1.01566e-07 0.434036 -1.48494e-09 0.900896 3.86089
0.886237 -3.95793e-05 -0.463232 -0.0633505 3.59238e-05 1 -1.67137e-05 -1.07906e-05 0.463232 -1.82879e-06 0.886237 3.85698
0.877972 1.76499e-05 -0.478712 -0.0651837 -2.54504e-05 1 -9.80721e-06 -2.82119e-06 0.478712 2.07939e-05 0.877972 3.85482
0.829148 -2.05024e-05 -0.559029 -0.0743533 1.69981e-05 1 -1.14634e-05 -1.96604e-07 0.559029 2.44455e-09 0.829148 3.84267
0.803746 -2.05031e-05 -0.594973 -0.0782329 1.64776e-05 1 -1.22011e-05 -2.76278e-07 0.594973 2.88649e-09 0.803746 3.83669
0.773378 -3.36801e-05 -0.633946 -0.0822617 1.58205e-05 1 -3.38276e-05 -1.01669e-05 0.633946 1.61322e-05 0.773378 3.82976
0.740932 -2.05065e-05 -0.67158 -0.0859547 1.51961e-05 1 -1.37693e-05 -4.34595e-07 0.67158 -3.31129e-09 0.740932 3.8226
0.710074 -2.05088e-05 -0.704127 -0.0889742 1.45594e-05 1 -1.44442e-05 -4.97376e-07 0.704127 4.76007e-09 0.710074 3.81599
0.67774 -2.05104e-05 -0.735302 -0.0916941 1.39038e-05 1 -1.50785e-05 -5.52885e-07 0.735302 -4.17743e-09 0.67774 3.80924
0.636334 -1.00473e-05 -0.771413 -0.0946001 3.102e-05 1 1.25637e-05 5.56689e-07 0.771413 -3.1924e-05 0.636334 3.80082
0.601006 -2.05135e-05 -0.799245 -0.0966303 1.23269e-05 1 -1.63967e-05 -6.54877e-07 0.799245 2.30243e-09 0.601006 3.79382
0.56032 -4.59652e-05 -0.828276 -0.0985135 4.00079e-05 1 -2.84301e-05 -5.96238e-06 0.828276 -1.72077e-05 0.56032 3.78594
0.522498 -2.05043e-05 -0.85264 -0.0998663 1.07097e-05 1 -1.74851e-05 -7.19866e-07 0.85264 4.41344e-09 0.522498 3.77878
0.47484 -4.78495e-05 -0.880072 -0.101082 3.46743e-05 1 -3.56616e-05 -1.06359e-05 0.880072 -1.35824e-05 0.47484 3.76995
0.41823 -3.90469e-05 -0.908341 -0.101868 7.44398e-06 1 -3.95596e-05 -6.8322e-06 0.908341 9.78332e-06 0.41823 3.75973
0.391309 -2.05106e-05 -0.920259 -0.101952 8.02441e-06 1 -1.88758e-05 -7.63486e-07 0.920259 1.71135e-09 0.391309 3.75506
0.380499 -4.01426e-05 -0.924781 -0.101914 1.37108e-05 1 -3.77664e-05 -1.01886e-05 0.924781 1.69052e-06 0.380499 3.75326
0.361245 -2.05079e-05 -0.932471 -0.101855 7.40706e-06 1 -1.91235e-05 -7.61086e-07 0.932471 1.40096e-09 0.361245 3.74997
0.316383 -3.28496e-05 -0.948632 -0.101559 -1.77421e-05 1 -4.05457e-05 -2.59953e-06 0.948632 2.96586e-05 0.316383 3.74224
0.278902 -3.49837e-05 -0.960319 -0.101052 -1.27672e-05 1 -4.01372e-05 -1.17568e-05 0.960319 2.3455e-05 0.278902 3.73586
0.233895 -2.06823e-07 -0.972262 -0.100125 3.10976e-06 1 5.35384e-07 -8.35218e-07 0.972262 -3.14872e-06 0.233895 3.72832
0.182811 -2.05172e-05 -0.983148 -0.0986688 3.74825e-06 1 -2.01719e-05 -6.97057e-07 0.983148 2.55791e-09 0.182811 3.71995
0.154883 9.89183e-06 -0.987933 -0.0976699 1.02222e-05 1 1.16153e-05 -2.23619e-07 0.987933 -1.18979e-05 0.154883 3.71552
0.139347 -5.70009e-06 -0.990244 -0.0970415 -3.19488e-05 1 -1.02521e-05 -4.04057e-06 0.990244 3.30657e-05 0.139347 3.71317
0.129401 -1.84219e-05 -0.991592 -0.0966007 -1.34451e-05 1 -2.03326e-05 -1.69526e-06 0.991592 1.59631e-05 0.129401 3.71174
0.124269 -2.42245e-05 -0.992249 -0.0963517 3.24553e-05 1 -2.03491e-05 -6.17342e-06 0.992249 -2.96749e-05 0.124269 3.71107
0.122873 -2.08249e-05 -0.992422 -0.0962782 -3.43596e-05 1 -2.5238e-05 -4.50046e-06 0.992422 3.72003e-05 0.122873 3.71092
0.121296 -2.05073e-05 -0.992616 -0.107298 2.48749e-06 1 -2.03558e-05 -8.72629e-07 0.992616 -4.89594e-11 0.121296 3.71213
0.120661 -2.60775e-05 -0.992694 -0.131737 4.86406e-05 1 -2.03572e-05 -9.90288e-06 0.992694 -4.58289e-05 0.120661 3.71509
0.120332 -2.00649e-05 -0.992734 -0.165964 -1.2053e-06 1 -2.03579e-05 -1.39703e-06 0.992734 3.64625e-06 0.120332 3.71926
0.120161 -2.05069e-05 -0.992754 -0.207252 2.46404e-06 1 -2.03583e-05 -2.92231e-06 0.992754 8.83328e-11 0.120161 3.7243
0.120072 -2.05069e-05 -0.992765 -0.253633 2.46231e-06 1 -2.03585e-05 -3.87347e-06 0.992765 4.19988e-12 0.120072 3.72994
0.120026 -2.05068e-05 -0.992771 -0.303687 2.46147e-06 1 -2.03586e-05 -4.89988e-06 0.992771 -1.1728e-10 0.120026 3.73602
0.120004 -2.05069e-05 -0.992773 -0.351024 2.46087e-06 1 -2.03587e-05 -5.87062e-06 0.992773 4.72951e-11 0.120004 3.74177
0.119991 -5.39452e-06 -0.992775 -0.405475 3.35713e-05 1 -1.37622e-06 -1.2735e-05 0.992775 -3.31636e-05 0.119991 3.74837
0.119984 -2.0507e-05 -0.992776 -0.461353 2.46056e-06 1 -2.03589e-05 -8.13314e-06 0.992776 -5.4758e-11 0.119984 3.75514
0.11998 -2.0507e-05 -0.992776 -0.523992 2.46053e-06 1 -2.03588e-05 -9.4177e-06 0.992776 -1.00793e-10 0.11998 3.76272
0.119978 -2.0507e-05 -0.992777 -0.587502 2.46045e-06 1 -2.03589e-05 -1.07201e-05 0.992777 -5.43428e-11 0.119978 3.77041
0.119977 -2.0507e-05 -0.992777 -0.634073 2.46043e-06 1 -2.03589e-05 -1.16751e-05 0.992777 -5.4295e-11 0.119977 3.77604
0.119977 -2.0507e-05 -0.992777 -0.691377 2.46042e-06 1 -2.03589e-05 -1.28502e-05 0.992777 -5.42622e-11 0.119977 3.78297
0.119977 -2.0507e-05 -0.992777 -0.724657 2.46041e-06 1 -2.03589e-05 -1.35327e-05 0.992777 -5.42535e-11 0.119977 3.787
0.119976 -2.0507e-05 -0.992777 -0.748666 2.46041e-06 1 -2.03589e-05 -1.40251e-05 0.992777 -5.42532e-11 0.119976 3.7899
0.119976 -2.0507e-05 -0.992777 -0.764498 2.46045e-06 1 -2.03588e-05 -1.43497e-05 0.992777 -1.00869e-10 0.119976 3.79181
0.119976 -2.0507e-05 -0.992777 -0.778484 2.46041e-06 1 -2.03589e-05 -1.46365e-05 0.992777 -5.42635e-11 0.119976 3.79351
0.119976 -2.0507e-05 -0.992777 -0.785923 2.46041e-06 1 -2.03589e-05 -1.47891e-05 0.992777 -5.42694e-11 0.119976 3.79441
0.119976 -2.0507e-05 -0.992777 -0.793444 2.46045e-06 1 -2.03588e-05 -1.49433e-05 0.992777 -1.00777e-10 0.119976 3.79532
0.119976 -2.0507e-05 -0.992777 -0.797875 2.46041e-06 1 -2.03589e-05 -1.50342e-05 0.992777 -5.42856e-11 0.119976 3.79585
0.119976 -2.0507e-05 -0.992777 -0.801489 2.46041e-06 1 -2.03589e-05 -1.51083e-05 0.992777 -5.4294e-11 0.119976 3.79629
0.119976 -2.0507e-05 -0.992777 -0.804313 2.46045e-06 1 -2.03588e-05 -1.51662e-05 0.992777 -1.0068e-10 0.119976 3.79663
0.119123 -2.05069e-05 -0.99288 -0.806249 2.44187e-06 1 -2.0361e-05 -1.52059e-05 0.99288 9.61036e-10 0.119123 3.79673
0.10336 -9.88357e-07 -0.994644 -0.80674 1.679e-05 1 7.51078e-07 -2.13934e-05 0.994644 -1.67777e-05 0.10336 3.7943
0.0782554 -4.19429e-05 -0.996933 -0.806372 1.56749e-06 1 -4.19489e-05 -2.16576e-05 0.996933 1.72004e-06 0.0782554 3.79037
0.030014 -3.09379e-05 -0.999549 -0.804726 -2.26188e-05 1 -3.16311e-05 -2.00196e-05 0.999549 2.3558e-05 0.030014 3.78288
-0.0199617 -2.05061e-05 -0.999801 -0.802291 -4.04392e-07 1 -2.05021e-05 -1.51255e-05 0.999801 -4.94498e-09 -0.0199617 3.77527
-0.0667698 -1.00345e-05 -0.997768 -0.799503 4.01636e-05 1 -1.27447e-05 -2.27417e-05 0.997768 -4.0925e-05 -0.0667698 3.7683
-0.0923644 -2.31787e-05 -0.995725 -0.797853 -3.10267e-05 1 -2.04001e-05 -1.69172e-05 0.995725 2.90098e-05 -0.0923644 3.76462
-0.111685 -1.35014e-05 -0.993744 -0.796595 -1.22211e-05 1 -1.22129e-05 -2.29822e-05 0.993744 1.07806e-05 -0.111685 3.76197
-0.133475 -4.07193e-05 -0.991052 -0.794996 -4.29107e-06 1 -4.0509e-05 -2.0746e-05 0.991052 -1.15428e-06 -0.133475 3.75889
-0.17327 -2.56732e-05 -0.984874 -0.791762 -3.43657e-05 1 -2.00215e-05 -1.9001e-05 0.984874 3.03768e-05 -0.17327 3.75325
-0.215739 -2.02349e-05 -0.976451 -0.787986 -4.42299e-06 1 -1.97456e-05 -1.48312e-05 0.976451 5.89409e-08 -0.215739 3.74732
-0.256331 -2.05018e-05 -0.966589 -0.784081 -5.25233e-06 1 -1.98176e-05 -1.47509e-05 0.966589 -3.02578e-09 -0.256331 3.74177
-0.307119 -3.25275e-05 -0.951671 -0.778789 1.15335e-05 1 -3.79013e-05 -2.34527e-05 0.951671 -2.26163e-05 -0.307119 3.73499
-0.348804 -2.05069e-05 -0.937196 -0.774099 -7.15289e-06 1 -1.9219e-05 -1.45466e-05 0.937196 -8.69258e-12 -0.348804 3.72957
-0.394731 -2.05926e-05 -0.918797 -0.768555 -1.19971e-05 1 -1.72584e-05 -1.42125e-05 0.918797 4.21047e-06 -0.394731 3.72376
-0.435438 -3.31544e-05 -0.900219 -0.763296 -3.799e-05 1 -1.84534e-05 -1.62056e-05 0.900219 2.61641e-05 -0.435438 3.71876
-0.492836 -4.50393e-05 -0.870122 -0.755289 -5.99198e-05 1 -1.78235e-05 -1.73833e-05 0.870122 4.33534e-05 -0.492836 3.71195
-0.535655 -2.05011e-05 -0.844437 -0.748826 -1.09845e-05 1 -1.731e-05 -1.40273e-05 0.844437 3.52013e-09 -0.535655 3.70707
-0.577162 -2.05e-05 -0.816629 -0.742123 -1.18357e-05 1 -1.67382e-05 -1.38896e-05 0.816629 4.68999e-09 -0.577162 3.70252
-0.613302 -3.73332e-05 -0.789849 -0.735901 -4.00215e-05 1 -1.61904e-05 -1.55393e-05 0.789849 2.16814e-05 -0.613302 3.69872
-0.652004 -2.93681e-06 -0.758216 -0.72879 -5.21693e-06 1 6.1282e-07 -2.00676e-05 0.758216 4.35512e-06 -0.652004 3.69484
-0.68908 -3.74104e-05 -0.724685 -0.721497 -2.12598e-05 1 -3.14076e-05 -2.37387e-05 0.724685 -6.23571e-06 -0.68908 3.69131
-0.724437 -2.05035e-05 -0.689341 -0.714033 -1.48511e-05 1 -1.41364e-05 -1.33151e-05 0.689341 -3.41403e-09 -0.724437 3.68815
-0.754712 -2.05034e-05 -0.656056 -0.707188 -1.54777e-05 1 -1.34473e-05 -1.31735e-05 0.656056 5.40701e-09 -0.754712 3.68564
-0.789636 -2.05087e-05 -0.613576 -0.698679 -1.61968e-05 1 -1.25805e-05 -1.29995e-05 0.613576 3.95051e-09 -0.789636 3.68298
-0.816426 -2.05037e-05 -0.57745 -0.691621 -1.67433e-05 1 -1.18348e-05 -1.28541e-05 0.57745 6.14002e-09 -0.816426 3.68116
-0.83919 -2.05082e-05 -0.543838 -0.685269 -1.72117e-05 1 -1.11509e-05 -1.27246e-05 0.543838 2.61187e-09 -0.83919 3.67987
-0.84945 -4.31869e-05 -0.527669 -0.682345 -2.9986e-05 1 -3.35728e-05 -1.71678e-05 0.527669 -1.26958e-05 -0.84945 3.67943
-0.862408 -3.82979e-05 -0.506213 -0.678367 -4.76356e-05 1 5.49846e-06 -9.75998e-06 0.506213 2.88557e-05 -0.862408 3.67882
-0.881054 -2.05049e-05 -0.473016 -0.672228 -1.80634e-05 1 -9.70377e-06 -1.24583e-05 0.473016 -5.25e-09 -0.881054 3.67803
-0.898942 -2.05105e-05 -0.438067 -0.665856 -1.84364e-05 1 -8.98764e-06 -1.23273e-05 0.438067 -2.97244e-09 -0.898942 3.67744
-0.920236 -2.05039e-05 -0.391364 -0.657501 -1.88711e-05 1 -8.01825e-06 -1.21545e-05 0.391364 6.77129e-09 -0.920236 3.67706
-0.936267 -2.05007e-05 -0.35129 -0.650475 -1.9196e-05 1 -7.19685e-06 -1.20106e-05 0.35129 5.18896e-09 -0.936267 3.67707
-0.947233 -2.05058e-05 -0.320546 -0.645246 -1.94249e-05 1 -6.56968e-06 -1.19037e-05 0.320546 3.54509e-09 -0.947233 3.67732
-0.952529 8.87985e-06 -0.304448 -0.642625 1.13222e-05 1 -6.25685e-06 -1.75512e-05 0.304448 -9.40685e-06 -0.952529 3.67756
-0.955171 -6.75314e-05 -0.296056 -0.641337 -6.88209e-05 1 -6.06541e-06 -1.25373e-05 0.296056 1.45813e-05 -0.955171 3.67773
-0.956311 -4.25402e-05 -0.292351 -0.640804 -4.80658e-05 1 1.17177e-05 -1.36555e-05 0.292351 2.52578e-05 -0.956311 3.67783
-0.957098 -3.36256e-05 -0.289765 -0.640466 -3.3334e-05 1 -5.94165e-06 -1.26936e-05 0.289765 3.97227e-06 -0.957098 3.67791
-0.957504 1.22034e-05 -0.288421 -0.640316 1.45269e-05 1 -5.91557e-06 -1.94013e-05 0.288421 -9.85405e-06 -0.957504 3.67796
-0.963158 -5.19711e-06 -0.268935 -0.637019 -1.84696e-06 1 -1.27101e-05 -1.50459e-05 0.268935 -1.17452e-05 -0.963158 3.67828
-0.971741 -2.50818e-06 -0.236048 -0.631451 5.94939e-07 1 -1.30749e-05 -1.54136e-05 0.236048 -1.28459e-05 -0.971741 3.67894
-0.979867 -2.05114e-05 -0.19965 -0.625387 -2.00985e-05 1 -4.09481e-06 -1.14973e-05 0.19965 2.9887e-10 -0.979867 3.67989
-0.987873 -3.68807e-05 -0.155267 -0.618131 -3.95671e-05 1 1.42114e-05 -1.25983e-05 0.155267 2.01825e-05 -0.987873 3.68135
-0.991946 -2.05073e-05 -0.126661 -0.613586 -2.03416e-05 1 -2.60135e-06 -1.12555e-05 0.126661 -3.9147e-09 -0.991946 3.68247
-0.993987 -2.05064e-05 -0.1095 -0.610967 -2.03831e-05 1 -2.24504e-06 -1.12012e-05 0.1095 4.13676e-10 -0.993987 3.68321
-0.994929 -5.0043e-05 -0.100578 -0.609677 -5.00897e-05 1 -2.06151e-06 -1.30968e-05 0.100578 2.98687e-06 -0.994929 3.68363
-0.995387 -2.05065e-05 -0.0959431 -0.609051 -2.04119e-05 1 -1.96766e-06 -1.1162e-05 0.0959431 -2.05179e-10 -0.995387 3.68386
-0.995646 -2.05071e-05 -0.0932166 -0.608726 -2.04177e-05 1 -1.91181e-06 -1.11553e-05 0.0932166 -2.17504e-10 -0.995646 3.68401
-0.99574 -7.39834e-06 -0.0922005 -0.608625 -7.25486e-06 1 -1.89134e-06 -1.52753e-05 0.0922005 -1.21438e-06 -0.99574 3.68406
-0.9958 7.94814e-06 -0.0915511 -0.608578 1.00374e-05 1 -2.23603e-05 -1.899e-05 0.0915511 -2.31853e-05 -0.9958 3.6841
-0.995829 2.589e-06 -0.0912353 -0.60857 2.77125e-06 1 -1.87098e-06 -1.54369e-05 0.0912353 -2.11602e-06 -0.995829 3.68412
-0.995842 -3.99378e-05 -0.0911022 -0.608576 -3.99336e-05 1 -1.86821e-06 -1.24155e-05 0.0911022 1.7776e-06 -0.995842 3.68413
-0.995848 1.43623e-05 -0.0910283 -0.60858 1.45929e-05 1 -1.86673e-06 -1.76212e-05 0.0910283 -3.18734e-06 -0.995848 3.68414
-0.995852 -4.02075e-05 -0.0909842 -0.608591 -4.02045e-05 1 -1.86582e-06 -1.24334e-05 0.0909842 1.7999e-06 -0.995852 3.68415
-0.995854 -4.02926e-05 -0.0909613 -0.608599 -4.02899e-05 1 -1.86535e-06 -1.24391e-05 0.0909613 1.8072e-06 -0.995854 3.68415
-0.995856 1.42164e-05 -0.0909494 -0.608602 1.44459e-05 1 -1.8651e-06 -1.75945e-05 0.0909494 -3.17122e-06 -0.995856 3.68415
-0.995856 -1.40045e-05 -0.0909432 -0.608609 -1.38925e-05 1 -1.86498e-06 -1.23592e-05 0.0909432 -5.93831e-07 -0.995856 3.68415
-0.995856 -2.39354e-05 -0.09094 -0.608629 -2.38647e-05 1 -1.86491e-06 -1.05172e-05 0.09094 3.13076e-07 -0.995856 3.68398
-0.995857 -5.18776e-05 -0.0909384 -0.609635 -5.19231e-05 1 -1.86489e-06 -1.32135e-05 0.0909384 2.86465e-06 -0.995857 3.67301
-0.995857 -2.41646e-05 -0.0909375 -0.611879 -2.40948e-05 1 -1.86485e-06 -1.05414e-05 0.0909375 3.34e-07 -0.995857 3.64845
-0.995857 -2.38331e-05 -0.0909371 -0.614671 -2.3762e-05 1 -1.86485e-06 -1.06601e-05 0.0909371 3.03719e-07 -0.995857 3.61788
-0.995857 -1.70343e-05 -0.0909368 -0.61962 -1.69349e-05 1 -1.86484e-06 -1.11529e-05 0.0909368 -3.17116e-07 -0.995857 3.5637
-0.995857 -5.44721e-05 -0.0909367 -0.623055 -5.45285e-05 1 -1.86483e-06 -1.36575e-05 0.0909367 3.10153e-06 -0.995857 3.52611
-0.995857 -5.48049e-05 -0.0909366 -0.628114 -5.48626e-05 1 -1.86484e-06 -1.37829e-05 0.0909366 3.13191e-06 -0.995857 3.47071
-0.995857 -4.02795e-05 -0.0909366 -0.632962 -4.02768e-05 1 -1.86485e-06 -1.29378e-05 0.0909366 1.80551e-06 -0.995857 3.41762
-0.995857 -6.3015e-05 -0.0909366 -0.637982 -6.31069e-05 1 -1.86483e-06 -1.4519e-05 0.0909366 3.88162e-06 -0.995857 3.36267
-0.995857 -1.70511e-05 -0.0909365 -0.642601 -1.69517e-05 1 -1.86484e-06 -1.16253e-05 0.0909365 -3.15583e-07 -0.995857 3.31206
-0.995857 -7.13899e-05 -0.0909366 -0.647824 -7.15167e-05 1 -1.86485e-06 -1.52653e-05 0.0909366 4.64636e-06 -0.995857 3.25489
-0.995857 -2.95923e-05 -0.0909365 -0.653108 -2.95451e-05 1 -1.86483e-06 -1.26561e-05 0.0909365 8.29629e-07 -0.995857 3.197
-0.995857 -5.48049e-05 -0.0909366 -0.658443 -5.48626e-05 1 -1.86483e-06 -1.44048e-05 0.0909366 3.13191e-06 -0.995857 3.13859
-0.995857 -5.44835e-05 -0.0909366 -0.663273 -5.45398e-05 1 -1.86483e-06 -1.4483e-05 0.0909366 3.10256e-06 -0.995857 3.0857
-0.995857 -7.13905e-05 -0.0909366 -0.668664 -7.15172e-05 1 -1.86485e-06 -1.56927e-05 0.0909366 4.64641e-06 -0.995857 3.02667
-0.995857 -7.13704e-05 -0.0909366 -0.673531 -7.14971e-05 1 -1.86485e-06 -1.57912e-05 0.0909366 4.64458e-06 -0.995857 2.97337
-0.995857 -2.05069e-05 -0.0909365 -0.680577 -2.0422e-05 1 -1.86484e-06 -1.26288e-05 0.0909365 -1.24167e-11 -0.995857 2.89618
-0.995857 3.03388e-05 -0.0909365 -0.686551 3.06353e-05 1 -1.86485e-06 -2.21839e-05 0.0909365 -4.64299e-06 -0.995857 2.83073
-0.995857 -6.41974e-05 -0.0909366 -0.691452 -6.42942e-05 1 -1.86485e-06 -1.56923e-05 0.0909366 3.98957e-06 -0.995857 2.77712
-0.995857 1.3835e-05 -0.0909365 -0.696347 1.40629e-05 1 -1.86483e-06 -1.93232e-05 0.0909365 -3.13593e-06 -0.995857 2.72346
-0.995857 -4.04867e-05 -0.0909366 -0.701797 -4.04848e-05 1 -1.86485e-06 -1.43629e-05 0.0909366 1.82443e-06 -0.995857 2.66381
-0.995857 -7.1472e-05 -0.0909366 -0.706704 -7.15991e-05 1 -1.86485e-06 -1.64781e-05 0.0909366 4.65385e-06 -0.995857 2.6101
-0.995857 -1.70343e-05 -0.0909365 -0.712152 -1.69349e-05 1 -1.86484e-06 -1.30505e-05 0.0909365 -3.17115e-07 -0.995857 2.5504
-0.995857 -4.02053e-05 -0.0909383 -0.717067 -3.88425e-05 1 -1.67565e-05 -1.80511e-05 0.0909383 -1.31548e-05 -0.995857 2.49666
-0.995856 -2.38306e-05 -0.0909391 -0.721819 -2.37595e-05 1 -1.86489e-06 -1.28579e-05 0.0909391 3.03499e-07 -0.995856 2.44467
-0.995856 -2.38306e-05 -0.0909396 -0.725813 -2.37594e-05 1 -1.8649e-06 -1.29398e-05 0.0909396 3.03497e-07 -0.995856 2.40098
-0.995856 -2.0507e-05 -0.0909398 -0.728325 -2.0422e-05 1 -1.8649e-06 -1.36079e-05 0.0909398 -3.39635e-12 -0.995856 2.37349
-0.995856 -2.0507e-05 -0.0909399 -0.729805 -2.0422e-05 1 -1.86491e-06 -1.36382e-05 0.0909399 -5.05032e-12 -0.995856 2.3573
-0.995856 -2.0507e-05 -0.0909399 -0.731012 -2.0422e-05 1 -1.86491e-06 -1.3663e-05 0.0909399 -5.05344e-12 -0.995856 2.34409
-0.995856 -2.0507e-05 -0.0909399 -0.731808 -2.0422e-05 1 -1.86491e-06 -1.36793e-05 0.0909399 -3.95034e-12 -0.995856 2.33539
-0.995856 -4.20038e-05 -0.09094 -0.732512 -4.20083e-05 1 -1.86492e-06 -1.50914e-05 0.09094 1.96304e-06 -0.995856 2.32769
-0.995856 1.0973e-05 -0.0909399 -0.732924 1.03443e-05 1 7.38392e-06 -1.93833e-05 0.0909399 6.41261e-06 -0.995856 2.32316
-0.995856 1.09825e-05 -0.0909399 -0.733262 1.03527e-05 1 7.39641e-06 -1.93884e-05 0.0909399 6.42428e-06 -0.995856 2.31947
-0.995883 -1.14634e-05 -0.0906515 -0.73348 -1.13414e-05 1 -1.86068e-06 -2.29365e-05 0.0906515 -8.24906e-07 -0.995883 2.31659
-0.99686 2.5275e-05 -0.079184 -0.73177 2.54841e-05 1 -1.63042e-06 -2.21643e-05 0.079184 -3.64323e-06 -0.99686 2.31559
-0.998793 3.03751e-06 -0.0491155 -0.727119 3.386e-06 1 -7.01217e-06 -1.79998e-05 0.0491155 -7.17002e-06 -0.998793 2.31566
-0.999955 -2.05114e-05 -0.00944966 -0.721027 -2.05104e-05 1 -1.93454e-07 -1.34579e-05 0.00944966 3.71355e-10 -0.999955 2.31683
