1 -1.38778e-17 3.46945e-18 0 0 1 -3.90313e-18 -1.11022e-16 3.46945e-18 4.33681e-19 1 0
1 -0.000284293 0.000339736 0.000196258 0.000284132 1 0.000473209 8.34322e-05 -0.00033987 -0.000473113 1 2.73924e-05
1 8.46841e-05 0.000734165 0.00035169 -8.61151e-05 0.999998 0.00194931 0.00029082 -0.000733998 -0.00194938 0.999998 -6.84679e-05
0.999999 -0.0011263 0.000560769 -0.000233312 0.00112571 0.999999 0.00105863 0.000217507 -0.00056196 -0.001058 0.999999 -0.00012881
0.999999 -0.00125822 0.000500574 0.000337476 0.00125759 0.999998 0.00124239 0.00014491 -0.000502136 -0.00124176 0.999999 6.44094e-05
1 -0.000565004 0.000517151 0.000529819 0.000564199 0.999999 0.00155491 0.000162062 -0.000518028 -0.00155461 0.999999 9.41066e-05
1 -0.000479466 0.000317345 0.000111058 0.000479265 1 0.000632183 8.28251e-05 -0.000317648 -0.000632031 1 5.09171e-06
0.999999 -0.00131126 0.000295221 -0.000512666 0.00131109 0.999999 0.000578635 0.000169974 -0.000295979 -0.000578248 1 -0.00023465
1 -0.000163215 0.000260195 -9.82836e-05 0.000163089 1 0.000484783 0.000129458 -0.000260274 -0.00048474 1 -0.000108135
0.999999 -0.00120498 0.000190279 -0.00035414 0.00120494 0.999999 0.000222721 0.000124158 -0.000190547 -0.000222492 1 -0.000115117
0.999998 -0.0018952 6.44391e-05 -0.000827614 0.00189522 0.999998 -0.00023429 9.88129e-05 -6.3995e-05 0.000234412 1 -0.000267849
1 6.48593e-05 0.000775271 0.000652621 -6.76659e-05 0.999993 0.00362072 0.000502641 -0.000775031 -0.00362077 0.999993 -1.61355e-05
1 -0.000734361 -1.14253e-05 -9.91228e-05 0.000734361 1 3.57193e-05 4.88e-05 1.1399e-05 -3.57277e-05 1 5.38963e-07
0.999999 -0.00103689 0.000318168 9.06675e-05 0.00103681 0.999999 0.000244698 4.15404e-05 -0.000318422 -0.000244368 1 3.11662e-05
1 -0.000469245 0.000295411 0.000326036 0.000469099 1 0.000495798 3.48156e-05 -0.000295644 -0.000495659 1 0.000112459
1 -0.000276183 0.000406638 -0.000103159 0.000275727 0.999999 0.00112036 0.000276082 -0.000406947 -0.00112025 0.999999 -0.000151386
1 6.2484e-05 0.000480072 7.87856e-05 -6.29097e-05 1 0.000886668 0.000172476 -0.000480016 -0.000886698 0.999999 -7.32556e-05
0.999999 -0.00123618 0.000680521 -3.69271e-05 0.00123432 0.999996 0.00273304 0.000486716 -0.000683896 -0.00273219 0.999996 -0.000203576
0.999999 -0.00114627 0.000139786 -0.000479124 0.00114616 0.999999 0.000756324 0.000207106 -0.000140652 -0.000756164 1 -0.000201249
1 0.000185437 0.000164253 0.000501102 -0.000185632 0.999999 0.00119095 0.000144296 -0.000164032 -0.00119098 0.999999 0.000119628
1 -0.000221985 0.000161808 0.000260533 0.000221989 1 -2.56823e-05 6.53362e-06 -0.000161802 2.57183e-05 1 8.5243e-05
1 -0.000220651 -7.74587e-05 9.22713e-05 0.000220702 1 0.000657338 0.000129358 7.73137e-05 -0.000657356 1 -1.89809e-05
1 0.000101414 0.000312536 0.00011242 -0.000101699 1 0.000912094 0.000183094 -0.000312444 -0.000912126 1 -6.37855e-05
1 0.000148214 0.00020385 1.41301e-05 -0.000148275 1 0.000298501 9.72576e-05 -0.000203805 -0.000298531 1 -4.76485e-05
1 0.000139343 0.000466523 0.000359887 -0.000140001 0.999999 0.00141126 0.000225465 -0.000466326 -0.00141133 0.999999 1.65525e-05
0.999999 -0.00138689 -0.000686865 -0.000578632 0.00138605 0.999998 -0.00121247 -0.000103335 0.000688545 0.00121152 0.999999 -0.000114489
1 -0.000405678 0.000480833 0.000458021 0.000404952 0.999999 0.00151054 0.000186233 -0.000481446 -0.00151034 0.999999 3.07527e-05
0.999999 -0.00134098 -2.11874e-06 -0.00140298 0.00134098 0.999999 0.000213316 0.00029955 1.83268e-06 -0.000213319 1 -0.000563505
0.999999 -0.00122779 -0.00010039 -0.000561545 0.00122769 0.999999 -0.00102788 -3.31397e-05 0.000101652 0.00102776 0.999999 -0.000118915
1 -0.00053347 9.57623e-05 -0.000362011 0.000533429 1 0.000429435 0.000189381 -9.59913e-05 -0.000429384 1 -0.00020569
0.999995 -0.00315746 -0.00034106 -0.00131056 0.00315711 0.999995 -0.000996187 2.55706e-05 0.000344203 0.000995105 0.999999 -0.000410264
1 8.55583e-05 0.000592682 0.00102668 -8.64987e-05 0.999999 0.00158694 0.000110729 -0.000592546 -0.00158699 0.999999 0.000260768
1 -0.000846579 0.000392689 -0.000604867 0.000846347 0.999999 0.000592489 0.000242909 -0.00039319 -0.000592156 1 -0.000327289
0.999998 -0.0020779 7.3854e-05 -0.000973232 0.00207788 0.999998 0.000215337 0.000216255 -7.43013e-05 -0.000215183 1 -0.000374208
0.999998 -0.00179755 0.00053577 -0.000587461 0.001797 0.999998 0.00102654 0.000310149 -0.000537614 -0.00102558 0.999999 -0.000284366
1 -0.000458071 0.000321126 -0.000195244 0.000457766 0.999999 0.000949258 0.000231286 -0.000321561 -0.000949111 0.999999 -0.000183247
1 -0.000106186 0.000339862 0.000355625 0.000106034 1 0.000446285 6.79336e-05 -0.000339909 -0.000446249 1 9.42524e-05
1 0.000520848 0.000197545 0.000287256 -0.000520801 1 -0.00023748 -3.47504e-05 -0.000197669 0.000237377 1 6.50856e-05
0.999999 -0.00137954 0.000426463 -0.00037837 0.00137924 0.999999 0.000694909 0.000220598 -0.000427421 -0.00069432 1 -0.000164271
0.999999 -0.00143421 -0.000698561 -0.00151434 0.00143293 0.999997 -0.00183126 -4.41234e-05 0.000701185 0.00183026 0.999998 -0.00047689
0.999999 -0.00084495 -0.000596318 -0.00089003 0.00084398 0.999998 -0.00162496 -5.93138e-05 0.00059769 0.00162445 0.999999 -0.000231172
0.999996 -0.00273626 -0.00039606 -0.00201075 0.00273579 0.999996 -0.00118075 0.000180447 0.000399289 0.00117966 0.999999 -0.000653112
0.999999 -0.00133939 -2.64237e-05 -0.000771227 0.00133938 0.999999 -0.000283487 0.000141818 2.68034e-05 0.000283451 1 -0.000254081
0.999999 -0.00159157 -0.000526622 -0.00133588 0.00159102 0.999998 -0.0010516 5.4334e-05 0.000528295 0.00105076 0.999999 -0.00043483
1 -0.000785579 -0.000587028 -0.000797769 0.000784489 0.999998 -0.0018549 -0.000106761 0.000588484 0.00185444 0.999998 -0.000187306
0.999998 -0.00213951 0.000230242 -0.00174033 0.00213938 0.999998 0.000557337 0.000419485 -0.000231434 -0.000556843 1 -0.000738077
0.999999 -0.00161637 -0.000417265 -0.00172857 0.00161568 0.999997 -0.00166787 7.16205e-05 0.00041996 0.00166719 0.999999 -0.00056255
0.999999 -0.00107791 0.00010462 -0.000940321 0.00107786 0.999999 0.000453481 0.000270323 -0.000105109 -0.000453367 1 -0.000435167
1 -0.000395373 -8.44644e-05 -0.000815975 0.000395233 0.999999 -0.00164541 -5.49806e-05 8.51148e-05 0.00164538 0.999999 -0.000267747
0.999998 -0.00186091 0.000387792 -0.00082816 0.00186019 0.999997 0.00185764 0.000462454 -0.000391247 -0.00185691 0.999998 -0.000438964
1 0.00030714 0.00028861 -0.000107617 -0.000307244 1 0.000360493 0.000170041 -0.000288499 -0.000360582 1 -0.000140012
0.999997 -0.00232749 2.83261e-05 -0.00168945 0.00232749 0.999997 -0.000176809 0.000310562 -2.79145e-05 0.000176875 1 -0.000656044
1 -0.000532075 -0.000276481 -0.000551984 0.000531802 0.999999 -0.000984261 -3.03215e-05 0.000277005 0.000984113 0.999999 -0.000186783
0.999998 -0.00203813 -0.000280777 -0.00149174 0.0020379 0.999998 -0.000798798 0.000157523 0.000282404 0.000798224 1 -0.000511443
1 -0.000818139 0.000165511 -0.00106444 0.000818124 1 9.54871e-05 0.000251951 -0.000165589 -9.53516e-05 1 -0.000459807
0.999999 -0.00140168 -0.000376525 -0.00138457 0.00140135 0.999999 -0.000885829 9.82249e-05 0.000377766 0.0008853 1 -0.000501856
1 -0.000901544 -0.000103306 -0.00116562 0.000901489 0.999999 -0.000532839 0.000156474 0.000103787 0.000532745 1 -0.000445686
0.999997 -0.002375 0.000239825 -0.0014686 0.0023749 0.999997 0.000409431 0.000348783 -0.000240797 -0.000408861 1 -0.000590804
1 -0.000472668 -0.000237826 -0.000540367 0.000472553 1 -0.000484611 5.27936e-05 0.000238055 0.000484498 1 -0.000209671
1 -0.000154263 -5.32736e-05 -0.000544682 0.000154258 1 -0.000102454 0.000167166 5.32894e-05 0.000102446 1 -0.000255
0.999999 -0.00129043 -0.00100346 -0.00199626 0.00128786 0.999996 -0.00255876 -1.63448e-05 0.00100675 0.00255747 0.999996 -0.000626406
1 -0.000437127 -7.15447e-05 -0.000537934 0.000437084 1 -0.00060184 6.1108e-05 7.18078e-05 0.000601808 1 -0.000199879
0.999998 -0.00179157 -0.000618331 -0.00134989 0.00179028 0.999996 -0.00208589 1.21302e-05 0.000622065 0.00208478 0.999998 -0.0003554
0.999999 -0.00152694 3.23611e-05 -0.00128434 0.00152697 0.999998 -0.000976213 0.000129502 -3.08704e-05 0.000976261 1 -0.000433202
0.999999 -0.0012115 -0.000151885 -0.00124785 0.00121137 0.999999 -0.00085176 0.000197945 0.000152917 0.000851575 1 -0.000487332
0.999999 -0.00142326 0.000212111 -0.000933035 0.00142322 0.999999 0.000173938 0.00026226 -0.000212359 -0.000173636 1 -0.000401492
0.999999 -0.00162125 -0.000373149 -0.00140762 0.00162055 0.999997 -0.00186978 1.06878e-05 0.000376179 0.00186918 0.999998 -0.000434992
1 -1.17118e-05 -0.000264548 -0.000299411 1.15712e-05 1 -0.000531411 3.56522e-05 0.000264554 0.000531408 1 -0.00010686
0.999998 -0.0019693 -0.000176694 -0.00174198 0.00196916 0.999998 -0.000791785 0.000230798 0.000178253 0.000791435 1 -0.000627103
1 -0.000894081 0.000289752 -0.000790441 0.000893856 0.999999 0.000775043 0.000297054 -0.000290445 -0.000774783 1 -0.000410051
0.999998 -0.00174312 -0.000586859 -0.00165469 0.00174234 0.999998 -0.00133322 0.000108385 0.000589181 0.00133219 0.999999 -0.000549938
1 -0.000295942 -0.000483719 -0.000602539 0.000295447 0.999999 -0.00102323 2.29297e-05 0.000484022 0.00102309 0.999999 -0.000206288
0.999998 -0.00185202 -0.000318195 -0.00176493 0.00185153 0.999997 -0.00155405 0.000136793 0.000321072 0.00155345 0.999999 -0.00059173
0.999999 -0.00170014 -0.000302013 -0.0015887 0.00169972 0.999998 -0.00139227 0.000107773 0.000304379 0.00139175 0.999999 -0.00056005
0.999999 -0.00113668 -8.81905e-05 -0.00030954 0.00113659 0.999999 -0.00100809 -5.41516e-05 8.93363e-05 0.00100799 0.999999 -6.25643e-05
1 -0.000433902 -0.000267866 -0.000570757 0.000433761 1 -0.000524268 0.000107361 0.000268093 0.000524152 1 -0.000222455
1 -0.000573669 -0.000151741 -0.000305495 0.000573646 1 -0.000154005 8.87566e-05 0.000151829 0.000153918 1 -0.00015736
1 -0.000120141 0.000175704 -0.000438499 0.00011993 0.999999 0.00120194 0.000354068 -0.000175849 -0.00120192 0.999999 -0.000321603
0.999997 -0.00226606 -0.000856206 -0.00121763 0.00226314 0.999992 -0.00340017 -0.000271444 0.000863904 0.00339822 0.999994 -0.000189266
1 -0.000842309 -0.000443101 -0.000834407 0.000841469 0.999998 -0.00189365 -7.28824e-05 0.000444695 0.00189328 0.999998 -0.000210523
0.999997 -0.00241243 -0.000549566 -0.00212887 0.00241085 0.999993 -0.00285002 -2.86395e-05 0.000556438 0.00284869 0.999996 -0.000646456
1 -0.000481859 -0.000545539 -0.000190817 0.000482243 1 0.000705357 0.000232345 0.000545199 -0.00070562 1 -0.000138945
1 -0.000943501 -0.000314457 -0.00104445 0.000943179 0.999999 -0.00102222 4.92044e-05 0.000315421 0.00102193 0.999999 -0.000369177
0.999997 -0.00242958 -0.000964118 -0.00163704 0.00242703 0.999994 -0.00263384 -0.00011462 0.000970511 0.00263149 0.999996 -0.00041444
1 -0.000783134 -0.000519318 -0.000970519 0.000782382 0.999999 -0.00144581 5.01787e-05 0.00052045 0.0014454 0.999999 -0.000311174
0.999998 -0.00171311 -0.00055542 -0.00143659 0.00171209 0.999997 -0.00182998 3.56647e-05 0.000558553 0.00182902 0.999998 -0.000453082
0.999999 -0.00123935 -5.74737e-05 -0.000772996 0.00123931 0.999999 -0.000582955 7.71004e-05 5.81961e-05 0.000582883 1 -0.000311998
0.999999 -0.00110894 -1.0443e-05 -0.000873362 0.00110894 0.999999 -2.51105e-05 0.000241082 1.04708e-05 2.50989e-05 1 -0.00038241
0.999999 -0.00128318 -0.00103053 -0.00130122 0.00128108 0.999997 -0.00203457 -1.69976e-05 0.00103314 0.00203325 0.999997 -0.000365762
1 -0.000907105 -1.23391e-05 -0.000946092 0.000907108 1 0.000190925 0.000300723 1.21659e-05 -0.000190936 1 -0.000419234
0.999996 -0.00289543 -0.000177031 -0.00199263 0.00289531 0.999996 -0.000631097 0.000307468 0.000178857 0.000630582 1 -0.000741951
0.999999 -0.00105853 -0.000504623 -0.000548244 0.00105771 0.999998 -0.00161051 -9.23996e-05 0.000506327 0.00160998 0.999999 -0.00010478
0.999999 -0.00110283 -0.000469483 -0.000850274 0.00110211 0.999998 -0.00152702 -3.2196e-05 0.000471166 0.0015265 0.999999 -0.000252118
0.999998 -0.00172378 0.00021708 -0.000436849 0.00172352 0.999998 0.00118232 0.000359506 -0.000219118 -0.00118195 0.999999 -0.000284445
0.999998 -0.00199936 -0.000307341 -0.000502221 0.00199881 0.999996 -0.00179161 -0.00014059 0.000310922 0.00179099 0.999998 -2.49219e-05
0.999999 -0.00150356 -0.000609895 -0.00125075 0.00150265 0.999998 -0.00149884 7.12746e-05 0.000612147 0.00149792 0.999999 -0.000396005
0.999992 -0.00388399 -0.000878946 -0.00232163 0.00388252 0.999991 -0.00166005 0.000170292 0.000885386 0.00165662 0.999998 -0.000717783
0.999995 -0.00290615 -0.000866308 -0.00197371 0.00290346 0.999991 -0.00308324 -0.000112192 0.000875261 0.00308071 0.999995 -0.000523658
0.999994 -0.0033537 -0.00112181 -0.00208468 0.0033501 0.999989 -0.003193 -0.0001115 0.0011325 0.00318923 0.999994 -0.000520456
0.999995 -0.00309495 -0.000495936 -0.00169225 0.00309416 0.999994 -0.00159664 0.000131326 0.000500874 0.00159509 0.999999 -0.000483038
1 -0.000299004 0.000241004 0.000539226 0.000298739 0.999999 0.00109586 0.000193457 -0.000241331 -0.00109578 0.999999 0.000109915
0.999999 -0.00143252 -0.000272655 -0.00120157 0.00143248 0.999999 -0.000176886 0.000272841 0.000272908 0.000176495 1 -0.000454725
0.999998 -0.00188099 -0.000581788 -0.000851853 0.00188087 0.999998 -0.000221455 0.00020465 0.000582204 0.00022036 1 -0.000308075
0.999999 -0.00144531 -0.000590166 -0.00116765 0.00144436 0.999998 -0.00161212 3.48894e-05 0.000592495 0.00161127 0.999999 -0.000358543
0.999998 -0.00182554 -0.000391764 -0.000932693 0.00182503 0.999997 -0.00130702 6.79064e-05 0.000394149 0.0013063 0.999999 -0.000234435
0.999999 -0.00110489 -0.00105945 -0.0010687 0.00110131 0.999994 -0.00337581 -0.000232141 0.00106317 0.00337464 0.999994 -0.000158398
0.999997 -0.00234282 -0.000642255 -0.00179358 0.00234131 0.999995 -0.00234431 -1.57633e-05 0.000647743 0.0023428 0.999997 -0.000517414
0.999996 -0.00273222 4.53529e-05 -0.000718911 0.00273217 0.999996 0.00110888 0.000419071 -4.83824e-05 -0.00110876 0.999999 -0.000352635
0.999994 -0.00356649 -0.000312842 -0.00211479 0.00356603 0.999993 -0.00144667 0.000188024 0.000317999 0.00144555 0.999999 -0.000735315
0.999999 -0.0013427 -0.000107446 -0.000927129 0.0013427 0.999999 -7.61341e-05 0.0002607 0.000107548 7.59898e-05 1 -0.000390921
0.999998 -0.00143317 -0.00133773 -0.00100407 0.00142869 0.999993 -0.00334425 -0.000270802 0.00134251 0.00334234 0.999994 -0.000152919
0.999994 -0.00339608 -0.000237944 -0.00156892 0.00339588 0.999994 -0.000818055 0.000212324 0.00024072 0.000817242 1 -0.000499932
1 -0.000940451 -9.21429e-05 -0.000519143 0.000940406 0.999999 -0.000484503 9.42974e-05 9.25985e-05 0.000484416 1 -0.000188367
0.999996 -0.00264515 -0.000821174 -0.0019405 0.00264335 0.999994 -0.00218553 4.09341e-05 0.00082695 0.00218335 0.999997 -0.000579615
0.999999 -0.00112606 -0.000763205 -0.0013246 0.00112447 0.999997 -0.00208243 -9.09573e-06 0.000765548 0.00208157 0.999998 -0.000397431
0.999996 -0.00261323 -0.000728189 -0.0016506 0.00261147 0.999994 -0.00241372 -2.30637e-05 0.000734492 0.00241181 0.999997 -0.000430008
0.999997 -0.0022626 -0.000830185 -0.00195704 0.00226103 0.999996 -0.00188767 0.000123257 0.000834453 0.00188579 0.999998 -0.000627801
0.999997 -0.00234062 -0.000780585 -0.00175595 0.00233865 0.999994 -0.00250946 -2.51988e-05 0.000786454 0.00250762 0.999997 -0.00050868
0.999997 -0.00223276 -0.000804926 -0.00217275 0.00223144 0.999996 -0.00163945 0.000197278 0.000808584 0.00163765 0.999998 -0.000738195
1 -0.000953887 0.000142405 -0.000304668 0.000953926 1 -0.000270883 9.76948e-05 -0.000142146 0.000271019 1 -0.000131737
0.999998 -0.00187464 0.000225331 -0.000693328 0.00187431 0.999997 0.00146905 0.000481773 -0.000228084 -0.00146862 0.999999 -0.000407034
0.999998 -0.00164042 -0.000583185 -0.0016616 0.00163984 0.999998 -0.00100313 0.000241494 0.000584829 0.00100217 0.999999 -0.000613076
0.999996 -0.00259025 0.000726243 -0.000609128 0.0025884 0.999993 0.0025464 0.000598288 -0.000732834 -0.00254451 0.999996 -0.000429116
0.999997 -0.00234932 0.000139892 -0.0011237 0.00234935 0.999997 -0.000227712 0.000275784 -0.000139357 0.00022804 1 -0.000448083
1 -0.000682612 -0.000454567 -0.000565445 0.000682021 0.999999 -0.00129978 3.29744e-06 0.000455454 0.00129947 0.999999 -0.000189569
0.999995 -0.00322351 -0.000219026 -0.00201552 0.00322334 0.999995 -0.000770683 0.000319181 0.000221509 0.000769973 1 -0.00071501
0.999999 -0.0015303 -0.000534706 -0.00148726 0.00152902 0.999996 -0.00238995 -1.79747e-05 0.000538362 0.00238913 0.999997 -0.00045687
0.999998 -0.00187817 -0.000619408 -0.00136946 0.00187721 0.999997 -0.00154617 6.05932e-05 0.00062231 0.001545 0.999999 -0.000430967
0.999996 -0.00268095 0.000145086 -0.00102665 0.00268093 0.999996 0.000116241 0.000312354 -0.000145397 -0.000115851 1 -0.000284071
0.999997 -0.00244236 -0.000475569 -0.000815184 0.00244168 0.999996 -0.0014407 -1.33575e-05 0.000479085 0.00143953 0.999999 0.00023034
1 -0.000901231 -0.000121165 0.000166642 0.000901225 1 -5.59717e-05 6.98749e-05 0.000121215 5.58625e-05 1 0.000868396
0.999996 -0.00272025 -0.000296837 -0.00147908 0.00271946 0.999993 -0.00264643 -0.000113351 0.000304034 0.00264561 0.999996 0.000872207
1 0.000165445 9.84307e-05 -0.000805402 -0.000165536 1 0.00092334 0.000355216 -9.82779e-05 -0.000923356 1 0.00132028
0.999998 -0.00187351 -0.000360919 -0.00150593 0.00187284 0.999996 -0.00187306 -2.13212e-05 0.000364427 0.00187238 0.999998 0.00167272
0.999999 -0.00160574 -3.05789e-05 -0.00112176 0.00160569 0.999998 -0.00141286 1.44715e-05 3.28475e-05 0.00141281 0.999999 0.00228291
0.999998 -0.00199547 5.74716e-06 -0.000870888 0.00199547 0.999994 -0.00278297 -0.000287406 -1.93804e-07 0.00278298 0.999996 0.00288548
0.999996 -0.00279637 -0.000296532 -0.000899281 0.00279599 0.999995 -0.00125847 -8.03933e-05 0.000300049 0.00125764 0.999999 0.00322491
0.999999 -0.000961984 0.000679848 0.000454207 0.000959501 0.999993 0.00364267 0.000504345 -0.000683347 -0.00364201 0.999993 0.00382715
1 -0.00091573 8.5722e-06 -4.88718e-05 0.000915725 0.999999 0.000591681 7.05792e-05 -9.11401e-06 -0.000591673 1 0.00425168
1 -0.000897159 0.000377609 0.000885392 0.000896226 0.999997 0.00246413 0.000219565 -0.000379818 -0.00246379 0.999997 0.00490358
0.999995 -0.00295913 -0.000596929 -0.00153317 0.00295792 0.999994 -0.00200962 -0.000154759 0.000602872 0.00200784 0.999998 0.00476291
0.999989 -0.00469717 -9.7299e-05 -0.000443682 0.00469684 0.999984 -0.00312797 -0.000476933 0.00011199 0.00312748 0.999995 0.00579075
0.999994 -0.00345648 -0.000104858 -0.00154863 0.00345651 0.999994 0.000267805 0.00017999 0.000103932 -0.000268165 1 0.00548622
0.999991 -0.00418848 0.000289631 -0.00164957 0.00418907 0.999989 -0.00205382 -0.000110396 -0.000281025 0.00205502 0.999998 0.00596395
0.999995 -0.00300758 0.000281549 -0.000411885 0.00300788 0.999995 -0.00107729 -0.000231495 -0.000278308 0.00107814 0.999999 0.00690558
0.999998 -0.00183096 -0.000134216 -0.000737223 0.00183077 0.999997 -0.00137002 -0.000190805 0.000136725 0.00136977 0.999999 0.0072581
0.999999 -0.00120217 0.00078989 0.000611668 0.00119994 0.999995 0.002806 0.000223119 -0.00079326 -0.00280505 0.999996 0.00785605
1 -0.000721064 -0.000181103 -0.000377653 0.000721035 1 -0.00016188 -8.90851e-05 0.000181219 0.000161749 1 0.00812514
0.999996 -0.00289134 0.00065168 -0.000591438 0.00289015 0.999994 0.00181907 0.000224711 -0.000656936 -0.00181717 0.999998 0.00839247
0.999999 -0.00160031 3.29487e-05 -0.000626922 0.00160035 0.999998 -0.00140092 -0.000234481 -3.07067e-05 0.00140097 0.999999 0.00904313
0.999999 -0.0010841 -0.000513354 -0.00075682 0.00108294 0.999997 -0.00225618 -0.000426321 0.000515798 0.00225562 0.999997 0.00951922
0.999994 -0.00333217 -0.000213428 -0.00073618 0.00333147 0.999989 -0.00319778 -0.000601171 0.000224081 0.00319705 0.999995 0.0100581
0.999985 -0.00548749 -0.000891383 -0.00254714 0.00548087 0.999959 -0.00726997 -0.000940897 0.00093124 0.00726497 0.999973 0.0101189
0.999994 -0.00332392 0.000524364 -0.0010249 0.00332352 0.999994 0.000757061 8.94196e-05 -0.000526878 -0.000755314 1 0.0105565
0.999997 -0.00247014 0.000235598 -9.96445e-05 0.00246941 0.999992 0.003057 0.0002634 -0.000243147 -0.00305641 0.999995 0.011242
0.999999 -0.00139958 0.000748246 0.000317169 0.00139764 0.999996 0.00258621 0.00014383 -0.000751862 -0.00258517 0.999996 0.0117881
0.999994 -0.00330792 0.00068983 0.000104414 0.00330566 0.999989 0.00325481 0.000260611 -0.000700589 -0.00325251 0.999994 0.012157
0.999996 -0.00268714 7.19193e-05 -0.000771816 0.00268701 0.999995 0.00170134 0.000205605 -7.64906e-05 -0.00170114 0.999999 0.0123458
0.999986 -0.00529943 0.000663186 -0.000964693 0.00529984 0.999986 -0.000607567 -0.000186436 -0.000659956 0.000611074 1 0.0129286
0.999992 -0.0038523 -0.00075502 -0.00147034 0.00385025 0.999989 -0.00269842 -0.000479122 0.000765407 0.00269549 0.999996 0.0132929
0.999992 -0.00403458 0.000642808 -0.00112009 0.00403516 0.999991 -0.000897046 -0.000148569 -0.000639183 0.000899632 0.999999 0.0136222
0.999993 -0.00370635 0.000309951 -0.000530796 0.00370664 0.999993 -0.000963836 -0.000299099 -0.000306376 0.000964979 0.999999 0.0143714
0.999998 -0.00206217 0.000435678 -0.000436102 0.00206168 0.999997 0.00111946 -6.14736e-06 -0.000437985 -0.00111856 0.999999 0.0146793
0.999992 -0.00387204 0.000170879 -0.000230931 0.00387182 0.999992 0.00126268 -5.85015e-05 -0.000175766 -0.00126201 0.999999 0.0152469
0.999996 -0.00273762 0.000528827 -0.000258673 0.0027361 0.999992 0.00285982 0.000236173 -0.000536652 -0.00285837 0.999996 0.015463
0.99999 -0.0045151 0.000667094 -0.000781937 0.00451325 0.999986 0.00276126 0.000300751 -0.000679552 -0.00275822 0.999996 0.015764
0.999994 -0.00341195 -0.00039477 -0.00128805 0.00341111 0.999992 -0.00210286 -0.000371376 0.000401942 0.0021015 0.999998 0.0163831
0.999994 -0.00343072 -0.000291893 -0.000768066 0.00343061 0.999994 -0.00034495 -0.000218067 0.000293075 0.000343946 1 0.0168857
0.999989 -0.00462922 -0.000561871 -0.00199658 0.00462721 0.999983 -0.00352601 -0.000522349 0.000578185 0.00352337 0.999994 0.0170393
0.999986 -0.00516084 0.000823909 -0.00111048 0.00516005 0.999986 0.000963401 4.28754e-05 -0.000828869 -0.000959136 0.999999 0.017499
0.999992 -0.00377151 0.000911872 0.000291568 0.00376984 0.999991 0.00182897 -7.2668e-05 -0.000918762 -0.00182552 0.999998 0.0184697
0.99999 -0.00458061 -9.2148e-05 -0.000323877 0.00458066 0.999989 0.00046544 -0.000210626 9.0015e-05 -0.000465858 1 0.0188135
0.999993 -0.00385972 -7.75391e-05 -0.000307078 0.00385984 0.999991 0.0016746 -3.80628e-05 7.10749e-05 -0.00167489 0.999999 0.01914
0.999996 -0.00289093 0.00026457 9.62674e-05 0.00289032 0.999993 0.00225516 -2.13526e-06 -0.000271087 -0.00225439 0.999997 0.0196631
0.99999 -0.00454658 0.000470302 -0.00050915 0.00454647 0.99999 0.000228232 -0.000236858 -0.000471335 -0.000226091 1 0.0200051
0.999957 -0.00929737 -0.000631557 -0.00254229 0.00929462 0.999948 -0.00421947 -0.000612594 0.000670754 0.00421341 0.999991 0.0201356
0.999971 -0.00759924 0.000681004 -0.000721389 0.00759704 0.999966 0.00318517 0.000199748 -0.000705186 -0.00317991 0.999995 0.0207745
0.999994 -0.00350363 -0.000201114 -0.00211899 0.00350356 0.999994 -0.000342223 -8.21455e-05 0.000202312 0.000341516 1 0.0208359
0.999986 -0.00534683 -0.00037345 -0.00161484 0.00534569 0.999981 -0.00300064 -0.00061987 0.000389487 0.0029986 0.999995 0.0216639
0.999994 -0.00334044 0.000496215 0.000518416 0.00333902 0.99999 0.00282126 -5.26905e-05 -0.000505634 -0.00281959 0.999996 0.0224967
0.999981 -0.00610761 0.000140193 -0.00116158 0.00610742 0.99998 0.00131511 -8.07742e-05 -0.000148222 -0.00131423 0.999999 0.0224335
0.999983 -0.00579801 -0.00044004 -0.000694739 0.00579768 0.999983 -0.000747419 -0.00050384 0.000444366 0.000744855 1 0.0239336
0.999964 -0.0084465 -0.00108442 -0.0026297 0.00844023 0.999948 -0.00566064 -0.00103453 0.00113217 0.00565128 0.999983 0.0249299
0.99998 -0.00637068 -0.00043005 -6.51362e-05 0.00637086 0.99998 0.000436235 -0.000562756 0.000427262 -0.000438966 1 0.0269181
0.999945 -0.0104892 -0.000471646 -0.00113054 0.0104879 0.999941 -0.00266029 -0.000995007 0.000499523 0.00265519 0.999996 0.0283241
0.999971 -0.00759074 -0.000640702 -0.00172091 0.00758933 0.999969 -0.00217528 -0.000782881 0.000657194 0.00217035 0.999997 0.0292814
0.999967 -0.00810139 0.000426542 -0.000533811 0.00810044 0.999965 0.00217915 -0.000322455 -0.000444181 -0.00217562 0.999998 0.0308493
0.999965 -0.00839914 0.000604207 -0.00120541 0.00839844 0.999964 0.0011651 -0.000426078 -0.000613971 -0.00115998 0.999999 0.0319613
0.999985 -0.00542039 0.000684062 0.000879043 0.00541824 0.999981 0.00310085 -0.000559547 -0.000700856 -0.00309709 0.999995 0.0339975
0.999975 -0.00701056 -1.30157e-05 8.03764e-05 0.00701057 0.999975 0.00135012 -0.000716381 3.55031e-06 -0.00135017 0.999999 0.0351869
0.999968 -0.00783926 -0.00127287 -0.00227292 0.00783294 0.999957 -0.00489653 -0.00139025 0.0013112 0.00488641 0.999987 0.0361256
0.999961 -0.00879001 0.000936767 -0.000137561 0.00878525 0.999949 0.00497122 -0.000266999 -0.000980417 -0.0049628 0.999987 0.0376395
0.999961 -0.00885768 -0.000550683 -0.00168261 0.00885702 0.99996 -0.00119429 -0.000958755 0.00056124 0.00118936 0.999999 0.0388865
0.999966 -0.00809038 0.00142124 -0.000448912 0.00808733 0.999965 0.00213386 -0.000678575 -0.00143845 -0.00212229 0.999997 0.0404621
0.999966 -0.0080806 0.00152249 0.000747515 0.00807158 0.99995 0.00584505 -0.000371027 -0.00156964 -0.00583257 0.999982 0.0420385
0.999934 -0.011373 0.00163896 -0.00168812 0.0113729 0.999935 2.25261e-05 -0.000946098 -0.00163911 -3.88476e-06 0.999999 0.0429351
0.999939 -0.0110125 0.000865769 -0.00180178 0.0110116 0.999939 0.00105508 -0.000822333 -0.000877336 -0.00104548 0.999999 0.044271
0.99992 -0.0126443 5.74154e-06 -0.00278703 0.0126443 0.999919 0.00140988 -0.000669493 -2.35681e-05 -0.00140969 0.999999 0.0453264
0.99993 -0.0118397 0.000435539 -0.00115529 0.0118393 0.99993 0.000896596 -0.00108193 -0.000446124 -0.000891376 1 0.047397
0.999927 -0.0119826 0.0013915 -0.00132356 0.0119728 0.999905 0.00682844 -0.000144568 -0.00147319 -0.00681128 0.999976 0.048325
0.999934 -0.0114459 0.000673412 -0.00130991 0.0114447 0.999933 0.00183875 -0.000994561 -0.000694413 -0.00183093 0.999998 0.0501298
0.999925 -0.0122788 -0.000299216 -0.00196351 0.012279 0.999924 0.000638775 -0.00110342 0.00029135 -0.0006424 1 0.0513305
0.999912 -0.0132316 0.000619161 -0.00231079 0.0132293 0.999906 0.00354301 -0.000640513 -0.000665983 -0.0035345 0.999994 0.0524598
0.999919 -0.0126236 0.00149824 -0.000364316 0.0126122 0.999893 0.00738852 -0.000385463 -0.00159135 -0.00736903 0.999972 0.0542755
0.999913 -0.0132022 -0.00030729 -0.00180489 0.0132021 0.999913 -0.00037584 -0.0014053 0.000312225 0.00037175 1 0.0557046
0.999903 -0.0138915 0.000748436 -0.00195748 0.0138873 0.999889 0.0053044 -0.000516078 -0.000822039 -0.00529349 0.999986 0.0565878
0.999889 -0.014811 0.00147107 -0.000371155 0.014808 0.999888 0.00198482 -0.00143331 -0.00150031 -0.00196282 0.999997 0.0587793
0.999912 -0.0131499 0.0020086 -0.00019046 0.013138 0.999897 0.00581313 -0.0008766 -0.00208484 -0.00578623 0.999981 0.0599714
0.999897 -0.0142025 0.00197137 -0.000645418 0.0141902 0.999881 0.00609067 -0.000831707 -0.00205764 -0.00606207 0.99998 0.0612758
0.999801 -0.019856 0.00196864 -0.00196053 0.0198467 0.999792 0.00463059 -0.000969756 -0.00206018 -0.0045906 0.999987 0.0623404
0.999893 -0.0145668 0.00104982 -6.27026e-05 0.0145591 0.999869 0.00702767 -0.000957323 -0.00115205 -0.00701164 0.999975 0.0642966
0.999828 -0.0185522 0.000503243 -0.00158565 0.0185497 0.999817 0.00459068 -0.001172 -0.000588318 -0.00458055 0.999989 0.0654697
0.999857 -0.0169244 0.000451808 -0.00199417 0.0169236 0.999855 0.00160507 -0.00163138 -0.000478908 -0.00159719 0.999999 0.0668077
0.999876 -0.0156968 0.00143842 -0.000203046 0.0156855 0.999848 0.00755209 -0.00104619 -0.00155674 -0.00752859 0.99997 0.0683714
0.99989 -0.0148308 0.000800011 -0.00020079 0.014826 0.999874 0.00565577 -0.00139334 -0.00088379 -0.00564328 0.999984 0.0700029
0.999868 -0.0162251 0.00109169 0.000177437 0.0162191 0.999854 0.00531514 -0.00153512 -0.00117777 -0.00529673 0.999985 0.0715561
0.999862 -0.0165617 0.000855824 -0.000253752 0.0165577 0.999853 0.0044186 -0.00166809 -0.000928878 -0.00440382 0.99999 0.0728312
0.999816 -0.0191586 0.000353112 -0.00328633 0.0191591 0.999815 -0.00170738 -0.00212795 -0.000320335 0.00171383 0.999998 0.0734489
0.999866 -0.016388 0.000587532 -0.00101392 0.0163861 0.999861 0.00300756 -0.00178371 -0.000636738 -0.00299752 0.999995 0.0753456
0.999833 -0.0182225 0.00131887 -0.000618638 0.018215 0.999819 0.00546557 -0.00159322 -0.00141823 -0.00544063 0.999984 0.0767496
0.999829 -0.0184844 0.000716098 -0.00182877 0.0184824 0.999826 0.00265935 -0.00184156 -0.00076513 -0.00264566 0.999996 0.0778538
0.999818 -0.0189254 0.00220679 -0.000876645 0.018911 0.999801 0.00638482 -0.00150207 -0.00232719 -0.00634193 0.999977 0.0799905
0.99982 -0.0189097 0.00136252 -0.001696 0.0189019 0.999806 0.00556568 -0.00157622 -0.0014675 -0.00553893 0.999984 0.0822718
0.999778 -0.0210464 0.000884232 -0.00328237 0.021044 0.999775 0.00257583 -0.0018301 -0.000938246 -0.00255665 0.999996 0.0845427
0.999768 -0.0215104 0.000991767 -0.00123153 0.0215035 0.999748 0.00649162 -0.00161916 -0.00113115 -0.00646879 0.999978 0.0876063
0.999771 -0.0212058 0.00299382 -0.000656038 0.0211731 0.99972 0.0105677 -0.00109446 -0.00321708 -0.0105019 0.99994 0.0899288
0.999663 -0.0257987 0.00282502 -0.00132817 0.02577 0.99962 0.00975834 -0.0012188 -0.00307569 -0.00968225 0.999948 0.0921334
0.999698 -0.0244107 0.00268474 -0.00146211 0.024382 0.99965 0.0102378 -0.00117317 -0.00293371 -0.0101692 0.999944 0.094622
0.999729 -0.0232829 0.000700183 -0.000991211 0.0232805 0.999724 0.00326462 -0.00258434 -0.000776 -0.00324743 0.999994 0.097903
0.999648 -0.026404 0.00256935 -0.000717641 0.0263848 0.999626 0.00724076 -0.00214998 -0.00275957 -0.00717042 0.99997 0.100174
0.999689 -0.0247892 0.00287768 3.21994e-06 0.0247557 0.999631 0.0111466 -0.00174904 -0.00315294 -0.0110719 0.999934 0.102683
0.99969 -0.0247022 0.0030197 -0.000172901 0.0246723 0.99965 0.00957579 -0.00206099 -0.00325518 -0.00949832 0.99995 0.105249
0.999561 -0.029561 0.00184997 -0.00289158 0.0295555 0.999559 0.00293923 -0.00272551 -0.00193604 -0.00288327 0.999994 0.107309
0.999547 -0.0299755 0.00261902 -0.0021253 0.0299566 0.999527 0.00697832 -0.00234433 -0.00282696 -0.00689671 0.999972 0.10986
0.999579 -0.0288197 0.00321399 -0.00122577 0.0287884 0.999542 0.00936962 -0.00223432 -0.00348254 -0.00927315 0.999951 0.112629
0.999456 -0.0328703 0.00274362 -0.00227104 0.0328478 0.999429 0.0078761 -0.00245265 -0.00300095 -0.00778169 0.999965 0.114836
0.999499 -0.0316027 0.00168092 -0.00313159 0.0315952 0.999491 0.00431714 -0.00298914 -0.0018165 -0.00426187 0.999989 0.117192
0.999488 -0.0319277 0.00210973 -0.00298764 0.0319172 0.999479 0.00481066 -0.00299173 -0.00226222 -0.00474086 0.999986 0.119747
0.999435 -0.0335494 0.00194714 -0.00202712 0.033535 0.999413 0.00701283 -0.00300915 -0.00218127 -0.00694357 0.999974 0.122642
0.999494 -0.0318027 0.00113862 -0.00220327 0.0317965 0.999482 0.00507053 -0.00328835 -0.00129929 -0.00503176 0.999986 0.125161
0.999462 -0.0328008 0.000791642 -0.00288602 0.0327991 0.99946 0.0021605 -0.00370059 -0.00086208 -0.00213337 0.999997 0.127583
0.999449 -0.0331671 0.00136231 -0.00367217 0.0331653 0.999449 0.00134134 -0.00380015 -0.00140604 -0.00129542 0.999998 0.129614
0.999445 -0.0332942 0.00131723 -0.00203543 0.0332863 0.99943 0.00564423 -0.00356231 -0.0015044 -0.00559725 0.999983 0.132447
0.999347 -0.0361358 0.000625093 -0.00304192 0.0361346 0.999345 0.00178698 -0.00420463 -0.000689257 -0.00176322 0.999998 0.134909
0.999375 -0.0353091 0.00174674 -0.00181283 0.0352995 0.999363 0.00525474 -0.00399307 -0.00193117 -0.00518979 0.999985 0.137424
0.99942 -0.0340145 0.00147841 -0.000863965 0.0340028 0.999395 0.00730423 -0.00394148 -0.00172596 -0.00724973 0.999972 0.140237
0.999374 -0.0353523 0.0016539 -0.000829214 0.0353434 0.999362 0.00513238 -0.00437747 -0.00183428 -0.00507071 0.999985 0.142808
0.999349 -0.0360519 0.00158334 -0.00309379 0.0360499 0.999349 0.00127503 -0.00460718 -0.00162828 -0.00121712 0.999998 0.144658
0.999306 -0.0372271 0.00155738 -0.00213004 0.0372148 0.999281 0.00729338 -0.00391406 -0.00182777 -0.00723036 0.999972 0.147102
0.999227 -0.0392365 0.00222883 -0.00142113 0.0392246 0.999217 0.00514137 -0.00447936 -0.00242881 -0.00504997 0.999984 0.149889
0.999075 -0.0429872 0.000943964 -0.00288456 0.0429818 0.999063 0.00512832 -0.00436478 -0.00116353 -0.005083 0.999986 0.152118
0.999185 -0.0403372 0.00137324 -0.00219179 0.0403231 0.999145 0.00909657 -0.00390631 -0.001739 -0.00903378 0.999958 0.154337
0.999251 -0.0386729 0.00152102 -0.00137808 0.0386631 0.999234 0.00604535 -0.00462522 -0.00175365 -0.00598201 0.999981 0.157183
0.999198 -0.0400213 0.00134207 -0.0014603 0.0400079 0.99916 0.00887023 -0.00424507 -0.00169594 -0.00880942 0.99996 0.159529
0.999168 -0.0407213 0.002414 -0.00130135 0.0406901 0.999102 0.0118152 -0.00390832 -0.00289296 -0.0117071 0.999927 0.161853
0.999175 -0.0405774 0.00187554 -0.0024858 0.0405628 0.999151 0.00726467 -0.00449674 -0.00216873 -0.0071826 0.999972 0.164116
0.999199 -0.0399426 0.00245989 -0.000923683 0.0399166 0.999155 0.00983313 -0.00446814 -0.00285057 -0.00972707 0.999949 0.166973
0.999102 -0.0423147 0.0020174 -0.00186645 0.0422954 0.999066 0.00882725 -0.00468006 -0.00238904 -0.008734 0.999959 0.169161
0.999136 -0.0415436 0.00103088 -0.00260545 0.041541 0.999134 0.0024576 -0.00567147 -0.00113209 -0.00241265 0.999996 0.171674
0.999126 -0.0418003 0.00097351 -0.00203535 0.0417909 0.999093 0.00815659 -0.00496886 -0.00131357 -0.00810877 0.999966 0.174076
0.999031 -0.0439303 0.0027531 -0.000470022 0.0438834 0.99892 0.0152584 -0.0042784 -0.00342043 -0.0151228 0.99988 0.17653
0.998818 -0.0485774 0.00143108 -0.00279725 0.0485686 0.998804 0.00563937 -0.00556283 -0.00170332 -0.0055632 0.999983 0.179025
0.999059 -0.0432927 0.00250088 -0.000762674 0.0432572 0.998981 0.0128448 -0.00478077 -0.00305442 -0.0127245 0.999914 0.181676
0.999049 -0.0434716 0.00339244 -0.000252048 0.0434101 0.998921 0.0164787 -0.00446917 -0.00410513 -0.0163158 0.999858 0.184201
0.998708 -0.0507841 0.00158427 -0.00471245 0.0507786 0.998704 0.00334911 -0.00589657 -0.0017523 -0.00326434 0.999993 0.186348
0.998885 -0.047139 0.00250513 -0.00267792 0.0471083 0.998828 0.0111538 -0.0051868 -0.00302798 -0.0110234 0.999935 0.188718
0.999029 -0.0440049 0.00229719 -0.0029453 0.0439896 0.999012 0.0063219 -0.00598367 -0.00257311 -0.00621471 0.999977 0.191411
0.998735 -0.0502293 0.00214283 -0.00285729 0.050211 0.998707 0.00790225 -0.0058338 -0.00253698 -0.00778466 0.999966 0.193865
0.998841 -0.0480723 0.00249496 -0.00198799 0.0480383 0.99877 0.0122823 -0.00543942 -0.00308233 -0.0121482 0.999921 0.196356
0.998861 -0.0476655 0.00226419 -0.00278298 0.0476407 0.998815 0.00996373 -0.00575068 -0.00273643 -0.00984451 0.999948 0.198715
0.99872 -0.0505387 0.00203386 -0.00359383 0.0505332 0.998719 0.00264107 -0.00686909 -0.00216473 -0.00253491 0.999994 0.201425
0.99879 -0.0491028 0.00279365 -0.0015935 0.0490644 0.998718 0.0124591 -0.00580303 -0.00340185 -0.012307 0.999918 0.203968
0.998615 -0.05249 0.00357809 -0.00213488 0.0524238 0.998487 0.016593 -0.00514816 -0.00444364 -0.0163824 0.999856 0.206031
0.998581 -0.0530758 0.00427162 -0.0015746 0.0529836 0.998407 0.0193797 -0.0048903 -0.00529341 -0.0191259 0.999803 0.208442
0.998928 -0.0461046 0.00411962 0.000702183 0.0460155 0.998749 0.0195902 -0.00529741 -0.00501766 -0.0193796 0.9998 0.211268
0.998623 -0.0523636 0.00316925 -0.00238142 0.0523146 0.998533 0.0139647 -0.00573801 -0.00389584 -0.0137797 0.999897 0.213017
0.998826 -0.0483082 0.00351911 -0.000588656 0.0482357 0.998667 0.0183893 -0.00539948 -0.00440278 -0.018198 0.999825 0.215624
0.998604 -0.0526703 0.00409798 -0.00198575 0.0525822 0.998431 0.0192553 -0.00516176 -0.00510573 -0.0190129 0.999806 0.217645
0.998538 -0.0539886 0.00261959 -0.00398753 0.0539655 0.998509 0.00818167 -0.0066488 -0.0030574 -0.00802834 0.999963 0.220316
0.998679 -0.0512925 0.00312546 -0.00142569 0.0512373 0.998563 0.0157192 -0.00603636 -0.00392725 -0.0155383 0.999872 0.222978
0.998439 -0.0557963 0.00237262 -0.00393112 0.0557648 0.998375 0.0117603 -0.006402 -0.00302494 -0.0116096 0.999928 0.225035
0.998569 -0.0534334 0.00212482 -0.00334997 0.0534154 0.998542 0.0077739 -0.00718813 -0.0025371 -0.00764928 0.999968 0.227945
0.998786 -0.0491403 0.00336224 -0.000222509 0.0490726 0.998635 0.017916 -0.00623904 -0.00423805 -0.0177292 0.999834 0.230563
0.998431 -0.055927 0.00261161 -0.00221134 0.0558864 0.998344 0.0136398 -0.00672722 -0.00337012 -0.0134725 0.999904 0.232828
0.99847 -0.0551427 0.0040541 -0.000868999 0.0550579 0.998308 0.018683 -0.00629873 -0.00507748 -0.0184312 0.999817 0.235152
0.998578 -0.0531501 0.00407304 -0.000499101 0.0530541 0.998373 0.0208834 -0.00602403 -0.00517637 -0.0206376 0.999774 0.237535
0.997944 -0.0640415 0.00257897 -0.00350916 0.0640034 0.997867 0.0128471 -0.00704556 -0.00339622 -0.0126557 0.999914 0.239746
0.998498 -0.054659 0.00367526 -0.000165773 0.0545789 0.998325 0.0191798 -0.00663244 -0.00471745 -0.0189504 0.999809 0.242787
0.998206 -0.0598245 0.0024049 -0.00331079 0.0597845 0.99811 0.0142184 -0.00715805 -0.00325096 -0.0140491 0.999896 0.244962
0.998262 -0.0588238 0.00366063 -0.00135066 0.0587434 0.99809 0.0191452 -0.00699997 -0.00477983 -0.0188969 0.99981 0.249966
0.998024 -0.0627204 0.0037575 -0.000707608 0.0626463 0.997885 0.0173608 -0.00766752 -0.00483843 -0.0170911 0.999842 0.25453
0.998182 -0.0602028 0.00290314 -0.00262751 0.0601543 0.998082 0.0146043 -0.00795083 -0.0037768 -0.0144031 0.999889 0.2582
0.998235 -0.0593476 0.00236579 -0.00236228 0.0593217 0.998191 0.00982088 -0.00893207 -0.00294436 -0.0096632 0.999949 0.262701
0.998184 -0.0602171 0.00137462 -0.00243217 0.060198 0.998123 0.011247 -0.00898176 -0.0020493 -0.0111439 0.999936 0.267145
0.998421 -0.0560888 0.00293765 0.000438507 0.0560152 0.99821 0.0209687 -0.00809436 -0.0041085 -0.020771 0.999776 0.271684
0.998186 -0.0601829 0.00158561 -0.00115221 0.0601456 0.998033 0.0176538 -0.00849112 -0.00264495 -0.0175264 0.999843 0.275505
0.998392 -0.0566129 0.00289624 0.00135884 0.0565261 0.998105 0.0243032 -0.00809497 -0.00426663 -0.0241005 0.9997 0.280025
0.998245 -0.0591978 0.00170927 -0.000702266 0.0591593 0.998098 0.0173618 -0.00913068 -0.0027338 -0.0172302 0.999848 0.28419
0.998236 -0.0593142 0.0024314 -0.000680329 0.059262 0.998085 0.0177407 -0.00919252 -0.00347902 -0.0175653 0.99984 0.288244
0.99789 -0.0648904 0.00233378 -0.000529932 0.0648191 0.997628 0.0231781 -0.00859376 -0.00383228 -0.0229779 0.999729 0.292462
0.998037 -0.0625946 0.00202073 -0.00159997 0.0625463 0.997868 0.0186147 -0.00922737 -0.00318161 -0.0184518 0.999825 0.296604
0.997922 -0.064394 0.00219586 -0.00171521 0.0643348 0.997712 0.0207679 -0.0091639 -0.00352817 -0.0205834 0.999782 0.300598
0.997975 -0.0635544 0.00241248 -0.000392159 0.0634726 0.997658 0.0254895 -0.00876953 -0.0040268 -0.0252847 0.999672 0.305124
0.997867 -0.0652319 0.00263396 0.000991511 0.0651365 0.997506 0.0271991 -0.0089871 -0.00440164 -0.0269695 0.999627 0.313959
0.997707 -0.0676428 0.00208845 -0.000881057 0.0675726 0.99742 0.0242231 -0.00960113 -0.00372158 -0.0240264 0.999704 0.322337
0.997625 -0.0688781 0.000664465 -0.00208371 0.0688517 0.997432 0.0196971 -0.0103091 -0.00201946 -0.0196046 0.999806 0.326588
0.99769 -0.0678635 0.00290224 0.000787821 0.0677284 0.99714 0.0335486 -0.00898107 -0.00517067 -0.0332746 0.999433 0.334889
0.997707 -0.0675954 0.00342957 0.00253397 0.0674334 0.997102 0.0352183 -0.00909985 -0.00580023 -0.0349063 0.999374 0.339595
0.99759 -0.0693038 0.00334835 0.0022163 0.0691208 0.996843 0.0390672 -0.00853559 -0.00604529 -0.0387416 0.999231 0.343551
0.997426 -0.0716206 0.00357629 0.00097886 0.0714547 0.996843 0.0346132 -0.00922916 -0.00604402 -0.0342685 0.999394 0.348221
0.997251 -0.0740043 0.0037668 0.00131312 0.0738203 0.996614 0.0361989 -0.00928091 -0.00643292 -0.0358213 0.999338 0.352866
0.997399 -0.0719929 0.00359533 0.00284225 0.0717998 0.996663 0.0388394 -0.00934377 -0.00637949 -0.0384802 0.999239 0.357872
