1 0 0 -4.44089e-16 -2.77556e-17 1 4.33681e-19 1.11022e-16 0 -4.33681e-19 1 2.22045e-16
0.999992 0.00196187 0.00338655 0.00298007 -0.00198201 0.99998 0.00595429 -0.000705657 -0.0033748 -0.00596096 0.999977 0.00130812
0.999995 0.00157777 0.00287108 0.00251754 -0.00159242 0.999986 0.00510776 -0.000653812 -0.00286298 -0.0051123 0.999983 0.00110436
1 0.000723162 0.000302503 0.000428307 -0.000723587 0.999999 0.00140873 -5.70337e-05 -0.000301484 -0.00140895 0.999999 0.000203423
0.99999 0.00342172 0.00300844 0.00358937 -0.00343836 0.999979 0.00554273 -0.000818917 -0.00298941 -0.00555302 0.99998 0.00159744
0.999988 0.00344566 0.00347164 0.00362987 -0.00346967 0.99997 0.00693404 -0.000832857 -0.00344764 -0.006946 0.99997 0.00159669
0.999986 0.00420465 0.00310332 0.00401439 -0.00422715 0.999965 0.00728122 -0.000885259 -0.0030726 -0.00729424 0.999969 0.00177299
0.99999 0.00330005 0.00301129 0.00362502 -0.00332152 0.999969 0.00715284 -0.00083181 -0.00298759 -0.00716277 0.99997 0.00161447
0.99999 0.00314716 0.00327853 0.00338132 -0.00316854 0.999974 0.0065352 -0.000775622 -0.00325788 -0.00654553 0.999973 0.00149918
0.999992 0.00265552 0.0029257 0.0033472 -0.00267224 0.99998 0.00572836 -0.000764121 -0.00291043 -0.00573613 0.999979 0.00146349
0.999991 0.00285701 0.00300299 0.00353289 -0.0028741 0.99998 0.00570349 -0.000801718 -0.00298664 -0.00571208 0.999979 0.00154715
0.999999 -0.00139494 1.69874e-05 -0.000639749 0.00139496 0.999998 -0.00115933 0.000117419 -1.53702e-05 0.00115936 0.999999 -0.000319792
0.999993 0.00212245 0.00303862 0.00269469 -0.00213904 0.999983 0.005465 -0.000666806 -0.00302697 -0.00547146 0.99998 0.00118802
0.999992 0.00221219 0.00339529 0.00304498 -0.00222975 0.999984 0.00517843 -0.000704769 -0.00338378 -0.00518596 0.999981 0.00132813
0.999994 -0.00336199 -0.000196357 -0.00186966 0.00336142 0.99999 -0.00286074 0.000321971 0.000205972 0.00286006 0.999996 -0.000862619
0.999992 0.00240045 0.00304218 0.00305948 -0.00241485 0.999986 0.0047392 -0.000717098 -0.00303076 -0.00474652 0.999984 0.00131805
0.999994 -0.00334576 0.000308009 -0.00156271 0.00334614 0.999994 -0.00125391 0.000285435 -0.000303812 0.00125493 0.999999 -0.000734769
0.999989 0.00335242 0.00339544 0.00370932 -0.00337515 0.999972 0.0067109 -0.000844189 -0.00337285 -0.00672228 0.999972 0.00163909
0.999993 0.00286164 0.00247944 0.00329264 -0.00287344 0.999985 0.00476734 -0.000743509 -0.00246576 -0.00477443 0.999986 0.00143543
0.999991 0.00273379 0.00314573 0.00354094 -0.0027542 0.999975 0.00650177 -0.000822057 -0.00312788 -0.00651038 0.999974 0.00154089
0.999992 0.00218888 0.00326976 0.00318444 -0.00220625 0.999983 0.00531805 -0.000721486 -0.00325806 -0.00532523 0.999981 0.00140006
0.999999 -0.00111513 0.000439825 -0.000296184 0.00111524 0.999999 -0.000252379 6.33189e-05 -0.000439543 0.00025287 1 -0.000187193
0.999999 -0.00108287 0.000666135 -0.000217431 0.0010826 0.999999 0.000399892 2.07994e-05 -0.000666568 -0.000399171 1 -0.000151875
0.999997 -0.00261076 -8.04844e-05 -0.00117115 0.00261059 0.999995 -0.00201554 0.000223356 8.5746e-05 0.00201533 0.999998 -0.000547665
0.999983 0.0046153 0.00342078 0.00449616 -0.00464411 0.999953 0.00846432 -0.00102255 -0.00338156 -0.00848006 0.999958 0.00199207
0.999991 0.00265122 0.00333876 0.00344122 -0.00267382 0.999973 0.00678257 -0.000786889 -0.00332069 -0.00679144 0.999971 0.0015115
0.999991 0.00301788 0.00311065 0.00365328 -0.00303725 0.999976 0.00624302 -0.000817275 -0.00309173 -0.00625241 0.999976 0.00162037
0.99999 0.00346997 0.00292345 0.00357363 -0.00348779 0.999975 0.00611128 -0.000813646 -0.00290217 -0.00612141 0.999977 0.00156141
0.999991 0.00330416 0.00258415 0.00350279 -0.00331563 0.999985 0.00444631 -0.000798702 -0.00256942 -0.00445483 0.999987 0.00154266
0.999988 0.00347345 0.00347324 0.00369875 -0.00349638 0.999972 0.00661763 -0.000843327 -0.00345016 -0.0066297 0.999972 0.00161685
0.999992 0.0015707 0.00365705 0.00270439 -0.0015949 0.999977 0.00662614 -0.000667193 -0.00364656 -0.00663192 0.999971 0.00117761
0.999992 0.00298766 0.0027963 0.00355624 -0.00300406 0.999978 0.00588233 -0.000809655 -0.00277867 -0.00589068 0.999979 0.00156442
0.999993 0.00212973 0.00314644 0.00305883 -0.00214381 0.999988 0.00447848 -0.000728451 -0.00313686 -0.0044852 0.999985 0.00132793
0.999993 0.00227492 0.00286204 0.00301068 -0.00228663 0.999989 0.00409592 -0.000708318 -0.00285269 -0.00410243 0.999988 0.00128959
0.999989 0.00277066 0.00365352 0.00371008 -0.00279513 0.999974 0.00671198 -0.000844045 -0.00363483 -0.00672212 0.999971 0.00162144
0.999989 0.00340964 0.00316205 0.00384393 -0.00343168 0.99997 0.00698967 -0.000841015 -0.00313812 -0.00700045 0.999971 0.00168864
0.99999 0.00301866 0.00337333 0.00375541 -0.00304101 0.999973 0.00664059 -0.000851213 -0.0033532 -0.00665078 0.999972 0.0016442
0.999988 0.00365681 0.00337356 0.00398396 -0.00367837 0.999973 0.00640637 -0.000886686 -0.00335004 -0.0064187 0.999974 0.00174291
0.999992 0.00203386 0.00331466 0.00312624 -0.0020509 0.999985 0.00514656 -0.000740055 -0.00330414 -0.00515332 0.999981 0.00134966
0.999992 0.00224014 0.00329373 0.00280876 -0.00226211 0.999975 0.00668238 -0.000686367 -0.00327868 -0.00668978 0.999972 0.00120356
0.999998 -0.00209072 0.000671819 -0.00109095 0.00208994 0.999997 0.00114587 0.000204202 -0.000674213 -0.00114446 0.999999 -0.000532275
0.999992 0.00206153 0.0035501 0.00294683 -0.00208643 0.999973 0.00702431 -0.000722076 -0.00353552 -0.00703166 0.999969 0.00127304
0.999992 0.00236922 0.00325557 0.0033133 -0.00238387 0.999987 0.00450405 -0.000769404 -0.00324485 -0.00451177 0.999985 0.00142499
0.999991 0.00261851 0.00337029 0.00330471 -0.00263729 0.999981 0.00557869 -0.000761679 -0.00335562 -0.00558753 0.999979 0.0014249
0.999999 -0.00119362 6.3003e-05 -0.000610122 0.00119366 0.999999 -0.000726324 0.000149716 -6.21359e-05 0.000726398 1 -0.000291123
0.999992 0.00235842 0.00309404 0.00327716 -0.00237254 0.999987 0.00456665 -0.000761238 -0.00308323 -0.00457395 0.999985 0.00142433
0.999998 -0.0019357 0.000119103 -0.000858167 0.00193598 0.999995 -0.00234583 0.000160276 -0.000114561 0.00234606 0.999997 -0.000435615
0.999989 0.00371415 0.00298569 0.00365904 -0.00373448 0.99997 0.00683404 -0.000811095 -0.00296022 -0.00684511 0.999972 0.00161903
0.999993 0.00246641 0.00298439 0.00316918 -0.0024848 0.999978 0.00617464 -0.00076511 -0.00296909 -0.00618201 0.999976 0.00136904
0.999995 0.00140469 0.00269523 0.00238164 -0.00141425 0.999993 0.00355041 -0.000627092 -0.00269022 -0.00355421 0.99999 0.00100613
0.999993 0.00167237 0.0033582 0.00314598 -0.00168765 0.999988 0.00455423 -0.000737368 -0.00335054 -0.00455987 0.999984 0.00136393
1 -0.000621253 0.000218795 -0.000683538 0.000621132 1 0.000555815 0.000135329 -0.00021914 -0.000555679 1 -0.000302766
0.999938 0.0109756 0.00160278 0.00256919 -0.0109669 0.999926 -0.00530668 -0.000266977 -0.0016609 0.00528878 0.999985 0.00220025
0.999973 0.00632651 0.00364053 0.00381385 -0.00629924 0.999952 -0.00745537 -0.000260425 -0.00368753 0.00743224 0.999966 0.00608725
0.999909 0.00878366 0.0102198 -0.00102546 -0.00892957 0.999858 0.0143205 0.00110842 -0.0100925 -0.0144104 0.999845 0.00751272
0.999918 0.00510924 0.0117278 -0.000637759 -0.00526533 0.999897 0.0133169 0.00104605 -0.0116586 -0.0133776 0.999843 0.0101024
0.999934 0.000889011 0.0114884 -0.00261434 -0.000999041 0.999954 0.00957527 0.00143686 -0.0114793 -0.00958611 0.999888 0.0128911
0.999931 -0.00131654 0.0116944 -0.00299496 0.00124101 0.999978 0.00646324 0.00155532 -0.0117027 -0.00644828 0.999911 0.0158858
0.99992 0.00126346 0.0125815 -0.00221798 -0.00136965 0.999963 0.00843496 0.00147959 -0.0125704 -0.00845152 0.999885 0.0199353
0.999892 0.000798063 0.0146869 -0.000280102 -0.00102951 0.999875 0.015758 0.001232 -0.0146725 -0.0157714 0.999768 0.0242811
0.999888 0.00306815 0.0146642 0.000420839 -0.00335099 0.999808 0.0193018 0.00118358 -0.0146022 -0.0193488 0.999706 0.0280683
0.999867 0.00263018 0.016115 0.00260527 -0.00306777 0.999626 0.0271898 0.000836931 -0.0160375 -0.0272356 0.9995 0.0323699
0.999887 -0.00162032 0.0149733 9.28297e-05 0.00139356 0.999884 0.0151419 0.0014078 -0.0149961 -0.0151194 0.999773 0.0347042
0.999828 0.00688004 0.0172295 0.00514213 -0.00747034 0.999379 0.0344343 0.000592091 -0.0169818 -0.0345571 0.999258 0.040341
0.999844 0.00462357 0.0170188 0.0018898 -0.00508197 0.999623 0.026991 0.00119229 -0.0168876 -0.0270733 0.999491 0.0422979
0.999859 0.00343306 0.0164072 0.00113745 -0.00381718 0.999718 0.023438 0.00151769 -0.0163221 -0.0234973 0.999591 0.0453761
0.999852 0.0030634 0.0169108 0.000542691 -0.00343869 0.999747 0.0222082 0.0016853 -0.0168385 -0.022263 0.99961 0.0485351
0.999876 0.000136346 0.0157455 -0.000771788 -0.000410583 0.999848 0.0174149 0.00212087 -0.0157407 -0.0174192 0.999724 0.0512782
0.999878 -0.00288985 0.0153525 -0.00207927 0.00263169 0.999855 0.0168091 0.00247603 -0.0153989 -0.0167667 0.999741 0.0541189
0.999874 -0.00521318 0.0149869 -0.00212176 0.00499475 0.999881 0.0145758 0.00268265 -0.0150611 -0.0144991 0.999781 0.0578206
0.999877 -0.00424668 0.0150692 -0.00112422 0.00393761 0.999783 0.0204804 0.0025804 -0.0151529 -0.0204185 0.999677 0.0617833
0.999879 -0.00462166 0.0148851 -0.000211637 0.00423958 0.999663 0.0255983 0.00254585 -0.0149984 -0.0255321 0.999561 0.0656558
0.999859 -0.00195429 0.0166728 0.00256011 0.00139099 0.99943 0.0337306 0.00206345 -0.0167292 -0.0337026 0.999292 0.0702131
0.999887 -0.000916959 0.0149794 0.00259537 0.000398274 0.999401 0.0345929 0.00216818 -0.0150022 -0.034583 0.999289 0.0737269
0.999898 -0.00242485 0.0140516 -0.000906549 0.00207258 0.999685 0.0250304 0.00290463 -0.0141078 -0.0249987 0.999588 0.075659
0.999915 -0.00836986 0.0099793 -0.00285431 0.00823486 0.999875 0.0134937 0.00335932 -0.010091 -0.0134103 0.999859 0.0782599
0.999924 -0.007659 0.00962597 -0.00247157 0.00758421 0.999941 0.00778207 0.00344299 -0.009685 -0.00770848 0.999923 0.0818046
0.999895 -0.0121588 0.00786218 -0.00617873 0.0121594 0.999926 -3.3202e-05 0.00416547 -0.00786119 0.000128798 0.999969 0.0838428
0.99995 -0.00455806 0.00887482 -0.00125163 0.00456544 0.999989 -0.000811398 0.00340604 -0.00887103 0.000851875 0.99996 0.0891807
0.999935 -0.00810573 0.00802014 -0.00176929 0.00812501 0.999964 -0.00237534 0.00354257 -0.0080006 0.00244035 0.999965 0.0928444
0.99979 -0.0180589 0.00970997 -0.00630855 0.0180137 0.999827 0.00473076 0.00480078 -0.00979372 -0.00455485 0.999942 0.094508
0.999938 -0.00941748 0.00589587 -0.000783361 0.009437 0.99995 -0.00329077 0.00344049 -0.00586458 0.0033462 0.999977 0.10025
0.99995 -0.00796782 0.00601712 0.000215721 0.00795916 0.999967 0.00146145 0.00331484 -0.00602856 -0.00141348 0.999981 0.104118
0.999973 0.000272631 0.00740825 0.0022977 -0.000319494 0.99998 0.00632529 0.00292302 -0.00740638 -0.00632748 0.999953 0.108587
0.999815 -0.01755 0.00783268 -0.00375952 0.0174367 0.999746 0.0142945 0.0041704 -0.00808155 -0.0141553 0.999867 0.109464
0.999768 -0.0171693 0.0130394 -0.00154614 0.0168754 0.999608 0.0223259 0.00388983 -0.0134176 -0.0221007 0.999666 0.113764
0.99966 -0.0248349 0.00788673 -0.007743 0.0247842 0.999672 0.00646459 0.00521638 -0.00804469 -0.00626692 0.999948 0.1147
0.99963 -0.0259513 0.00809627 -0.00746694 0.0259061 0.999648 0.00564932 0.0052154 -0.00824004 -0.00543749 0.999951 0.118321
0.999634 -0.0241259 0.012202 -0.00819768 0.0239839 0.999644 0.0116559 0.005413 -0.0124788 -0.0113589 0.999858 0.121418
0.999597 -0.0260864 0.0112117 -0.00868834 0.0260376 0.999651 0.00448068 0.0055394 -0.0113247 -0.00418695 0.999927 0.1247
0.999537 -0.0277507 0.0124585 -0.00739724 0.0276533 0.999586 0.00792425 0.00538623 -0.0126732 -0.00757606 0.999891 0.129054
0.999612 -0.0236599 0.0146679 -0.00675418 0.0234565 0.999628 0.0138913 0.00537038 -0.0149911 -0.0135419 0.999796 0.132966
0.999571 -0.0247168 0.0157114 -0.00442954 0.024418 0.999523 0.0189328 0.00497898 -0.0161718 -0.0185411 0.999697 0.137547
0.99953 -0.0262661 0.015832 -0.00392804 0.0259061 0.99941 0.0225294 0.00487868 -0.0164144 -0.0221086 0.999621 0.141009
0.999583 -0.0224625 0.0181183 -0.00145475 0.0218268 0.999164 0.0345543 0.00453497 -0.0188794 -0.0341444 0.999239 0.145485
0.999383 -0.029374 0.0192708 0.000347201 0.0286081 0.998834 0.0388859 0.00425383 -0.0203906 -0.0383105 0.999058 0.149491
0.999604 -0.0210764 0.0186184 -0.00020086 0.0203352 0.999027 0.0391408 0.00434954 -0.0194252 -0.0387467 0.99906 0.152909
0.999556 -0.0221557 0.0199308 -0.00120288 0.0213638 0.999007 0.039106 0.0047068 -0.0207774 -0.0386628 0.999036 0.155804
0.999618 -0.0195488 0.0195399 0.000434667 0.0187672 0.999047 0.0394121 0.00437019 -0.0202917 -0.0390304 0.999032 0.159917
0.999452 -0.0263804 0.0199759 -0.00197168 0.0256376 0.999002 0.0365698 0.00493605 -0.0209207 -0.0360377 0.999131 0.162371
0.999266 -0.0333546 0.0188231 -0.00541927 0.0328306 0.999083 0.027491 0.00562163 -0.0197228 -0.0268528 0.999445 0.164544
0.999365 -0.0299807 0.0192375 -0.00216933 0.0291466 0.998681 0.0422628 0.00506204 -0.0204792 -0.0416752 0.998921 0.170149
0.99947 -0.0261738 0.0193523 6.71137e-05 0.0252816 0.998667 0.0449949 0.00486964 -0.0205042 -0.0444818 0.9988 0.174976
0.999455 -0.0269614 0.0190392 1.81624e-05 0.0259934 0.998442 0.0493777 0.00494773 -0.0203408 -0.0488559 0.998599 0.179131
0.999525 -0.0226394 0.020913 0.00430491 0.0214615 0.99826 0.0549267 0.00415906 -0.0221201 -0.0544518 0.998271 0.184838
0.999207 -0.0349896 0.0190037 -0.00288675 0.0343093 0.998798 0.0350193 0.00563003 -0.0202061 -0.0343395 0.999206 0.186281
0.999268 -0.032313 0.020486 0.00155509 0.0312159 0.99817 0.0517835 0.00497553 -0.0221218 -0.0511061 0.998448 0.191976
0.999252 -0.0325978 0.0208161 0.00254797 0.0314519 0.998089 0.0531877 0.0048346 -0.0225101 -0.0524932 0.998368 0.196291
0.999294 -0.0326248 0.0186181 -0.00107622 0.0318457 0.998663 0.0407121 0.00558378 -0.0199215 -0.0400905 0.998997 0.199169
0.999109 -0.0380749 0.0181996 -0.00294524 0.0373995 0.998648 0.0361131 0.00597161 -0.0195499 -0.0354003 0.999182 0.202614
0.999069 -0.0414951 0.0117727 -0.00631651 0.0413148 0.999031 0.0151666 0.00791615 -0.0123906 -0.0146661 0.999816 0.20217
0.998929 -0.044973 0.0109212 -0.00693373 0.0448235 0.998903 0.0135643 0.0121002 -0.0115192 -0.0130602 0.999848 0.201494
0.998836 -0.0466748 0.012155 -0.00439276 0.0464205 0.998713 0.0204225 0.0153 -0.0130926 -0.0198345 0.999718 0.202195
0.999357 -0.0352268 0.00673646 -0.00114737 0.0351899 0.999365 0.00551926 0.0183141 -0.00692661 -0.00527865 0.999962 0.202844
0.999319 -0.0360344 0.00794205 -0.000218792 0.0359471 0.999294 0.0108785 0.0220835 -0.00832845 -0.0105856 0.999909 0.202875
0.999343 -0.0324986 0.0160468 0.00667478 0.0316904 0.998331 0.0482816 0.0249894 -0.0175891 -0.0477414 0.998705 0.204887
0.998844 -0.0445444 0.0180568 0.00372759 0.0435637 0.997723 0.0514829 0.029506 -0.020309 -0.0506368 0.998511 0.2034
0.99934 -0.0319308 0.0173329 0.00483527 0.0310601 0.998346 0.0483727 0.0331855 -0.0188488 -0.0478024 0.998679 0.203596
0.999837 -0.0138732 0.0115638 0.0146443 0.0134874 0.999371 0.0327967 0.0333801 -0.0120116 -0.0326354 0.999395 0.207298
0.999572 -0.0224531 0.0187448 0.00935849 0.021394 0.998262 0.0549083 0.0319809 -0.019945 -0.0544838 0.998315 0.204287
0.998909 -0.045026 0.0124071 0.0013597 0.0446012 0.998472 0.0326159 0.029445 -0.0138567 -0.032027 0.999391 0.202011
0.999403 -0.0316436 0.0138416 0.0067985 0.0309791 0.998468 0.0458366 0.0243315 -0.0152708 -0.0453804 0.998853 0.204219
0.999279 -0.0366235 0.0100463 0.00589379 0.036288 0.998837 0.0317603 0.0202755 -0.0111978 -0.0313729 0.999445 0.204427
0.999779 -0.0177861 0.011188 0.0052093 0.0174789 0.999483 0.026979 0.0166003 -0.0116621 -0.0267775 0.999573 0.204382
0.999667 -0.0196023 0.0167818 0.0107268 0.0187543 0.998609 0.0492822 0.0116016 -0.0177245 -0.048951 0.998644 0.20633
0.999778 -0.0183559 0.0103563 0.00354232 0.0181548 0.999651 0.0191841 0.0093776 -0.0107048 -0.0189919 0.999762 0.204356
0.999824 -0.0155409 0.0105221 0.00430024 0.0153297 0.999685 0.0198581 0.00551016 -0.0108274 -0.0196933 0.999747 0.204609
0.999498 -0.0304559 0.00873885 0.000627739 0.0303417 0.999456 0.0129191 0.00262111 -0.00912756 -0.0126475 0.999878 0.203676
0.999486 -0.0310833 0.00781938 -0.00206371 0.0310259 0.999491 0.00736455 -0.000467055 -0.00804431 -0.00711817 0.999942 0.203016
0.999496 -0.030774 0.00775561 -0.00234536 0.0307213 0.999505 0.00681819 -0.00422824 -0.00796159 -0.00657649 0.999947 0.203039
0.998879 -0.0466024 0.00833855 -0.00904721 0.0465266 0.998876 0.00906125 -0.00702422 -0.00875145 -0.00866313 0.999924 0.200801
0.99909 -0.0403058 0.0139684 -0.00695247 0.0399695 0.998923 0.0235742 -0.0116404 -0.0149036 -0.0229944 0.999624 0.201884
0.999129 -0.0371996 0.0189157 -0.00594063 0.036508 0.998696 0.0356807 -0.0159895 -0.0202183 -0.0349591 0.999184 0.20254
0.998854 -0.0436221 0.0197037 -0.00814529 0.0428042 0.998275 0.0401776 -0.0198722 -0.0214223 -0.0392882 0.998998 0.201934
0.999002 -0.0403536 0.0191291 -0.00880925 0.0396535 0.998577 0.0356683 -0.023947 -0.0205412 -0.0348742 0.999181 0.20196
0.999097 -0.0379328 0.019141 -0.00974765 0.0373192 0.998808 0.031458 -0.0273602 -0.0203115 -0.0307153 0.999322 0.202087
0.998993 -0.0398118 0.0206952 -0.00857354 0.0390927 0.998655 0.0340633 -0.030796 -0.0220235 -0.0332199 0.999205 0.202979
0.99905 -0.0392319 0.0189659 -0.0100596 0.038649 0.998797 0.03018 -0.0340956 -0.0201271 -0.0294184 0.999365 0.202757
0.999193 -0.0357182 0.018346 -0.00976745 0.0351659 0.998943 0.0295911 -0.038034 -0.0193836 -0.0289221 0.999394 0.203147
0.999001 -0.039912 0.0200942 -0.00952142 0.0391029 0.998467 0.0391648 -0.0422329 -0.0216266 -0.0383399 0.999031 0.203446
0.99889 -0.0426355 0.0200105 -0.0123454 0.0418005 0.998307 0.0404409 -0.0458094 -0.0217008 -0.0395596 0.998982 0.20268
0.998907 -0.0431599 0.017968 -0.0136024 0.0424602 0.998388 0.0376539 -0.0497949 -0.0195642 -0.0368498 0.999129 0.202638
0.998234 -0.0582903 0.0114099 -0.0182002 0.0580786 0.998148 0.0180837 -0.0494464 -0.0124429 -0.0173891 0.999771 0.205767
0.998755 -0.0477846 0.0142988 -0.0145184 0.0473387 0.998427 0.0300509 -0.0500957 -0.0157122 -0.0293366 0.999446 0.211181
0.998288 -0.0562859 0.0159313 -0.0157032 0.0557028 0.997836 0.0349461 -0.049766 -0.0178638 -0.0339989 0.999262 0.215025
0.998347 -0.0554492 0.0151483 -0.0174601 0.0550058 0.998086 0.0282661 -0.0493581 -0.0166867 -0.0273862 0.999486 0.218566
0.998028 -0.0606883 0.0160412 -0.0178767 0.0602676 0.997856 0.025527 -0.0492598 -0.017556 -0.0245098 0.999545 0.222525
0.998377 -0.0543675 0.0169518 -0.0174321 0.0539202 0.998212 0.0258129 -0.0492869 -0.0183249 -0.024857 0.999523 0.226636
0.998225 -0.056849 0.0177291 -0.0172392 0.0563504 0.998033 0.0274586 -0.0493499 -0.0192552 -0.0264108 0.999466 0.230894
0.997873 -0.0627821 0.0175549 -0.0187167 0.0623184 0.997722 0.0258204 -0.0490877 -0.019136 -0.0246715 0.999512 0.234501
0.998161 -0.0578748 0.0180307 -0.0167019 0.0572846 0.997855 0.0316905 -0.0494438 -0.0198261 -0.0305993 0.999335 0.239309
0.998239 -0.0565794 0.0178116 -0.0182193 0.0559788 0.9979 0.0325856 -0.0491814 -0.0196179 -0.0315311 0.99931 0.24284
0.998153 -0.0578738 0.0184541 -0.0147579 0.0570524 0.997475 0.0423012 -0.0497682 -0.0208556 -0.0411703 0.998934 0.248204
0.998343 -0.0544104 0.0187548 -0.01408 0.0535437 0.997597 0.0439755 -0.0498051 -0.0211025 -0.0428985 0.998857 0.252502
0.998189 -0.0571699 0.0187169 -0.013958 0.0562399 0.997314 0.0469269 -0.0497521 -0.0213494 -0.0457893 0.998723 0.256698
0.998604 -0.0490943 0.019486 -0.0119811 0.048106 0.997674 0.0483008 -0.0500668 -0.021812 -0.047296 0.998643 0.261417
0.998061 -0.0595068 0.0182735 -0.0150963 0.0586675 0.997331 0.0434636 -0.0495582 -0.0208111 -0.0423073 0.998888 0.264409
0.997851 -0.0624213 0.0199439 -0.0143016 0.0613689 0.996881 0.0496196 -0.0497452 -0.0229791 -0.048289 0.998569 0.269103
0.997804 -0.063197 0.0198489 -0.0146778 0.0621388 0.996812 0.0500424 -0.0496671 -0.0229482 -0.0486991 0.99855 0.273129
0.997915 -0.0616501 0.0190858 -0.0145709 0.0607407 0.997137 0.0450361 -0.0497639 -0.0218077 -0.0437829 0.998803 0.277141
0.99771 -0.0654233 0.0171831 -0.016812 0.0647971 0.997293 0.0347706 -0.0493874 -0.0194114 -0.0335775 0.999248 0.280447
0.997816 -0.0632598 0.0190073 -0.0166741 0.0624552 0.997234 0.0403031 -0.0493178 -0.0215043 -0.0390279 0.999007 0.284556
0.997339 -0.0701374 0.0199089 -0.0176222 0.0691951 0.996605 0.0446173 -0.0489914 -0.0229707 -0.0431209 0.998806 0.288257
0.997384 -0.0693135 0.0204893 -0.0165061 0.0682752 0.996528 0.047644 -0.0490261 -0.0237205 -0.0461204 0.998654 0.292967
0.997733 -0.0633237 0.0228001 -0.0121403 0.0619293 0.996429 0.0573986 -0.0496935 -0.0263534 -0.0558565 0.998091 0.298564
0.997655 -0.0650381 0.0213281 -0.0133003 0.0636304 0.996101 0.0611087 -0.0494215 -0.0252193 -0.0596083 0.997903 0.301996
0.997924 -0.0608811 0.0209878 -0.0126043 0.0596104 0.996615 0.0566176 -0.0494333 -0.0243637 -0.055249 0.998175 0.306429
0.998412 -0.0516134 0.0225657 -0.0103792 0.0499962 0.996489 0.0671537 -0.0496875 -0.0259525 -0.0659189 0.997487 0.311301
0.998575 -0.0482223 0.0228541 -0.00838132 0.046434 0.996236 0.0732027 -0.0499488 -0.0262981 -0.0720372 0.997055 0.316098
0.998765 -0.0439721 0.0231282 -0.00559358 0.0419077 0.995649 0.0832226 -0.0503477 -0.026687 -0.0821506 0.996263 0.321079
0.998749 -0.0449716 0.0218426 -0.00281565 0.0430353 0.995684 0.0822263 -0.0506801 -0.0254462 -0.0811834 0.996374 0.325889
0.997931 -0.0604931 0.0217886 -0.00773958 0.0588131 0.995749 0.0708874 -0.0497687 -0.0259842 -0.0694593 0.997246 0.328851
0.997974 -0.0611199 0.0176803 -0.0115132 0.0601226 0.99682 0.0523028 -0.04898 -0.0208208 -0.0511338 0.998475 0.331652
0.99779 -0.0654056 0.0117476 -0.0152111 0.0650546 0.997485 0.0281216 -0.0483211 -0.0135574 -0.0272952 0.999535 0.334596
0.997672 -0.0671734 0.0117295 -0.0153526 0.0668126 0.997349 0.0288383 -0.0482364 -0.0136356 -0.0279875 0.999515 0.338619
0.996865 -0.0775862 0.0155412 -0.0186731 0.0768456 0.996088 0.0436283 -0.0472032 -0.0188654 -0.0422972 0.998927 0.341679
0.996893 -0.0769413 0.0168398 -0.0164217 0.0759273 0.995635 0.0542783 -0.0475573 -0.0209425 -0.0528311 0.998384 0.346611
0.995692 -0.09115 0.0169766 -0.0153286 0.0899997 0.994174 0.0593108 -0.0476248 -0.0222839 -0.0575274 0.998095 0.3512
0.996051 -0.0872361 0.0165213 -0.0158815 0.0861637 0.994638 0.0571966 -0.0474228 -0.0214224 -0.0555472 0.998226 0.354927
0.99734 -0.0717935 0.0126227 -0.0116438 0.0711912 0.996535 0.0430128 -0.0483958 -0.015667 -0.0419998 0.998995 0.360293
0.997606 -0.0674744 0.0151229 -0.00804084 0.0666486 0.996538 0.0497066 -0.0490601 -0.0184245 -0.0485797 0.998649 0.36554
0.998556 -0.0498849 0.0199426 -0.00586184 0.0483146 0.996184 0.0726905 -0.0490549 -0.0234926 -0.071622 0.997155 0.370689
0.999106 -0.0367629 0.0208762 -0.00271211 0.0349726 0.996144 0.080464 -0.0494686 -0.0237538 -0.0796619 0.996539 0.37545
0.998007 -0.0598275 0.0200873 0.00323738 0.0578041 0.994307 0.0895095 -0.0503446 -0.0253281 -0.0881699 0.995783 0.381331
0.997199 -0.0725561 0.0181475 -0.00342177 0.0711006 0.994942 0.0709544 -0.049123 -0.0232039 -0.0694654 0.997314 0.383568
0.997772 -0.0648553 0.0156419 -0.00674145 0.0638284 0.996213 0.0590388 -0.048461 -0.0194116 -0.0579089 0.998133 0.386406
0.997319 -0.0716142 0.0150305 -0.00888368 0.0706653 0.995912 0.0562584 -0.047951 -0.018998 -0.0550454 0.998303 0.389922
0.996965 -0.076361 0.0151883 -0.010284 0.0754788 0.99579 0.0520041 -0.0476818 -0.0190954 -0.0506998 0.998531 0.393623
0.997147 -0.0734803 0.0172815 -0.00856772 0.0722087 0.99525 0.0653011 -0.0477701 -0.0219978 -0.0638669 0.997716 0.398194
0.996244 -0.0843706 0.0194657 -0.00867937 0.0823953 0.992849 0.086381 -0.0476855 -0.0266145 -0.0844527 0.996072 0.402365
0.997279 -0.0702326 0.0224049 -0.0058911 0.0676904 0.992778 0.0990489 -0.0479256 -0.0291995 -0.0972628 0.99483 0.407366
0.997383 -0.0681967 0.0240058 -0.00234505 0.0652224 0.991984 0.108234 -0.0484463 -0.0311945 -0.106385 0.993836 0.412577
0.997782 -0.0617961 0.0247603 0.000173793 0.0586391 0.991912 0.11257 -0.048724 -0.0315164 -0.110868 0.993335 0.417313
0.997928 -0.0591377 0.0253494 0.00246739 0.0556985 0.991237 0.119781 -0.0490672 -0.0322109 -0.118121 0.992477 0.422108
0.998242 -0.053576 0.0253508 0.00267846 0.0501976 0.99162 0.119035 -0.0489583 -0.0315158 -0.117554 0.992566 0.426229
0.998179 -0.0547493 0.0253155 0.00435384 0.0514206 0.991758 0.117358 -0.0491307 -0.0315321 -0.115842 0.992767 0.430789
0.998032 -0.0586156 0.0222698 0.000325969 0.0560604 0.99322 0.101843 -0.0482802 -0.0280884 -0.100394 0.994551 0.433852
0.9979 -0.0619954 0.0187658 -0.00214439 0.0600697 0.994133 0.0899552 -0.047808 -0.0242325 -0.088639 0.995769 0.437146
0.998049 -0.0595748 0.018697 -0.00476045 0.0577353 0.994534 0.0869949 -0.0472471 -0.0237776 -0.0857457 0.996033 0.440615
0.996868 -0.0767869 0.0189147 -0.0090161 0.0749663 0.993714 0.0831469 -0.0462649 -0.0251804 -0.0814685 0.996358 0.443672
0.996542 -0.0806898 0.0198274 -0.00896338 0.0788078 0.993495 0.0821958 -0.0461305 -0.0263308 -0.080349 0.996419 0.447645
0.998508 -0.0485196 0.0250394 -0.00353487 0.0457665 0.993856 0.100771 -0.046862 -0.0297749 -0.0994749 0.994594 0.454537
0.994741 -0.0997984 0.0230409 -0.0118699 0.0974392 0.991398 0.087377 -0.0447671 -0.0315628 -0.0846724 0.995909 0.457346
0.995498 -0.0918591 0.0233524 -0.0109389 0.0894421 0.991987 0.0892254 -0.045136 -0.0313614 -0.0867351 0.995738 0.462803
0.996831 -0.0758895 0.0238495 -0.0130464 0.0738674 0.994326 0.0765461 -0.0447377 -0.0295232 -0.0745418 0.996781 0.467308
0.995922 -0.0877143 0.0210944 -0.0199115 0.0863179 0.994467 0.0598742 -0.0433067 -0.0262295 -0.0578092 0.997983 0.470426
0.997627 -0.0638598 0.0257324 -0.0159439 0.0615403 0.99468 0.0826095 -0.0437851 -0.0308709 -0.0808299 0.99625 0.476748
0.99802 -0.0592561 0.0210823 -0.0270075 0.0582351 0.997237 0.0461293 -0.0417938 -0.0237575 -0.0448103 0.998713 0.478576
0.998905 -0.0444544 0.01457 -0.030462 0.0439597 0.998499 0.0326745 -0.0410702 -0.0160006 -0.0319983 0.99936 0.482634
0.999194 -0.0381088 0.0126098 -0.0325014 0.0379545 0.999204 0.0122598 -0.0407047 -0.013067 -0.0117713 0.999845 0.487386
0.996625 -0.0812466 0.0117431 -0.0406671 0.0810073 0.996521 0.0195969 -0.0391458 -0.0132944 -0.0185794 0.999739 0.490534
0.999859 -0.00557611 0.0158491 -0.0312911 0.00489567 0.999078 0.042652 -0.0406631 -0.0160723 -0.0425684 0.998964 0.497731
0.999715 -0.0226706 0.00753494 -0.0394915 0.0227471 0.999689 -0.010229 -0.0391243 -0.0073007 0.0103975 0.999919 0.501013
0.999382 -0.0343074 0.00765415 -0.044575 0.0342798 0.999405 0.00369935 -0.0382043 -0.00777651 -0.00343468 0.999964 0.505046
0.999982 -0.00231354 0.00558163 -0.0404053 0.00236908 0.999948 -0.00996463 -0.0388221 -0.00555829 0.00997767 0.999935 0.51121
0.999945 0.00802101 0.00673615 -0.0388065 -0.0080432 0.999962 0.00327328 -0.0389976 -0.00670964 -0.00332728 0.999972 0.516872
0.999886 -0.0127215 0.00818062 -0.0451436 0.0126518 0.999884 0.00852267 -0.0379507 -0.00828809 -0.0084182 0.99993 0.521019
0.999992 -0.0011004 0.00396781 -0.0441288 0.00116335 0.999873 -0.0158985 -0.0382353 -0.00394981 0.0159029 0.999866 0.526245
0.999228 0.0364452 0.0146389 -0.033871 -0.0370264 0.998448 0.0416126 -0.0383898 -0.0130996 -0.0421225 0.999027 0.530524
0.999839 0.016273 0.00757066 -0.0406105 -0.0164237 0.999659 0.0202901 -0.0308087 -0.0072379 -0.0204111 0.999765 0.527801
0.99964 0.0253722 0.00866965 -0.0395327 -0.0255406 0.999476 0.0199075 -0.0260387 -0.00816001 -0.0201217 0.999764 0.52791
0.999932 0.0104921 0.00518434 -0.0370479 -0.0105278 0.999921 0.00690644 -0.0214522 -0.00511146 -0.00696055 0.999963 0.528289
0.999826 0.0183523 0.00323036 -0.0368781 -0.0183289 0.999806 -0.00714877 -0.0171545 -0.00336093 0.00708832 0.999969 0.527829
0.999708 0.0241293 0.00102287 -0.0368305 -0.0241148 0.999632 -0.0124384 -0.00785652 -0.00132263 0.0124101 0.999922 0.527622
0.999787 0.0206484 0.000443528 -0.0379428 -0.0206403 0.999691 -0.013823 0.00291803 -0.000728814 0.0138109 0.999904 0.52692
0.999881 0.0149019 0.00408099 -0.0298709 -0.0148905 0.999885 -0.00281785 0.0117952 -0.00412252 0.00275675 0.999988 0.528485
0.99939 0.034331 0.00638603 -0.0239374 -0.0343669 0.999394 0.00558987 0.00250016 -0.00619025 -0.00580593 0.999964 0.528944
0.999685 0.024356 0.00604667 -0.0292307 -0.0243988 0.999677 0.00710214 -0.00221123 -0.00587174 -0.00724743 0.999956 0.527755
0.999745 0.0219476 0.00533107 -0.0299478 -0.0219462 0.999759 -0.000323755 -0.00724935 -0.00533689 0.000206676 0.999986 0.527908
0.999462 0.0325456 0.00395036 -0.032524 -0.0325155 0.999443 -0.00744875 -0.0124484 -0.00419059 0.0073163 0.999964 0.527436
0.999798 0.0175705 0.00973975 -0.0353988 -0.0177133 0.999734 0.0147705 -0.0166486 -0.00947764 -0.0149401 0.999843 0.526858
0.999982 -0.00196625 0.00572356 -0.0418894 0.00200216 0.999978 -0.00627476 -0.0197419 -0.0057111 0.00628611 0.999964 0.525596
0.99973 0.0217159 0.00827142 -0.0317967 -0.021706 0.999764 -0.00127768 -0.0262213 -0.00829721 0.0010978 0.999965 0.52854
0.999637 0.026486 0.00501123 -0.0369706 -0.0264283 0.999588 -0.0112403 -0.0308141 -0.00530687 0.0111038 0.999924 0.527602
0.999977 0.000409415 0.00677275 -0.0428621 -0.000379481 0.99999 -0.00442036 -0.034961 -0.0067745 0.00441769 0.999967 0.526408
0.999627 0.026625 0.00604672 -0.0377509 -0.0265904 0.99963 -0.00572985 -0.0412205 -0.00619704 0.00556693 0.999965 0.527863
0.999907 0.0120212 0.00641127 -0.0423837 -0.0119977 0.999921 -0.0036902 -0.045817 -0.00645513 0.00361294 0.999973 0.527055
0.999813 0.0176931 0.00783565 -0.0387047 -0.0176988 0.999843 0.000663247 -0.0548817 -0.00782268 -0.000801805 0.999969 0.52827
0.999975 -0.00100557 0.00703674 -0.0457797 0.000991875 0.999998 0.00194931 -0.0646618 -0.00703868 -0.00194228 0.999973 0.527139
0.99996 0.00469682 0.00764853 -0.0461187 -0.00466106 0.999978 -0.00468603 -0.0809217 -0.00767037 0.00465019 0.99996 0.527467
0.999832 0.0169614 0.00700406 -0.0453911 -0.0169074 0.999827 -0.00770192 -0.0856553 -0.00713349 0.00758221 0.999946 0.527509
0.999915 0.0107657 0.00741743 -0.0470092 -0.0106855 0.999885 -0.0107698 -0.0897846 -0.00753252 0.0106897 0.999914 0.527417
0.999958 -0.00672485 0.00614945 -0.0514907 0.00674157 0.999974 -0.002703 -0.0896845 -0.00613111 0.00274435 0.999977 0.527589
0.999922 -0.0107954 0.00624596 -0.0519668 0.0108274 0.999928 -0.00511424 -0.085662 -0.0061903 0.00518147 0.999967 0.529129
0.999931 0.0114266 0.00280958 -0.0493814 -0.011374 0.999772 -0.0180753 -0.0815046 -0.00301548 0.0180421 0.999833 0.52974
0.999942 0.00891399 0.00610702 -0.0437277 -0.00888799 0.999951 -0.00427108 -0.0768113 -0.0061448 0.00421655 0.999972 0.53093
0.999955 0.00810413 0.00486438 -0.0489055 -0.00806901 0.999942 -0.00719809 -0.0708925 -0.00492243 0.00715851 0.999962 0.529409
0.999884 0.0132243 0.0075856 -0.044286 -0.0132519 0.999906 0.00360236 -0.0661852 -0.00753725 -0.00370247 0.999965 0.530364
0.999901 -0.0140038 0.00164474 -0.0515972 0.014038 0.999636 -0.0230507 -0.0596958 -0.00132135 0.0230715 0.999733 0.528653
0.999784 0.0206684 0.00239762 -0.0455178 -0.0206223 0.999628 -0.0178591 -0.0557092 -0.00276585 0.0178057 0.999838 0.529663
0.999806 0.019417 0.00324946 -0.0418933 -0.0193731 0.999728 -0.0130175 -0.0519918 -0.00350134 0.012952 0.99991 0.530896
0.999651 0.0252748 0.00769036 -0.0405644 -0.0253058 0.999672 0.00396836 -0.0517348 -0.00758753 -0.00416158 0.999963 0.537782
0.999686 0.023943 0.007372 -0.0417338 -0.023961 0.99971 0.00235637 -0.0516086 -0.00731344 -0.00253227 0.99997 0.54258
0.999823 0.0164026 0.0092412 -0.0421503 -0.0165512 0.999731 0.0162409 -0.0514295 -0.00897232 -0.016391 0.999825 0.547894
0.999739 0.0223646 0.00470551 -0.0446815 -0.0222859 0.999621 -0.016172 -0.0512026 -0.0050654 0.0160629 0.999858 0.552534
0.999696 0.0240577 0.00545755 -0.0439001 -0.0240401 0.999706 -0.00325855 -0.0512604 -0.00553433 0.00312636 0.99998 0.557666
0.999754 0.0208511 0.00759995 -0.0443562 -0.0208725 0.999778 0.0027435 -0.0512593 -0.00754106 -0.00290146 0.999967 0.562421
0.9995 0.0314143 0.00353221 -0.0458613 -0.0313838 0.999472 -0.00838004 -0.0509005 -0.0037936 0.008265 0.999959 0.572864
0.999124 0.0416353 0.00429773 -0.0395045 -0.0416381 0.999133 0.000568339 -0.051744 -0.00427034 -0.00074679 0.999991 0.585056
0.99896 0.0449958 0.00740949 -0.03661 -0.0451873 0.998583 0.0281115 -0.0522123 -0.00613409 -0.028417 0.999577 0.591003
0.999131 0.040843 0.00825563 -0.0387296 -0.041041 0.998834 0.025433 -0.0519708 -0.00720724 -0.0257498 0.999642 0.595636
0.973915 -0.226721 -0.00931576 -0.012354 0.218925 0.949636 -0.224194 -0.0576754 0.0596761 0.216306 0.9745 0.608519
0.979209 -0.202661 -0.0088662 -0.0224797 0.196713 0.959328 -0.20247 -0.0559255 0.0495383 0.196516 0.979248 0.61235
0.983262 -0.18179 -0.0121461 -0.0123167 0.174258 0.957796 -0.228608 -0.0576439 0.0531922 0.222665 0.973443 0.620284
0.979812 -0.199461 -0.0135211 -0.00887229 0.191067 0.954187 -0.23026 -0.0580601 0.0588296 0.223028 0.973035 0.625912
0.999719 -0.0106858 0.02116 -0.0165687 0.00864535 0.995509 0.0942766 -0.0552379 -0.0220724 -0.0940672 0.995321 0.629284
0.994283 -0.105421 -0.0169548 -0.014914 0.0997352 0.973645 -0.205104 -0.0566914 0.0381302 0.20224 0.978593 0.635383
0.999794 -0.00189814 0.0201943 -0.0142464 -0.00023753 0.994448 0.105232 -0.0554371 -0.0202819 -0.105215 0.994243 0.640517
0.999354 -0.0286189 0.0217225 -0.0112471 0.026008 0.993346 0.112196 -0.0558256 -0.0247889 -0.111559 0.993449 0.646093
0.999772 -0.00604248 0.0204905 -0.00645831 0.0034785 0.992409 0.12293 -0.0564458 -0.0210778 -0.12283 0.992204 0.652808
0.999217 -0.0340184 0.0201793 -0.00681336 0.0314426 0.992688 0.116541 -0.0561707 -0.0239963 -0.115815 0.992981 0.658344
0.999751 -0.0112231 0.019306 -0.00114134 0.00850673 0.99075 0.135435 -0.0568931 -0.0206474 -0.135237 0.990598 0.66969
0.999575 -0.0160698 0.0243144 -0.00343315 0.0124217 0.98959 0.143378 -0.056198 -0.0263653 -0.143015 0.989369 0.679845
0.997549 -0.0641306 -0.0279788 -0.00111378 0.0550162 0.965996 -0.252637 -0.0581077 0.0432292 0.250478 0.967157 0.691159
0.996751 -0.07487 -0.0297074 0.00530121 0.0641308 0.9608 -0.269722 -0.0593966 0.048737 0.26694 0.96248 0.697785
0.999695 -0.00628965 0.0238739 0.00573409 0.00260124 0.988456 0.151487 -0.0575836 -0.0245511 -0.151379 0.988171 0.702368
0.997196 -0.0687374 -0.0296012 0.00872919 0.0581609 0.960679 -0.271503 -0.0595712 0.0470997 0.26902 0.961982 0.713911
0.99969 -0.00337781 0.0246527 0.00948446 -0.00050049 0.987813 0.155641 -0.057671 -0.024878 -0.155606 0.987506 0.724333
0.99951 0.0203941 0.0237371 0.0164382 -0.0239824 0.986447 0.16232 -0.0579293 -0.020105 -0.16281 0.986453 0.741635
0.997321 -0.0668857 -0.0296215 0.0132805 0.0563821 0.960846 -0.271284 -0.0590973 0.0466067 0.268888 0.962043 0.751837
0.999692 0.00579391 0.0241296 0.0264917 -0.0101183 0.983031 0.183159 -0.0587263 -0.022659 -0.183346 0.982787 0.769819
0.998722 -0.0362027 -0.0352628 0.0128828 0.0248884 0.959596 -0.280277 -0.0580945 0.0439848 0.279041 0.959271 0.777843
0.999475 -0.0246024 0.0210621 0.019512 0.0205578 0.984461 0.174396 -0.0572701 -0.0250254 -0.173871 0.98445 0.789315
0.998138 -0.0518882 -0.0320748 0.0268988 0.0400015 0.953715 -0.29804 -0.060561 0.046055 0.296202 0.954014 0.800685
0.998538 -0.0424682 -0.0334336 0.0194971 0.0305284 0.953602 -0.299519 -0.058676 0.0446024 0.298061 0.953504 0.815176
0.998748 -0.0380052 -0.0325421 0.0257598 0.0264884 0.95341 -0.300512 -0.0597015 0.042447 0.299274 0.953223 0.826383
0.998778 -0.0377174 -0.0319226 0.0236024 0.0265307 0.95435 -0.297511 -0.0591256 0.0416866 0.2963 0.954185 0.831244
0.999181 -0.0261047 -0.0309102 0.0183342 0.0160041 0.956702 -0.29063 -0.0581436 0.0371586 0.289897 0.956336 0.835399
0.998554 -0.0437067 -0.0313079 0.025223 0.0322467 0.952853 -0.301714 -0.0593206 0.0430188 0.300268 0.952884 0.841943
0.999222 -0.0238277 -0.0314297 0.0203307 0.0134658 0.9551 -0.295979 -0.0582193 0.037071 0.295325 0.954677 0.851218
0.999332 0.0236328 0.0278848 0.0156335 -0.0283552 0.98263 0.183396 -0.0548876 -0.0230663 -0.184065 0.982643 0.860677
0.999236 -0.0226382 -0.0318444 0.0254811 0.0118271 0.952055 -0.305698 -0.0589819 0.0372381 0.305088 0.951596 0.872671
0.998881 0.0374068 0.0289336 0.0175244 -0.0422378 0.980859 0.190081 -0.0550448 -0.0212694 -0.191091 0.981342 0.876906
0.999257 -0.0212788 -0.0321465 0.0239946 0.0104752 0.952363 -0.304786 -0.0585186 0.0371006 0.304222 0.951878 0.88295
0.999369 0.0215005 0.0282875 0.0198859 -0.0264211 0.981996 0.187047 -0.0553053 -0.0237566 -0.187676 0.981944 0.892149
0.999415 0.00265625 -0.0341079 0.0201646 -0.012773 0.953859 -0.299983 -0.0576464 0.0317373 0.300243 0.953335 0.902442
0.999459 -0.00658578 -0.0322095 0.0232838 -0.0033941 0.953825 -0.300345 -0.0580003 0.0327002 0.300292 0.953287 0.913029
0.999369 0.00656199 -0.0349142 0.0200262 -0.0167121 0.954093 -0.299042 -0.0574979 0.0313491 0.299437 0.953601 0.917717
0.997923 0.0573689 0.029305 0.0224311 -0.0619629 0.979237 0.193017 -0.0555917 -0.0176234 -0.194432 0.980758 0.922467
0.999366 0.00605442 -0.0350935 0.0236175 -0.0163268 0.95367 -0.300413 -0.0579225 0.0316488 0.300795 0.953163 0.928096
0.99902 0.0198458 -0.0395732 0.0219665 -0.0311319 0.950466 -0.309265 -0.0574146 0.0314754 0.310194 0.950152 0.93234
0.999046 0.0332966 0.0282684 0.0200304 -0.0381119 0.980695 0.191792 -0.0519348 -0.0213366 -0.192687 0.981028 0.933311
0.999437 0.00130129 -0.0335359 0.0222993 -0.0116793 0.950275 -0.311192 -0.0475222 0.0314633 0.311409 0.949755 0.936655
0.998638 0.0286725 -0.0435879 0.0230603 -0.040992 0.948025 -0.315544 -0.042484 0.032275 0.316901 0.947909 0.936265
0.998641 0.0451591 0.0259969 0.0241379 -0.0492444 0.981022 0.187538 -0.0306325 -0.0170345 -0.188563 0.981913 0.936603
0.999602 0.0208379 0.0190228 0.02539 -0.0239919 0.982557 0.184407 -0.0260229 -0.0148483 -0.18479 0.982666 0.936858
0.999416 -0.000913655 -0.0341598 0.0260354 -0.0100799 0.947281 -0.320245 -0.0236401 0.0326516 0.320403 0.946719 0.936933
0.999386 0.00115653 -0.0350254 0.0260041 -0.0123396 0.947062 -0.320815 -0.019259 0.0328002 0.32105 0.946494 0.936768
0.998636 0.028523 -0.043722 0.0259309 -0.0408758 0.948193 -0.315053 -0.0140011 0.0324706 0.31641 0.948067 0.936623
0.999302 0.00481941 -0.0370447 0.0292984 -0.016599 0.945657 -0.32474 -0.0137212 0.0334666 0.325129 0.945077 0.935966
0.997946 0.0584082 0.0263258 0.0292049 -0.0622857 0.980728 0.185184 -0.0159834 -0.0150022 -0.186443 0.982351 0.934038
0.999446 0.00931685 -0.0319574 0.024678 -0.0188826 0.949308 -0.31378 -0.0228048 0.027414 0.314209 0.948958 0.93403
0.999031 0.0358009 0.025617 0.0248029 -0.0397967 0.983244 0.177895 -0.0254006 -0.0188189 -0.178742 0.983716 0.934447
0.999085 0.0333274 0.0267905 0.0243105 -0.0376732 0.982431 0.182785 -0.0304933 -0.020228 -0.183627 0.982788 0.934644
0.999349 0.0126434 -0.0337877 0.0225145 -0.0225038 0.950494 -0.309927 -0.0381751 0.0281965 0.310485 0.95016 0.934793
0.999084 0.0337724 0.0262927 0.0234414 -0.0379565 0.982997 0.179655 -0.0404107 -0.0197783 -0.180489 0.983378 0.934668
0.99908 0.0320663 0.0284838 0.0217803 -0.0368302 0.981742 0.186616 -0.0447269 -0.0219797 -0.187493 0.98202 0.934516
0.998642 0.0415602 0.031415 0.0211845 -0.0467916 0.980648 0.190105 -0.0483861 -0.0229063 -0.191317 0.981261 0.93407
0.999513 0.0053948 -0.0307253 0.0170083 -0.0142605 0.955014 -0.296219 -0.0535006 0.027745 0.296513 0.954626 0.932359
0.997519 0.0623253 0.0327245 0.0211384 -0.0675042 0.978755 0.193602 -0.0572991 -0.0199629 -0.195331 0.980534 0.933163
0.998573 0.0449521 0.0288203 0.0198848 -0.0496275 0.980491 0.190196 -0.0621564 -0.0197083 -0.191355 0.981323 0.933255
0.999561 0.00824836 -0.0284469 0.0174274 -0.0162659 0.955516 -0.294492 -0.0695566 0.0247524 0.294825 0.955231 0.933192
0.998966 0.0311905 -0.0330905 0.0165323 -0.0393683 0.957404 -0.286055 -0.0739758 0.0227588 0.287062 0.957642 0.933295
0.999139 0.0318287 0.0266253 0.0170087 -0.0364816 0.979509 0.19807 -0.0765353 -0.0197754 -0.198871 0.979826 0.933103
0.997828 0.056847 0.0332819 0.0149867 -0.0623076 0.978463 0.196792 -0.081427 -0.0213781 -0.198438 0.97988 0.93245
0.999392 0.018056 -0.0298219 0.0135109 -0.0259133 0.95698 -0.288994 -0.0879944 0.0233209 0.289591 0.956866 0.932885
0.998942 0.0358892 0.0287458 0.0182491 -0.0409563 0.978648 0.201424 -0.0911341 -0.0209031 -0.202388 0.979082 0.933799
