1 -1.38778e-17 3.46945e-18 4.44089e-16 0 1 -3.90313e-18 -1.11022e-16 3.46945e-18 4.33681e-19 1 0
1 -0.000284293 0.000339736 0.00021502 0.000284132 1 0.000473209 6.87595e-05 -0.00033987 -0.000473113 1 7.61705e-05
1 8.46841e-05 0.000734165 0.000350296 -8.61151e-05 0.999998 0.00194931 0.000305847 -0.000733998 -0.00194938 0.999998 9.25237e-05
0.999999 -0.0011263 0.000560769 -0.000162882 0.00112571 0.999999 0.00105863 0.000155329 -0.00056196 -0.001058 0.999999 -3.16158e-05
0.999999 -0.00125822 0.000500574 0.000415527 0.00125759 0.999998 0.00124239 7.57606e-05 -0.000502136 -0.00124176 0.999999 0.000169039
1 -0.000565004 0.000517151 0.000566323 0.000564199 0.999999 0.00155491 0.000136067 -0.000518028 -0.00155461 0.999999 0.000218458
1 -0.000479466 0.000317345 0.000141423 0.000479265 1 0.000632183 5.7249e-05 -0.000317648 -0.000632031 1 6.20712e-05
0.999999 -0.00131126 0.000295221 -0.000432461 0.00131109 0.999999 0.000578635 9.42636e-05 -0.000295979 -0.000578248 1 -0.000182197
1 -0.000163215 0.000260195 -8.71869e-05 0.000163089 1 0.000484783 0.000122105 -0.000260274 -0.00048474 1 -6.34352e-05
0.999999 -0.00120498 0.000190279 -0.000280845 0.00120494 0.999999 0.000222721 5.30209e-05 -0.000190547 -0.000222492 1 -9.03353e-05
0.999998 -0.0018952 6.44391e-05 -0.000713472 0.00189522 0.999998 -0.00023429 -1.59621e-05 -6.3995e-05 0.000234412 1 -0.000278074
1 6.48593e-05 0.000775271 0.000652624 -6.76659e-05 0.999993 0.00362072 0.000525198 -0.000775031 -0.00362077 0.999993 0.000247578
1 -0.000734361 -1.14253e-05 -5.5102e-05 0.000734361 1 3.57193e-05 4.93311e-06 1.1399e-05 -3.57277e-05 1 1.99868e-06
0.999999 -0.00103689 0.000318168 0.000154507 0.00103681 0.999999 0.000244698 -1.94106e-05 -0.000318422 -0.000244368 1 6.49332e-05
1 -0.000469245 0.000295411 0.000355677 0.000469099 1 0.000495798 9.16265e-06 -0.000295644 -0.000495659 1 0.000159936
1 -0.000276183 0.000406638 -8.4548e-05 0.000275727 0.999999 0.00112036 0.00026518 -0.000406947 -0.00112025 0.999999 -5.97576e-05
1 6.2484e-05 0.000480072 7.7444e-05 -6.29097e-05 1 0.000886668 0.000180708 -0.000480016 -0.000886698 0.999999 8.74473e-06
0.999999 -0.00123618 0.000680521 4.07063e-05 0.00123432 0.999996 0.00273304 0.000426592 -0.000683896 -0.00273219 0.999996 1.36985e-06
0.999999 -0.00114627 0.000139786 -0.000409609 0.00114616 0.999999 0.000756324 0.000142175 -0.000140652 -0.000756164 1 -0.000147442
1 0.000185437 0.000164253 0.000490799 -0.000185632 0.999999 0.00119095 0.000161432 -0.000164032 -0.00119098 0.999999 0.000200925
1 -0.000221985 0.000161808 0.000274664 0.000221989 1 -2.56823e-05 -6.91265e-06 -0.000161802 2.57183e-05 1 9.34079e-05
1 -0.000220651 -7.74587e-05 0.000105125 0.000220702 1 0.000657338 0.000119417 7.73137e-05 -0.000657356 1 1.58205e-05
1 0.000101414 0.000312536 0.000107901 -0.000101699 1 0.000912094 0.000193781 -0.000312444 -0.000912126 1 9.68634e-06
1 0.000148214 0.00020385 6.25838e-06 -0.000148275 1 0.000298501 0.00010765 -0.000203805 -0.000298531 1 -1.75086e-05
1 0.000139343 0.000466523 0.000353866 -0.000140001 0.999999 0.00141126 0.000240982 -0.000466326 -0.00141133 0.999999 0.000129206
0.999999 -0.00138689 -0.000686865 -0.000498781 0.00138605 0.999998 -0.00121247 -0.000192458 0.000688545 0.00121152 0.999999 -0.000228497
1 -0.000405678 0.000480833 0.000484777 0.000404952 0.999999 0.00151054 0.000169562 -0.000481446 -0.00151034 0.999999 0.000150254
0.999999 -0.00134098 -2.11874e-06 -0.00132248 0.00134098 0.999999 0.000213316 0.000220213 1.83268e-06 -0.000213319 1 -0.000550816
0.999999 -0.00122779 -0.00010039 -0.000488334 0.00122769 0.999999 -0.00102788 -0.000111864 0.000101652 0.00102776 0.999999 -0.000186683
1 -0.00053347 9.57623e-05 -0.000329515 0.000533429 1 0.000429435 0.000159536 -9.59913e-05 -0.000429384 1 -0.000174168
0.999995 -0.00315746 -0.00034106 -0.00112251 0.00315711 0.999995 -0.000996187 -0.000168508 0.000344203 0.000995105 0.999999 -0.000490625
1 8.55583e-05 0.000592682 0.00102453 -8.64987e-05 0.999999 0.00158694 0.000123929 -0.000592546 -0.00158699 0.999999 0.000391533
0.999998 -0.00179755 0.00053577 -0.000476823 0.001797 0.999998 0.00102654 0.000207591 -0.000537614 -0.00102558 0.999999 -0.000190578
1 -0.000458071 0.000321126 -0.000166144 0.000457766 0.999999 0.000949258 0.000208599 -0.000321561 -0.000949111 0.999999 -0.00010701
1 -0.000106186 0.000339862 0.000363699 0.000106034 1 0.000446285 6.38092e-05 -0.000339909 -0.000446249 1 0.000141421
1 0.000520848 0.000197545 0.000257002 -0.000520801 1 -0.00023748 -4.67994e-06 -0.000197669 0.000237377 1 6.27029e-05
0.999999 -0.00137954 0.000426463 -0.000293403 0.00137924 0.999999 0.000694909 0.00014139 -0.000427421 -0.00069432 1 -9.69682e-05
0.999999 -0.00143421 -0.000698561 -0.0014317 0.00143293 0.999997 -0.00183126 -0.000139093 0.000701185 0.00183026 0.999998 -0.000628786
0.999999 -0.00084495 -0.000596318 -0.000842282 0.00084398 0.999998 -0.00162496 -0.000117977 0.00059769 0.00162445 0.999999 -0.000364508
0.999996 -0.00273626 -0.00039606 -0.00184833 0.00273579 0.999996 -0.00118075 1.06623e-05 0.000399289 0.00117966 0.999999 -0.000747853
0.999999 -0.00133939 -2.64237e-05 -0.000690942 0.00133938 0.999999 -0.000283487 6.00939e-05 2.68034e-05 0.000283451 1 -0.000272696
0.999999 -0.00159157 -0.000526622 -0.00124293 0.00159102 0.999998 -0.0010516 -4.6276e-05 0.000528295 0.00105076 0.999999 -0.000529577
1 -0.000785579 -0.000587028 -0.000753541 0.000784489 0.999998 -0.0018549 -0.000162984 0.000588484 0.00185444 0.999998 -0.000333891
0.999998 -0.00213951 0.000230242 -0.00161067 0.00213938 0.999998 0.000557337 0.000294055 -0.000231434 -0.000556843 1 -0.000690781
0.999999 -0.00161637 -0.000417265 -0.00163359 0.00161568 0.999997 -0.00166787 -3.34976e-05 0.00041996 0.00166719 0.999999 -0.000687787
0.999999 -0.00107791 0.00010462 -0.000875088 0.00107786 0.999999 0.000453481 0.00020796 -0.000105109 -0.000453367 1 -0.000401659
1 -0.000395373 -8.44644e-05 -0.00079267 0.000395233 0.999999 -0.00164541 -8.68357e-05 8.51148e-05 0.00164538 0.999999 -0.000371583
0.999998 -0.00186091 0.000387792 -0.000714458 0.00186019 0.999997 0.00185764 0.000360338 -0.000391247 -0.00185691 0.999998 -0.000304083
1 0.00030714 0.00028861 -0.000124597 -0.000307244 1 0.000360493 0.000190285 -0.000288499 -0.000360582 1 -0.000101068
0.999997 -0.00232749 2.83261e-05 -0.0015495 0.00232749 0.999997 -0.000176809 0.000170192 -2.79145e-05 0.000176875 1 -0.000664981
1 -0.000532075 -0.000276481 -0.000521431 0.000531802 0.999999 -0.000984261 -6.71133e-05 0.000277005 0.000984113 0.999999 -0.000262453
0.999998 -0.00203813 -0.000280777 -0.00137073 0.0020379 0.999998 -0.000798798 3.13989e-05 0.000282404 0.000798224 1 -0.000576282
1 -0.000818139 0.000165511 -0.0010145 0.000818124 1 9.54871e-05 0.000203362 -0.000165589 -9.53516e-05 1 -0.00044415
0.999999 -0.00140168 -0.000376525 -0.00130229 0.00140135 0.999999 -0.000885829 9.79737e-06 0.000377766 0.0008853 1 -0.000577643
1 -0.000901544 -0.000103306 -0.00111202 0.000901489 0.999999 -0.000532839 9.97533e-05 0.000103787 0.000532745 1 -0.000483878
0.999997 -0.002375 0.000239825 -0.00132473 0.0023749 0.999997 0.000409431 0.00020851 -0.000240797 -0.000408861 1 -0.000551825
1 -0.000472668 -0.000237826 -0.000513188 0.000472553 1 -0.000484611 2.20311e-05 0.000238055 0.000484498 1 -0.000253025
1 -0.000154263 -5.32736e-05 -0.000535692 0.000154258 1 -0.000102454 0.000157399 5.32894e-05 0.000102446 1 -0.000264344
0.999999 -0.00129043 -0.00100346 -0.00192378 0.00128786 0.999996 -0.00255876 -0.000106164 0.00100675 0.00255747 0.999996 -0.000840278
1 -0.000437127 -7.15447e-05 -0.000512058 0.000437084 1 -0.00060184 3.18904e-05 7.18078e-05 0.000601808 1 -0.000240297
0.999998 -0.00179157 -0.000618331 -0.00124538 0.00179028 0.999996 -0.00208589 -0.000105489 0.000622065 0.00208478 0.999998 -0.000517822
0.999999 -0.00152694 3.23611e-05 -0.0011925 0.00152697 0.999998 -0.000976213 3.31013e-05 -3.08704e-05 0.000976261 1 -0.000489928
0.999999 -0.0012115 -0.000151885 -0.00117588 0.00121137 0.999999 -0.00085176 0.00012107 0.000152917 0.000851575 1 -0.000547603
0.999999 -0.00142326 0.000212111 -0.000846517 0.00142322 0.999999 0.000173938 0.000177798 -0.000212359 -0.000173636 1 -0.000378333
0.999999 -0.00162125 -0.000373149 -0.00131213 0.00162055 0.999997 -0.00186978 -9.57107e-05 0.000376179 0.00186918 0.999998 -0.000569722
1 -1.17118e-05 -0.000264548 -0.000300029 1.15712e-05 1 -0.000531411 3.23094e-05 0.000264554 0.000531408 1 -0.000154619
0.999998 -0.0019693 -0.000176694 -0.00162458 0.00196916 0.999998 -0.000791785 0.000108825 0.000178253 0.000791435 1 -0.000685286
1 -0.000894081 0.000289752 -0.000735321 0.000893856 0.999999 0.000775043 0.00024734 -0.000290445 -0.000774783 1 -0.000346139
0.999998 -0.00174312 -0.000586859 -0.00155293 0.00174234 0.999998 -0.00133322 -2.67656e-06 0.000589181 0.00133219 0.999999 -0.000665226
1 -0.000295942 -0.000483719 -0.000587192 0.000295447 0.999999 -0.00102323 1.20731e-07 0.000484022 0.00102309 0.999999 -0.000296718
0.999998 -0.00185202 -0.000318195 -0.00165529 0.00185153 0.999997 -0.00155405 1.81067e-05 0.000321072 0.00155345 0.999999 -0.000704208
0.999999 -0.00170014 -0.000302013 -0.00148811 0.00169972 0.999998 -0.00139227 -1.02673e-06 0.000304379 0.00139175 0.999999 -0.000661823
0.999999 -0.00113668 -8.81905e-05 -0.000241741 0.00113659 0.999999 -0.00100809 -0.000127318 8.93363e-05 0.00100799 0.999999 -0.000128406
1 -0.000433902 -0.000267866 -0.000546054 0.000433761 1 -0.000524268 7.87274e-05 0.000268093 0.000524152 1 -0.000269991
0.999997 -0.00226606 -0.000856206 -0.00108577 0.00226314 0.999992 -0.00340017 -0.000423733 0.000863904 0.00339822 0.999994 -0.000445025
1 -0.000842309 -0.000443101 -0.000786057 0.000841469 0.999998 -0.00189365 -0.00013271 0.000444695 0.00189328 0.999998 -0.000350811
0.999997 -0.00241243 -0.000549566 -0.00198669 0.00241085 0.999993 -0.00285002 -0.000187123 0.000556438 0.00284869 0.999996 -0.000850785
1 -0.000481859 -0.000545539 -0.000164618 0.000482243 1 0.000705357 0.000206959 0.000545199 -0.00070562 1 -0.000129322
1 -0.000943501 -0.000314457 -0.000989382 0.000943179 0.999999 -0.00102222 -1.24395e-05 0.000315421 0.00102193 0.999999 -0.00044942
0.999997 -0.00242958 -0.000964118 -0.00149588 0.00242703 0.999994 -0.00263384 -0.000273027 0.000970511 0.00263149 0.999996 -0.000630579
1 -0.000783134 -0.000519318 -0.000926101 0.000782382 0.999999 -0.00144581 -3.9122e-06 0.00052045 0.0014454 0.999999 -0.000429131
0.999998 -0.00171311 -0.00055542 -0.00133648 0.00171209 0.999997 -0.00182998 -7.60222e-05 0.000558553 0.00182902 0.999998 -0.000596345
0.999999 -0.00123935 -5.74737e-05 -0.000698876 0.00123931 0.999999 -0.000582955 -1.16822e-07 5.81961e-05 0.000582883 1 -0.000350464
0.999999 -0.00110894 -1.0443e-05 -0.000806841 0.00110894 0.999999 -2.51105e-05 0.000174457 1.04708e-05 2.50989e-05 1 -0.000384544
0.999999 -0.00128318 -0.00103053 -0.0012293 0.00128108 0.999997 -0.00203457 -0.000103862 0.00103314 0.00203325 0.999997 -0.000549759
1 -0.000907105 -1.23391e-05 -0.000891703 0.000907108 1 0.000190925 0.000247277 1.21659e-05 -0.000190936 1 -0.000408508
0.999996 -0.00289543 -0.000177031 -0.00181953 0.00289531 0.999996 -0.000631097 0.000130857 0.000178857 0.000630582 1 -0.000790519
0.999999 -0.00105853 -0.000504623 -0.000487214 0.00105771 0.999998 -0.00161051 -0.000163803 0.000506327 0.00160998 0.999999 -0.000231766
0.999999 -0.00110283 -0.000469483 -0.000786409 0.00110211 0.999998 -0.00152702 -0.000105851 0.000471166 0.0015265 0.999999 -0.000371984
0.999998 -0.00172378 0.00021708 -0.000332247 0.00172352 0.999998 0.00118232 0.000262137 -0.000219118 -0.00118195 0.999999 -0.000200385
0.999998 -0.00199936 -0.000307341 -0.000383673 0.00199881 0.999996 -0.00179161 -0.000269261 0.000310922 0.00179099 0.999998 -0.000151045
0.999999 -0.00150356 -0.000609895 -0.0011635 0.00150265 0.999998 -0.00149884 -2.62432e-05 0.000612147 0.00149792 0.999999 -0.000522615
0.999992 -0.00388399 -0.000878946 -0.00209251 0.00388252 0.999991 -0.00166005 -7.04243e-05 0.000885386 0.00165662 0.999998 -0.000870312
0.999995 -0.00290615 -0.000866308 -0.0018034 0.00290346 0.999991 -0.00308324 -0.000301278 0.000875261 0.00308071 0.999995 -0.000761042
0.999995 -0.00309495 -0.000495936 -0.00150873 0.00309416 0.999994 -0.00159664 -6.19432e-05 0.000500874 0.00159509 0.999999 -0.000608803
1 -0.000299004 0.000241004 0.000558375 0.000298739 0.999999 0.00109586 0.000181051 -0.000241331 -0.00109578 0.999999 0.000190139
0.999999 -0.00143252 -0.000272655 -0.00111692 0.00143248 0.999999 -0.000176886 0.000186071 0.000272908 0.000176495 1 -0.000481689
0.999998 -0.00188099 -0.000581788 -0.000741786 0.00188087 0.999998 -0.000221455 9.07979e-05 0.000582204 0.00022036 1 -0.000356229
0.999999 -0.00144531 -0.000590166 -0.00108381 0.00144436 0.999998 -0.00161212 -5.96924e-05 0.000592495 0.00161127 0.999999 -0.000490776
0.999998 -0.00182554 -0.000391764 -0.000825015 0.00182503 0.999997 -0.00130702 -4.79793e-05 0.000394149 0.0013063 0.999999 -0.000336467
0.999999 -0.00110489 -0.00105945 -0.00100763 0.00110131 0.999994 -0.00337581 -0.00031472 0.00106317 0.00337464 0.999994 -0.000424698
0.999997 -0.00234282 -0.000642255 -0.00165605 0.00234131 0.999995 -0.00234431 -0.000167634 0.000647743 0.0023428 0.999997 -0.000696861
0.999996 -0.00273222 4.53529e-05 -0.000554527 0.00273217 0.999996 0.00110888 0.000260946 -4.83824e-05 -0.00110876 0.999999 -0.00028321
0.999994 -0.00356649 -0.000312842 -0.00190198 0.00356603 0.999993 -0.00144667 -3.27266e-05 0.000317999 0.00144555 0.999999 -0.000841134
0.999999 -0.0013427 -0.000107446 -0.00084705 0.0013427 0.999999 -7.61341e-05 0.000179812 0.000107548 7.59898e-05 1 -0.000401933
0.999998 -0.00143317 -0.00133773 -0.000924652 0.00142869 0.999993 -0.00334425 -0.000372848 0.00134251 0.00334234 0.999994 -0.000434043
0.999996 -0.00264515 -0.000821174 -0.00178566 0.00264335 0.999994 -0.00218553 -0.000128241 0.00082695 0.00218335 0.999997 -0.000760247
0.999996 -0.00261323 -0.000728189 -0.00149722 0.00261147 0.999994 -0.00241372 -0.000191441 0.000734492 0.00241181 0.999997 -0.000618802
0.999997 -0.0022626 -0.000830185 -0.00182526 0.00226103 0.999996 -0.00188767 -2.15829e-05 0.000834453 0.00188579 0.999998 -0.000791027
0.999997 -0.00234062 -0.000780585 -0.00161924 0.00233865 0.999994 -0.00250946 -0.000177712 0.000786454 0.00250762 0.999997 -0.000706342
0.999997 -0.00223276 -0.000804926 -0.00204264 0.00223144 0.999996 -0.00163945 5.54245e-05 0.000808584 0.00163765 0.999998 -0.000884978
1 -0.000953887 0.000142405 -0.000246695 0.000953926 1 -0.000270883 3.91343e-05 -0.000142146 0.000271019 1 -0.00013947
0.999998 -0.00187464 0.000225331 -0.000579616 0.00187431 0.999997 0.00146905 0.00037683 -0.000228084 -0.00146862 0.999999 -0.000305237
0.999998 -0.00164042 -0.000583185 -0.001566 0.00163984 0.999998 -0.00100313 0.000138199 0.000584829 0.00100217 0.999999 -0.0007083
0.999996 -0.00259025 0.000726243 -0.000449864 0.0025884 0.999993 0.0025464 0.000456111 -0.000732834 -0.00254451 0.999996 -0.000232493
0.999997 -0.00234932 0.000139892 -0.000981877 0.00234935 0.999997 -0.000227712 0.000133852 -0.000139357 0.00022804 1 -0.000453404
1 -0.000682612 -0.000454567 -0.000526741 0.000682021 0.999999 -0.00129978 -4.4058e-05 0.000455454 0.00129947 0.999999 -0.000294868
0.999995 -0.00322351 -0.000219026 -0.0018229 0.00322334 0.999995 -0.000770683 0.000122257 0.000221509 0.000769973 1 -0.0007745
0.999999 -0.0015303 -0.000534706 -0.00139804 0.00152902 0.999996 -0.00238995 -0.000121424 0.000538362 0.00238913 0.999997 -0.000632535
0.999998 -0.00187817 -0.000619408 -0.00125975 0.00187721 0.999997 -0.00154617 -5.95929e-05 0.00062231 0.001545 0.999999 -0.000561013
1 -0.000901231 -0.000121165 0.000220135 0.000901225 1 -5.59717e-05 1.5546e-05 0.000121215 5.58625e-05 1 0.000857772
0.999996 -0.00272025 -0.000296837 -0.00131712 0.00271946 0.999993 -0.00264643 -0.000289318 0.000304034 0.00264561 0.999996 0.00069521
1 0.000165445 9.84307e-05 -0.000814835 -0.000165536 1 0.00092334 0.000369791 -9.82779e-05 -0.000923356 1 0.00138157
0.999998 -0.00187351 -0.000360919 -0.00139521 0.00187284 0.999996 -0.00187306 -0.000142846 0.000364427 0.00187238 0.999998 0.00153851
0.999999 -0.00160574 -3.05789e-05 -0.00102549 0.00160569 0.999998 -0.00141286 -8.8797e-05 3.28475e-05 0.00141281 0.999999 0.00219616
0.999998 -0.00199547 5.74716e-06 -0.000751011 0.00199547 0.999994 -0.00278297 -0.000420697 -1.93804e-07 0.00278298 0.999996 0.00271849
0.999996 -0.00279637 -0.000296532 -0.000732745 0.00279599 0.999995 -0.00125847 -0.000254163 0.000300049 0.00125764 0.999999 0.00313144
0.999999 -0.000961984 0.000679848 0.000515367 0.000959501 0.999993 0.00364267 0.000465414 -0.000683347 -0.00364201 0.999993 0.00408664
1 -0.00091573 8.5722e-06 6.14e-06 0.000915725 0.999999 0.000591681 1.86297e-05 -9.11401e-06 -0.000591673 1 0.00428773
1 -0.000897159 0.000377609 0.000941138 0.000896226 0.999997 0.00246413 0.000178319 -0.000379818 -0.00246379 0.999997 0.00507418
0.999995 -0.00295913 -0.000596929 -0.00135833 0.00295792 0.999994 -0.00200962 -0.000341899 0.000602872 0.00200784 0.999998 0.00460625
0.999989 -0.00469717 -9.7299e-05 -0.000161676 0.00469684 0.999984 -0.00312797 -0.000773428 0.00011199 0.00312748 0.999995 0.00559636
0.999991 -0.00418848 0.000289631 -0.00139628 0.00418907 0.999989 -0.00205382 -0.000371356 -0.000281025 0.00205502 0.999998 0.0058575
0.999995 -0.00300758 0.000281549 -0.000229749 0.00300788 0.999995 -0.00107729 -0.000417048 -0.000278308 0.00107814 0.999999 0.00685759
0.999998 -0.00183096 -0.000134216 -0.000627935 0.00183077 0.999997 -0.00137002 -0.000307345 0.000136725 0.00136977 0.999999 0.00716771
0.999999 -0.00120217 0.00078989 0.000687809 0.00119994 0.999995 0.002806 0.000165432 -0.00079326 -0.00280505 0.999996 0.00807193
1 -0.000721064 -0.000181103 -0.000335278 0.000721035 1 -0.00016188 -0.00013314 0.000181219 0.000161749 1 0.00810456
0.999996 -0.00289134 0.00065168 -0.000414436 0.00289015 0.999994 0.00181907 6.07475e-05 -0.000656936 -0.00181717 0.999998 0.0085409
0.999999 -0.00160031 3.29487e-05 -0.000530662 0.00160035 0.999998 -0.00140092 -0.000337371 -3.07067e-05 0.00140097 0.999999 0.00896091
0.999999 -0.0010841 -0.000513354 -0.000694298 0.00108294 0.999997 -0.00225618 -0.000502391 0.000515798 0.00225562 0.999997 0.00935292
0.999994 -0.00333217 -0.000213428 -0.000536982 0.00333147 0.999989 -0.00319778 -0.000816409 0.000224081 0.00319705 0.999995 0.00985284
0.999985 -0.00548749 -0.000891383 -0.00222142 0.00548087 0.999959 -0.00726997 -0.00130361 0.00093124 0.00726497 0.999973 0.00962699
0.999994 -0.00332392 0.000524364 -0.0008225 0.00332352 0.999994 0.000757061 -0.000105858 -0.000526878 -0.000755314 1 0.0106335
0.999994 -0.00330792 0.00068983 0.000306681 0.00330566 0.999989 0.00325481 7.91909e-05 -0.000700589 -0.00325251 0.999994 0.0123941
0.999996 -0.00268714 7.19193e-05 -0.000610011 0.00268701 0.999995 0.00170134 5.31946e-05 -7.64906e-05 -0.00170114 0.999999 0.0124524
0.999986 -0.00529943 0.000663186 -0.000642555 0.00529984 0.999986 -0.000607567 -0.00050661 -0.000659956 0.000611074 1 0.0129315
0.999992 -0.0038523 -0.00075502 -0.00124252 0.00385025 0.999989 -0.00269842 -0.000722966 0.000765407 0.00269549 0.999996 0.0130852
0.999992 -0.00403458 0.000642808 -0.000874298 0.00403516 0.999991 -0.000897046 -0.000394651 -0.000639183 0.000899632 0.999999 0.0136066
0.999993 -0.00370635 0.000309951 -0.00030645 0.00370664 0.999993 -0.000963836 -0.000525877 -0.000306376 0.000964979 0.999999 0.0143319
0.999998 -0.00206217 0.000435678 -0.00031006 0.00206168 0.999997 0.00111946 -0.000124086 -0.000437985 -0.00111856 0.999999 0.0147727
0.999992 -0.00387204 0.000170879 2.69663e-06 0.00387182 0.999992 0.00126268 -0.000284 -0.000175766 -0.00126201 0.999999 0.0153331
0.999996 -0.00273762 0.000528827 -9.15385e-05 0.0027361 0.999992 0.00285982 8.6776e-05 -0.000536652 -0.00285837 0.999996 0.0156667
0.99999 -0.0045151 0.000667094 -0.00050707 0.00451325 0.999986 0.00276126 4.46027e-05 -0.000679552 -0.00275822 0.999996 0.0159702
0.999994 -0.00341195 -0.00039477 -0.00108495 0.00341111 0.999992 -0.00210286 -0.000586075 0.000401942 0.0021015 0.999998 0.0162329
0.999994 -0.00343072 -0.000291893 -0.000563327 0.00343061 0.999994 -0.00034495 -0.000425272 0.000293075 0.000343946 1 0.0168475
0.999989 -0.00462922 -0.000561871 -0.00172098 0.00462721 0.999983 -0.00352601 -0.000816597 0.000578185 0.00352337 0.999994 0.0167932
0.999986 -0.00516084 0.000823909 -0.000795887 0.00516005 0.999986 0.000963401 -0.000261084 -0.000828869 -0.000959136 0.999999 0.0176063
0.999992 -0.00377151 0.000911872 0.00052287 0.00376984 0.999991 0.00182897 -0.000289187 -0.000918762 -0.00182552 0.999998 0.0186344
0.99999 -0.00458061 -9.2148e-05 -4.88715e-05 0.00458066 0.999989 0.00046544 -0.000482502 9.0015e-05 -0.000465858 1 0.018836
0.999993 -0.00385972 -7.75391e-05 -7.5435e-05 0.00385984 0.999991 0.0016746 -0.000260749 7.10749e-05 -0.00167489 0.999999 0.0192362
0.999996 -0.00289093 0.00026457 0.000271299 0.00289032 0.999993 0.00225516 -0.000163876 -0.000271087 -0.00225439 0.999997 0.0198146
0.99999 -0.00454658 0.000470302 -0.000233377 0.00454647 0.99999 0.000228232 -0.000507883 -0.000471335 -0.000226091 1 0.0200469
0.999957 -0.00929737 -0.000631557 -0.001985 0.00929462 0.999948 -0.00421947 -0.00118824 0.000670754 0.00421341 0.999991 0.0198425
0.999971 -0.00759924 0.000681004 -0.000260283 0.00759704 0.999966 0.00318517 -0.000238113 -0.000705186 -0.00317991 0.999995 0.0210075
0.999994 -0.00350363 -0.000201114 -0.00190941 0.00350356 0.999994 -0.000342223 -0.000293699 0.000202312 0.000341516 1 0.0208033
0.999986 -0.00534683 -0.00037345 -0.00129504 0.00534569 0.999981 -0.00300064 -0.000954487 0.000389487 0.0029986 0.999995 0.0214606
0.999994 -0.00334044 0.000496215 0.000721665 0.00333902 0.99999 0.00282126 -0.000238352 -0.000505634 -0.00281959 0.999996 0.0226962
0.999981 -0.00610761 0.000140193 -0.0007933 0.00610742 0.99998 0.00131511 -0.000439473 -0.000148222 -0.00131423 0.999999 0.0225213
0.999983 -0.00579801 -0.00044004 -0.000348044 0.00579768 0.999983 -0.000747419 -0.000854413 0.000444366 0.000744855 1 0.0238623
0.999964 -0.0084465 -0.00108442 -0.00212616 0.00844023 0.999948 -0.00566064 -0.00156615 0.00113217 0.00565128 0.999983 0.0245228
0.99998 -0.00637068 -0.00043005 0.000316177 0.00637086 0.99998 0.000436235 -0.000941604 0.000427262 -0.000438966 1 0.0269188
0.999945 -0.0104892 -0.000471646 -0.000500238 0.0104879 0.999941 -0.00266029 -0.00163407 0.000499523 0.00265519 0.999996 0.0281348
0.999971 -0.00759074 -0.000640702 -0.00126693 0.00758933 0.999969 -0.00217528 -0.00124725 0.000657194 0.00217035 0.999997 0.0291117
0.999967 -0.00810139 0.000426542 -4.36203e-05 0.00810044 0.999965 0.00217915 -0.000795475 -0.000444181 -0.00217562 0.999998 0.0310065
0.999965 -0.00839914 0.000604207 -0.000696308 0.00839844 0.999964 0.0011651 -0.000922002 -0.000613971 -0.00115998 0.999999 0.0320677
0.999985 -0.00542039 0.000684062 0.00120858 0.00541824 0.999981 0.00310085 -0.000867968 -0.000700856 -0.00309709 0.999995 0.0342254
0.999975 -0.00701056 -1.30157e-05 0.000502419 0.00701057 0.999975 0.00135012 -0.00112874 3.55031e-06 -0.00135017 0.999999 0.0352677
0.999968 -0.00783926 -0.00127287 -0.00180704 0.00783294 0.999957 -0.00489653 -0.00188215 0.0013112 0.00488641 0.999987 0.0357537
0.999961 -0.00879001 0.000936767 0.000396867 0.00878525 0.999949 0.00497122 -0.000766201 -0.000980417 -0.0049628 0.999987 0.037996
0.999966 -0.0080806 0.00152249 0.00124199 0.00807158 0.99995 0.00584505 -0.000823117 -0.00156964 -0.00583257 0.999982 0.0424826
0.999934 -0.011373 0.00163896 -0.000993589 0.0113729 0.999935 2.25261e-05 -0.00162448 -0.00163911 -3.88476e-06 0.999999 0.0430336
0.999939 -0.0110125 0.000865769 -0.00113304 0.0110116 0.999939 0.00105508 -0.00147408 -0.000877336 -0.00104548 0.999999 0.0443863
0.99992 -0.0126443 5.74154e-06 -0.00202355 0.0126443 0.999919 0.00140988 -0.00141625 -2.35681e-05 -0.00140969 0.999999 0.0454124
0.99993 -0.0118397 0.000435539 -0.000438514 0.0118393 0.99993 0.000896596 -0.00178358 -0.000446124 -0.000891376 1 0.0474772
0.999927 -0.0119826 0.0013915 -0.000593286 0.0119728 0.999905 0.00682844 -0.000823095 -0.00147319 -0.00681128 0.999976 0.0488219
0.999934 -0.0114459 0.000673412 -0.000615842 0.0114447 0.999933 0.00183875 -0.00166802 -0.000694413 -0.00183093 0.999998 0.0502813
0.999919 -0.0126236 0.00149824 0.000405441 0.0126122 0.999893 0.00738852 -0.00109884 -0.00159135 -0.00736903 0.999972 0.054813
0.999913 -0.0132022 -0.00030729 -0.00100906 0.0132021 0.999913 -0.00037584 -0.00219407 0.000312225 0.00037175 1 0.0556636
0.999903 -0.0138915 0.000748436 -0.00111444 0.0138873 0.999889 0.0053044 -0.00131617 -0.000822039 -0.00529349 0.999986 0.0569547
0.999889 -0.014811 0.00147107 0.000531504 0.014808 0.999888 0.00198482 -0.00230517 -0.00150031 -0.00196282 0.999997 0.0589871
0.999912 -0.0131499 0.0020086 0.000613886 0.013138 0.999897 0.00581313 -0.00162962 -0.00208484 -0.00578623 0.999981 0.0604436
0.999897 -0.0142025 0.00197137 0.000222755 0.0141902 0.999881 0.00609067 -0.00164551 -0.00205764 -0.00606207 0.99998 0.0617629
0.999801 -0.019856 0.00196864 -0.000747383 0.0198467 0.999792 0.00463059 -0.00212494 -0.00206018 -0.0045906 0.999987 0.0627394
0.999876 -0.0156968 0.00143842 0.00075341 0.0156855 0.999848 0.00755209 -0.00194047 -0.00155674 -0.00752859 0.99997 0.0689164
0.99989 -0.0148308 0.000800011 0.000699674 0.014826 0.999874 0.00565577 -0.00224707 -0.00088379 -0.00564328 0.999984 0.0703945
0.999868 -0.0162251 0.00109169 0.00116434 0.0162191 0.999854 0.00531514 -0.00247295 -0.00117777 -0.00529673 0.999985 0.0719445
0.999862 -0.0165617 0.000855824 0.000752479 0.0165577 0.999853 0.0044186 -0.00263065 -0.000928878 -0.00440382 0.99999 0.0731511
0.999816 -0.0191586 0.000353112 -0.00212403 0.0191591 0.999815 -0.00170738 -0.00327494 -0.000320335 0.00171383 0.999998 0.0733652
0.999866 -0.016388 0.000587532 -1.96413e-05 0.0163861 0.999861 0.00300756 -0.00274351 -0.000636738 -0.00299752 0.999995 0.0755636
0.999833 -0.0182225 0.00131887 0.000491319 0.018215 0.999819 0.00546557 -0.00264794 -0.00141823 -0.00544063 0.999984 0.0771611
0.999829 -0.0184844 0.000716098 -0.000705858 0.0184824 0.999826 0.00265935 -0.00292675 -0.00076513 -0.00264566 0.999996 0.0780584
0.999818 -0.0189254 0.00220679 0.000280806 0.018911 0.999801 0.00638482 -0.00259285 -0.00232719 -0.00634193 0.999977 0.0805106
0.99982 -0.0189097 0.00136252 -0.000543823 0.0189019 0.999806 0.00556568 -0.00267086 -0.0014675 -0.00553893 0.999984 0.0826921
0.999768 -0.0215104 0.000991767 7.79623e-05 0.0215035 0.999748 0.00649162 -0.00286178 -0.00113115 -0.00646879 0.999978 0.0880622
0.999771 -0.0212058 0.00299382 0.000645042 0.0211731 0.99972 0.0105677 -0.00229521 -0.00321708 -0.0105019 0.99994 0.0907516
0.999663 -0.0257987 0.00282502 0.00025408 0.02577 0.99962 0.00975834 -0.00269342 -0.00307569 -0.00968225 0.999948 0.0928986
0.999698 -0.0244107 0.00268474 3.40521e-05 0.024382 0.99965 0.0102378 -0.00256392 -0.00293371 -0.0101692 0.999944 0.0954079
0.999729 -0.0232829 0.000700183 0.000425544 0.0232805 0.999724 0.00326462 -0.00394827 -0.000776 -0.00324743 0.999994 0.0981444
0.999648 -0.026404 0.00256935 0.000900563 0.0263848 0.999626 0.00724076 -0.0036744 -0.00275957 -0.00717042 0.99997 0.10077
0.999689 -0.0247892 0.00287768 0.00152365 0.0247557 0.999631 0.0111466 -0.00315653 -0.00315294 -0.0110719 0.999934 0.103536
0.99969 -0.0247022 0.0030197 0.00134291 0.0246723 0.99965 0.00957579 -0.00347244 -0.00325518 -0.00949832 0.99995 0.106014
0.999561 -0.029561 0.00184997 -0.00108234 0.0295555 0.999559 0.00293923 -0.00445767 -0.00193604 -0.00288327 0.999994 0.107598
0.999579 -0.0288197 0.00321399 0.000544716 0.0287884 0.999542 0.00936962 -0.00388728 -0.00348254 -0.00927315 0.999951 0.113394
0.999456 -0.0328703 0.00274362 -0.000252452 0.0328478 0.999429 0.0078761 -0.0043499 -0.00300095 -0.00778169 0.999965 0.115483
0.999488 -0.0319277 0.00210973 -0.00103071 0.0319172 0.999479 0.00481066 -0.00485145 -0.00226222 -0.00474086 0.999986 0.120167
0.999435 -0.0335494 0.00194714 2.94677e-05 0.033535 0.999413 0.00701283 -0.00495096 -0.00218127 -0.00694357 0.999974 0.12319
0.999494 -0.0318027 0.00113862 -0.000259031 0.0317965 0.999482 0.00507053 -0.00513967 -0.00129929 -0.00503176 0.999986 0.12554
0.999462 -0.0328008 0.000791642 -0.000881704 0.0327991 0.99946 0.0021605 -0.00562531 -0.00086208 -0.00213337 0.999997 0.127763
0.999449 -0.0331671 0.00136231 -0.00164226 0.0331653 0.999449 0.00134134 -0.00575031 -0.00140604 -0.00129542 0.999998 0.129776
0.999445 -0.0332942 0.00131723 2.12149e-06 0.0332863 0.99943 0.00564423 -0.00549706 -0.0015044 -0.00559725 0.999983 0.132873
0.999347 -0.0361358 0.000625093 -0.000831445 0.0361346 0.999345 0.00178698 -0.00632449 -0.000689257 -0.00176322 0.999998 0.135056
0.999375 -0.0353091 0.00174674 0.00035195 0.0352995 0.999363 0.00525474 -0.00604654 -0.00193117 -0.00518979 0.999985 0.137852
0.99942 -0.0340145 0.00147841 0.00121908 0.0340028 0.999395 0.00730423 -0.00590883 -0.00172596 -0.00724973 0.999972 0.140775
0.999374 -0.0353523 0.0016539 0.00133778 0.0353434 0.999362 0.00513238 -0.00643413 -0.00183428 -0.00507071 0.999985 0.143223
0.999349 -0.0360519 0.00158334 -0.000883672 0.0360499 0.999349 0.00127503 -0.00672475 -0.00162828 -0.00121712 0.999998 0.144829
0.999075 -0.0429872 0.000943964 -0.000245114 0.0429818 0.999063 0.00512832 -0.00686181 -0.00116353 -0.005083 0.999986 0.152493
0.999185 -0.0403372 0.00137324 0.000284197 0.0403231 0.999145 0.00909657 -0.00622894 -0.001739 -0.00903378 0.999958 0.154983
0.999251 -0.0386729 0.00152102 0.000994852 0.0386631 0.999234 0.00604535 -0.00686882 -0.00175365 -0.00598201 0.999981 0.157648
0.999198 -0.0400213 0.00134207 0.000995814 0.0400079 0.99916 0.00887023 -0.00655079 -0.00169594 -0.00880942 0.99996 0.160159
0.999168 -0.0407213 0.002414 0.00120394 0.0406901 0.999102 0.0118152 -0.00623676 -0.00289296 -0.0117071 0.999927 0.162728
0.999175 -0.0405774 0.00187554 7.73926e-06 0.0405628 0.999151 0.00726467 -0.00684322 -0.00216873 -0.0071826 0.999972 0.164677
0.999199 -0.0399426 0.00245989 0.00153323 0.0399166 0.999155 0.00983313 -0.00676325 -0.00285057 -0.00972707 0.999949 0.167727
0.999102 -0.0423147 0.0020174 0.000736388 0.0422954 0.999066 0.00882725 -0.00711762 -0.00238904 -0.008734 0.999959 0.169829
0.999136 -0.0415436 0.00103088 -5.58527e-05 0.041541 0.999134 0.0024576 -0.00809966 -0.00113209 -0.00241265 0.999996 0.171887
0.999126 -0.0418003 0.00097351 0.000529999 0.0417909 0.999093 0.00815659 -0.00738112 -0.00131357 -0.00810877 0.999966 0.174641
0.999031 -0.0439303 0.0027531 0.00223771 0.0438834 0.99892 0.0152584 -0.00677032 -0.00342043 -0.0151228 0.99988 0.177642
0.998818 -0.0485774 0.00143108 0.000195447 0.0485686 0.998804 0.00563937 -0.00837699 -0.00170332 -0.0055632 0.999983 0.179461
0.999059 -0.0432927 0.00250088 0.00190384 0.0432572 0.998981 0.0128448 -0.00725086 -0.00305442 -0.0127245 0.999914 0.182622
0.999049 -0.0434716 0.00339244 0.00243028 0.0434101 0.998921 0.0164787 -0.00692667 -0.00410513 -0.0163158 0.999858 0.185426
0.998708 -0.0507841 0.00158427 -0.00157999 0.0507786 0.998704 0.00334911 -0.0088488 -0.0017523 -0.00326434 0.999993 0.186649
0.998885 -0.047139 0.00250513 0.00022983 0.0471083 0.998828 0.0111538 -0.00788718 -0.00302798 -0.0110234 0.999935 0.18956
0.999029 -0.0440049 0.00229719 -0.000235244 0.0439896 0.999012 0.0063219 -0.00853216 -0.00257311 -0.00621471 0.999977 0.191938
0.998735 -0.0502293 0.00214283 0.000243064 0.050211 0.998707 0.00790225 -0.00872939 -0.00253698 -0.00778466 0.999966 0.194484
0.998841 -0.0480723 0.00249496 0.000978379 0.0480383 0.99877 0.0122823 -0.0081865 -0.00308233 -0.0121482 0.999921 0.19727
0.998861 -0.0476655 0.00226419 0.000156626 0.0476407 0.998815 0.00996373 -0.00848819 -0.00273643 -0.00984451 0.999948 0.19947
0.99872 -0.0505387 0.00203386 -0.000474543 0.0505332 0.998719 0.00264107 -0.00981101 -0.00216473 -0.00253491 0.999994 0.201707
0.99879 -0.0491028 0.00279365 0.00143925 0.0490644 0.998718 0.0124591 -0.00860767 -0.00340185 -0.012307 0.999918 0.20491
0.998615 -0.05249 0.00357809 0.0011155 0.0524238 0.998487 0.016593 -0.00811985 -0.00444364 -0.0163824 0.999856 0.20728
0.998581 -0.0530758 0.00427162 0.00171642 0.0529836 0.998407 0.0193797 -0.00787686 -0.00529341 -0.0191259 0.999803 0.209906
0.998928 -0.0461046 0.00411962 0.00355337 0.0460155 0.998749 0.0195902 -0.00788531 -0.00501766 -0.0193796 0.9998 0.212731
0.998604 -0.0526703 0.00409798 0.00127875 0.0525822 0.998431 0.0192553 -0.00812627 -0.00510573 -0.0190129 0.999806 0.219091
0.998538 -0.0539886 0.00261959 -0.000647411 0.0539655 0.998509 0.00818167 -0.00975638 -0.0030574 -0.00802834 0.999963 0.220981
0.998679 -0.0512925 0.00312546 0.00174676 0.0512373 0.998563 0.0157192 -0.00894577 -0.00392725 -0.0155383 0.999872 0.224145
0.998439 -0.0557963 0.00237262 -0.000477833 0.0557648 0.998375 0.0117603 -0.00959157 -0.00302494 -0.0116096 0.999928 0.225913
0.998569 -0.0534334 0.00212482 -4.74871e-05 0.0534154 0.998542 0.0077739 -0.0102667 -0.0025371 -0.00764928 0.999968 0.228556
0.998786 -0.0491403 0.00336224 0.00281555 0.0490726 0.998635 0.017916 -0.00901189 -0.00423805 -0.0177292 0.999834 0.23188
0.998431 -0.055927 0.00261161 0.00125145 0.0558864 0.998344 0.0136398 -0.00991284 -0.00337012 -0.0134725 0.999904 0.233838
0.99847 -0.0551427 0.0040541 0.00255162 0.0550579 0.998308 0.018683 -0.00940729 -0.00507748 -0.0184312 0.999817 0.236562
0.998578 -0.0531501 0.00407304 0.00279558 0.0530541 0.998373 0.0208834 -0.00900525 -0.00517637 -0.0206376 0.999774 0.239082
0.997944 -0.0640415 0.00257897 0.000469587 0.0640034 0.997867 0.0128471 -0.0106935 -0.00339622 -0.0126557 0.999914 0.240709
0.998498 -0.054659 0.00367526 0.00322224 0.0545789 0.998325 0.0191798 -0.00971079 -0.00471745 -0.0189504 0.999809 0.244206
0.998024 -0.0627204 0.0037575 0.00319296 0.0626463 0.997885 0.0173608 -0.0112126 -0.00483843 -0.0170911 0.999842 0.255845
0.998182 -0.0602028 0.00290314 0.00110826 0.0601543 0.998082 0.0146043 -0.011372 -0.0037768 -0.0144031 0.999889 0.25929
0.998235 -0.0593476 0.00236579 0.00131632 0.0593217 0.998191 0.00982088 -0.0123337 -0.00294436 -0.0096632 0.999949 0.263457
0.998184 -0.0602171 0.00137462 0.00129667 0.060198 0.998123 0.011247 -0.0124248 -0.0020493 -0.0111439 0.999936 0.267936
0.998421 -0.0560888 0.00293765 0.00391324 0.0560152 0.99821 0.0209687 -0.011243 -0.0041085 -0.020771 0.999776 0.273175
0.998186 -0.0601829 0.00158561 0.00257552 0.0601456 0.998033 0.0176538 -0.0118936 -0.00264495 -0.0175264 0.999843 0.276715
0.998392 -0.0566129 0.00289624 0.00486657 0.0565261 0.998105 0.0243032 -0.0112513 -0.00426663 -0.0241005 0.9997 0.281726
0.998245 -0.0591978 0.00170927 0.00296346 0.0591593 0.998098 0.0173618 -0.0124793 -0.0027338 -0.0172302 0.999848 0.285387
0.998236 -0.0593142 0.0024314 0.0029965 0.059262 0.998085 0.0177407 -0.0125446 -0.00347902 -0.0175653 0.99984 0.289506
0.99789 -0.0648904 0.00233378 0.00350178 0.0648191 0.997628 0.0231781 -0.0122247 -0.00383228 -0.0229779 0.999729 0.294069
0.998037 -0.0625946 0.00202073 0.00228359 0.0625463 0.997868 0.0186147 -0.0127592 -0.00318161 -0.0184518 0.999825 0.297901
0.997922 -0.064394 0.00219586 0.00228409 0.0643348 0.997712 0.0207679 -0.0127829 -0.00352817 -0.0205834 0.999782 0.302044
0.997975 -0.0635544 0.00241248 0.00355464 0.0634726 0.997658 0.0254895 -0.0123099 -0.0040268 -0.0252847 0.999672 0.306881
0.99765 -0.0684945 0.00156513 0.00240265 0.0684396 0.997383 0.0232909 -0.0129501 -0.00315633 -0.0231291 0.999728 0.310815
0.997867 -0.0652319 0.00263396 0.0050466 0.0651365 0.997506 0.0271991 -0.0126096 -0.00440164 -0.0269695 0.999627 0.31584
0.997707 -0.0676428 0.00208845 0.00332551 0.0675726 0.99742 0.0242231 -0.0133796 -0.00372158 -0.0240264 0.999704 0.324
0.997625 -0.0688781 0.000664465 0.00219481 0.0688517 0.997432 0.0196971 -0.0141876 -0.00201946 -0.0196046 0.999806 0.327884
0.997579 -0.0694853 0.00269925 0.00512272 0.0693744 0.997145 0.0298106 -0.0131974 -0.00476294 -0.0295512 0.999552 0.332995
0.99769 -0.0678635 0.00290224 0.00501272 0.0677284 0.99714 0.0335486 -0.0127054 -0.00517067 -0.0332746 0.999433 0.337193
0.99759 -0.0693038 0.00334835 0.00653587 0.0691208 0.996843 0.0390672 -0.0122981 -0.00604529 -0.0387416 0.999231 0.346235
0.997468 -0.0710606 0.0028363 0.00718283 0.0709089 0.996805 0.0367575 -0.0136572 -0.00543925 -0.0364633 0.99932 0.365141
0.99693 -0.0780684 0.00591022 0.0112285 0.0776616 0.995643 0.0516128 -0.0139915 -0.0099138 -0.0509954 0.99865 0.408789
0.99667 -0.0810487 0.00890644 0.0226178 0.080097 0.99365 0.0790146 -0.0147144 -0.0152539 -0.0780381 0.996834 0.486915
0.993468 -0.0668479 -0.0924854 -0.0221006 0.0713392 0.996385 0.0461367 -0.0287857 0.0890669 -0.0524331 0.994645 0.537109
0.97387 -0.187115 -0.128703 0.000100167 0.153459 0.959946 -0.234424 -0.133296 0.167413 0.208548 0.963577 0.669639
0.995821 -0.00461985 -0.0912058 0.0323434 0.0205582 0.984425 0.174598 -0.0473863 0.0889787 -0.175744 0.980406 0.773565
0.988865 -0.0471891 -0.141133 0.0331803 0.0046183 0.957666 -0.287846 -0.143234 0.148741 0.283989 0.94722 0.91955
