1 -6.77626e-21 0 -6.93889e-18 0 1 -6.61744e-24 -6.93889e-18 0 0 1 -2.77556e-17
1 -2.90316e-05 -1.47917e-08 -1.49489e-06 2.90316e-05 1 1.77137e-11 1.87961e-06 1.47917e-08 -1.81431e-11 1 -9.71332e-10
1 -6.81188e-05 -3.4656e-08 -3.50431e-06 6.81188e-05 1 1.44499e-11 -4.26052e-06 3.4656e-08 -1.68106e-11 1 -2.23959e-09
1 -5.10981e-05 -2.5992e-08 -2.63048e-06 5.10981e-05 1 -2.19579e-12 3.30828e-06 2.5992e-08 8.67648e-13 1 -1.77745e-09
1 -3.13152e-05 -1.59044e-08 -1.61291e-06 3.13152e-05 1 -4.79844e-12 2.02751e-06 1.59044e-08 4.30039e-12 1 -1.20243e-09
1 -1.6691e-05 -8.54912e-09 -8.6619e-07 1.6691e-05 1 1.5442e-11 1.0806e-06 8.54912e-09 -1.55847e-11 1 -7.89617e-10
1 -1.81064e-05 -9.15445e-09 -9.34219e-07 1.81064e-05 1 -3.81071e-12 1.17231e-06 9.15445e-09 3.64496e-12 1 -8.4528e-10
1 -8.5639e-05 -4.35117e-08 -4.4071e-06 8.5639e-05 1 1.36879e-11 -3.07316e-06 4.35117e-08 -1.74142e-11 1 -2.91888e-09
1 -1.70179e-05 -8.71676e-09 -8.85819e-07 1.70179e-05 1 1.53801e-11 1.10176e-06 8.71676e-09 -1.55285e-11 1 -8.38524e-10
1 -7.03912e-05 -3.58413e-08 -3.62945e-06 7.03912e-05 1 -5.84405e-12 -2.56052e-07 3.58413e-08 3.32113e-12 1 -2.47015e-09
1 -8.60219e-05 -4.37082e-08 -4.42956e-06 8.60219e-05 1 1.23255e-11 -3.1439e-06 4.37082e-08 -1.60854e-11 1 -2.94585e-09
1 -3.98392e-05 -2.02548e-08 -2.05842e-06 3.98392e-05 1 -5.24465e-12 2.57939e-06 2.02548e-08 4.43771e-12 1 -1.53854e-09
1 -3.05912e-05 -1.55717e-08 -1.58518e-06 3.05912e-05 1 1.73296e-11 1.98059e-06 1.55717e-08 -1.7806e-11 1 -1.25811e-09
1 -6.39954e-05 -3.25426e-08 -3.30211e-06 6.39954e-05 1 1.60253e-11 -3.94872e-06 3.25426e-08 -1.81078e-11 1 -2.27494e-09
1 -3.13152e-05 -1.58502e-08 -1.62684e-06 3.13152e-05 1 -4.79567e-12 2.02751e-06 1.58502e-08 4.29932e-12 1 0.0013999
1 -8.60219e-05 -4.36762e-08 -4.43779e-06 8.60219e-05 1 1.23271e-11 -3.1439e-06 4.36762e-08 -1.60842e-11 1 0.0092837
1 -8.57849e-05 -4.3571e-08 -4.42601e-06 8.57849e-05 1 1.37197e-11 -3.1001e-06 4.3571e-08 -1.74574e-11 1 0.0289056
1 -3.09987e-05 -1.56939e-08 -1.61573e-06 3.09987e-05 1 -4.78187e-12 2.00702e-06 1.56939e-08 4.29537e-12 1 0.0531907
1 -4.88152e-05 -2.48356e-08 -2.53469e-06 4.88152e-05 1 5.10086e-12 3.7301e-06 2.48356e-08 -6.31321e-12 1 0.0758347
1 -1.6779e-05 -8.58155e-09 -8.89438e-07 1.6779e-05 1 1.5419e-11 1.0863e-06 8.58155e-09 -1.5563e-11 1 0.116994
1 -8.60219e-05 -4.3701e-08 -4.44452e-06 8.60219e-05 1 1.23259e-11 -3.1439e-06 4.3701e-08 -1.60851e-11 1 0.147773
1 -8.57849e-05 -4.35831e-08 -4.43365e-06 8.57849e-05 1 1.3719e-11 -3.1001e-06 4.35831e-08 -1.74578e-11 1 0.187162
1 -3.09987e-05 -1.5743e-08 -1.62007e-06 3.09987e-05 1 -4.78443e-12 2.00702e-06 1.5743e-08 4.29641e-12 1 0.224189
1 -4.88152e-05 -2.48646e-08 -2.54032e-06 4.88152e-05 1 5.09933e-12 3.7301e-06 2.48646e-08 -6.3131e-12 1 0.25442
1 -0.000101374 -5.15959e-08 -5.24331e-06 0.000101374 1 -1.28763e-12 -5.98013e-06 5.15959e-08 -3.94285e-12 1 0.292289
1 -5.10981e-05 -2.60109e-08 -2.66003e-06 5.10981e-05 1 9.41777e-12 3.30833e-06 2.60109e-08 -1.07469e-11 1 0.322293
1 -5.10983e-05 -2.59055e-08 -2.66214e-06 5.10983e-05 1 -1.51476e-10 3.30827e-06 2.59055e-08 1.50152e-10 1 0.34574
1 -5.10982e-05 -2.52928e-08 -2.65992e-06 5.10982e-05 1 -1.45271e-11 3.3083e-06 2.52928e-08 1.32347e-11 1 0.359555
1 -5.10982e-05 -2.49172e-08 -2.66143e-06 5.10982e-05 1 -1.45447e-11 3.3083e-06 2.49172e-08 1.32715e-11 1 0.372666
1 -5.10982e-05 -2.47647e-08 -2.6629e-06 5.10982e-05 1 -1.45675e-11 3.3083e-06 2.47647e-08 1.33021e-11 1 0.38028
1 -5.10982e-05 -2.46964e-08 -2.66417e-06 5.10982e-05 1 -1.45885e-11 3.3083e-06 2.46964e-08 1.33266e-11 1 0.384813
1 -5.10983e-05 -2.4705e-08 -2.6691e-06 5.10983e-05 1 -1.50994e-10 3.30827e-06 2.4705e-08 1.49731e-10 1 0.389396
1 -5.10982e-05 -2.46208e-08 -2.6676e-06 5.10982e-05 1 -1.46458e-11 3.3083e-06 2.46208e-08 1.33878e-11 1 0.392096
1 -5.10982e-05 -2.46055e-08 -2.66941e-06 5.10982e-05 1 -1.46756e-11 3.3083e-06 2.46055e-08 1.34183e-11 1 0.394298
1 -5.10982e-05 -2.45962e-08 -2.67125e-06 5.10982e-05 1 -1.47056e-11 3.3083e-06 2.45962e-08 1.34488e-11 1 0.395886
1 -5.10982e-05 -2.459e-08 -2.67312e-06 5.10982e-05 1 -1.47358e-11 3.3083e-06 2.459e-08 1.34793e-11 1 0.397032
1 -5.10983e-05 -2.46467e-08 -2.67789e-06 5.10983e-05 1 -1.50589e-10 3.30827e-06 2.46467e-08 1.49329e-10 1 0.397788
1 -5.10982e-05 -2.45808e-08 -2.67728e-06 5.10982e-05 1 -1.48024e-11 3.3083e-06 2.45808e-08 1.35463e-11 1 0.398553
1 -5.10983e-05 -2.46376e-08 -2.68285e-06 5.10983e-05 1 -1.50371e-10 3.30827e-06 2.46376e-08 1.49112e-10 1 0.399053
1 -5.10983e-05 -2.46363e-08 -2.68362e-06 5.10983e-05 1 -1.50338e-10 3.30827e-06 2.46363e-08 1.49079e-10 1 0.399169
1 -5.10983e-05 -2.4631e-08 -2.68708e-06 5.10983e-05 1 -1.50188e-10 3.30827e-06 2.4631e-08 1.48929e-10 1 0.399538
1 -5.10983e-05 -2.46298e-08 -2.68786e-06 5.10983e-05 1 -1.50155e-10 3.30827e-06 2.46298e-08 1.48896e-10 1 0.399595
1 -5.10983e-05 -2.46275e-08 -2.6894e-06 5.10983e-05 1 -1.50088e-10 3.30827e-06 2.46275e-08 1.4883e-10 1 0.399688
1 -5.10983e-05 -2.46234e-08 -2.69211e-06 5.10983e-05 1 -1.49972e-10 3.30827e-06 2.46234e-08 1.48714e-10 1 0.399803
1 -5.10983e-05 -2.46211e-08 -2.69366e-06 5.10983e-05 1 -1.49905e-10 3.30827e-06 2.46211e-08 1.48647e-10 1 0.399848
1 -5.10982e-05 -2.45575e-08 -2.69232e-06 5.10982e-05 1 -1.50377e-11 3.3083e-06 2.45575e-08 1.37828e-11 1 0.399887
1 -5.10983e-05 -2.46154e-08 -2.69754e-06 5.10983e-05 1 -1.49739e-10 3.30827e-06 2.46154e-08 1.48482e-10 1 0.399921
1 -5.10983e-05 -2.46125e-08 -2.69948e-06 5.10983e-05 1 -1.49657e-10 3.30827e-06 2.46126e-08 1.48399e-10 1 0.399943
1 -5.10983e-05 -2.46097e-08 -2.70142e-06 5.10983e-05 1 -1.49574e-10 3.30827e-06 2.46097e-08 1.48317e-10 1 0.399959
1 -5.10983e-05 -2.46063e-08 -2.70375e-06 5.10983e-05 1 -1.49475e-10 3.30827e-06 2.46063e-08 1.48218e-10 1 0.399972
1 -5.10983e-05 -2.46028e-08 -2.70609e-06 5.10983e-05 1 -1.49376e-10 3.30827e-06 2.46028e-08 1.48119e-10 1 0.399981
1 -5.10983e-05 -2.45988e-08 -2.70881e-06 5.10983e-05 1 -1.49261e-10 3.30827e-06 2.45989e-08 1.48004e-10 1 0.399988
1 -5.10983e-05 -2.45954e-08 -2.71115e-06 5.10983e-05 1 -1.49162e-10 3.30827e-06 2.45954e-08 1.47905e-10 1 0.399992
1 -5.10982e-05 -2.45323e-08 -2.70942e-06 5.10982e-05 1 -1.53013e-11 3.3083e-06 2.45323e-08 1.40478e-11 1 0.399994
1 -5.10983e-05 -2.45897e-08 -2.71504e-06 5.10983e-05 1 -1.48998e-10 3.30827e-06 2.45897e-08 1.47741e-10 1 0.399996
1 -5.10982e-05 -2.4526e-08 -2.71371e-06 5.10982e-05 1 -1.53669e-11 3.3083e-06 2.4526e-08 1.41137e-11 1 0.399997
1 -5.10982e-05 -2.45226e-08 -2.71605e-06 5.10982e-05 1 -1.54026e-11 3.3083e-06 2.45226e-08 1.41496e-11 1 0.399998
1 -5.10983e-05 -2.45795e-08 -2.72206e-06 5.10983e-05 1 -1.48703e-10 3.30827e-06 2.45795e-08 1.47447e-10 1 0.399999
1 -5.10982e-05 -2.45146e-08 -2.72151e-06 5.10982e-05 1 -1.54859e-11 3.3083e-06 2.45146e-08 1.42332e-11 1 0.399999
1 -5.10982e-05 -2.45117e-08 -2.72346e-06 5.10982e-05 1 -1.55156e-11 3.3083e-06 2.45117e-08 1.42631e-11 1 0.399999
1 -5.10983e-05 -2.45698e-08 -2.7287e-06 5.10983e-05 1 -1.48425e-10 3.30827e-06 2.45698e-08 1.4717e-10 1 0.4
1 -5.10983e-05 -2.4567e-08 -2.73065e-06 5.10983e-05 1 -1.48344e-10 3.30827e-06 2.4567e-08 1.47088e-10 1 0.4
1 -5.10983e-05 -2.45642e-08 -2.73261e-06 5.10983e-05 1 -1.48262e-10 3.30827e-06 2.45642e-08 1.47007e-10 1 0.4
1 -5.10982e-05 -2.45004e-08 -2.73127e-06 5.10982e-05 1 -1.5634e-11 3.3083e-06 2.45004e-08 1.43821e-11 1 0.4
1 -5.10983e-05 -2.45591e-08 -2.73613e-06 5.10983e-05 1 -1.48116e-10 3.30827e-06 2.45591e-08 1.46861e-10 1 0.4
1 -5.10983e-05 -2.45551e-08 -2.73887e-06 5.10983e-05 1 -1.48002e-10 3.30827e-06 2.45551e-08 1.46748e-10 1 0.4
1 -5.10982e-05 -2.44918e-08 -2.73714e-06 5.10982e-05 1 -1.57226e-11 3.3083e-06 2.44918e-08 1.44712e-11 1 0.4
1 -5.10982e-05 -2.44884e-08 -2.73949e-06 5.10982e-05 1 -1.5758e-11 3.3083e-06 2.44884e-08 1.45067e-11 1 0.4
1 -5.10982e-05 -2.44856e-08 -2.74148e-06 5.10982e-05 1 -1.57875e-11 3.3083e-06 2.44856e-08 1.45363e-11 1 0.4014
1 -5.10983e-05 -2.45444e-08 -2.74657e-06 5.10983e-05 1 -1.47695e-10 3.30827e-06 2.45444e-08 1.46441e-10 1 0.410688
1 -5.10983e-05 -2.45415e-08 -2.74898e-06 5.10983e-05 1 -1.47614e-10 3.30827e-06 2.45416e-08 1.4636e-10 1 0.428906
1 -5.10983e-05 -2.45393e-08 -2.75101e-06 5.10983e-05 1 -1.4755e-10 3.30827e-06 2.45393e-08 1.46296e-10 1 0.447937
1 -5.10983e-05 -2.45365e-08 -2.75366e-06 5.10983e-05 1 -1.47469e-10 3.30827e-06 2.45365e-08 1.46216e-10 1 0.475835
1 -5.10982e-05 -2.44714e-08 -2.75412e-06 5.10982e-05 1 -1.59343e-11 3.3083e-06 2.44714e-08 1.46838e-11 1 0.516994
1 -5.10983e-05 -2.45308e-08 -2.75917e-06 5.10983e-05 1 -1.47308e-10 3.30827e-06 2.45308e-08 1.46055e-10 1 0.540804
1 -5.10983e-05 -2.45275e-08 -2.76258e-06 5.10983e-05 1 -1.47212e-10 3.30827e-06 2.45275e-08 1.45959e-10 1 0.583516
1 -5.10983e-05 -2.45241e-08 -2.76602e-06 5.10983e-05 1 -1.47116e-10 3.30827e-06 2.45241e-08 1.45863e-10 1 0.627942
1 -5.10982e-05 -2.44601e-08 -2.76553e-06 5.10982e-05 1 -1.60514e-11 3.3083e-06 2.44601e-08 1.48015e-11 1 0.662045
1 -5.10982e-05 -2.44573e-08 -2.76844e-06 5.10982e-05 1 -1.60805e-11 3.3083e-06 2.44573e-08 1.48308e-11 1 0.700498
1 -5.10982e-05 -2.44545e-08 -2.77135e-06 5.10982e-05 1 -1.61097e-11 3.3083e-06 2.44545e-08 1.48601e-11 1 0.739381
1 -5.10983e-05 -2.45134e-08 -2.77709e-06 5.10983e-05 1 -1.46812e-10 3.30827e-06 2.45134e-08 1.45559e-10 1 0.774645
1 -5.10983e-05 -2.45106e-08 -2.78002e-06 5.10983e-05 1 -1.46732e-10 3.30827e-06 2.45106e-08 1.45479e-10 1 0.814045
1 -5.10982e-05 -2.44466e-08 -2.77957e-06 5.10982e-05 1 -1.61913e-11 3.3083e-06 2.44466e-08 1.49421e-11 1 0.849649
1 -5.10983e-05 -2.4505e-08 -2.78588e-06 5.10983e-05 1 -1.46572e-10 3.30827e-06 2.4505e-08 1.4532e-10 1 0.892418
1 -5.10982e-05 -2.4441e-08 -2.78524e-06 5.10982e-05 1 -1.62494e-11 3.3083e-06 2.4441e-08 1.50005e-11 1 0.920289
1 -5.10982e-05 -2.44376e-08 -2.78852e-06 5.10982e-05 1 -1.62842e-11 3.30831e-06 2.44376e-08 1.50355e-11 1 0.957981
1 -5.10982e-05 -2.44353e-08 -2.79076e-06 5.10982e-05 1 -1.63074e-11 3.30831e-06 2.44353e-08 1.50588e-11 1 0.985041
1 -5.10982e-05 -2.44325e-08 -2.7936e-06 5.10982e-05 1 -1.63364e-11 3.30831e-06 2.44325e-08 1.50879e-11 1 1.02043
1 -5.10982e-05 -2.44292e-08 -2.79701e-06 5.10982e-05 1 -1.63712e-11 3.30831e-06 2.44292e-08 1.51229e-11 1 1.06316
1 -5.10983e-05 -2.44877e-08 -2.80306e-06 5.10983e-05 1 -1.4608e-10 3.30828e-06 2.44877e-08 1.44829e-10 1 1.09441
1 -5.10983e-05 -2.44854e-08 -2.80523e-06 5.10983e-05 1 -1.46017e-10 3.30828e-06 2.44854e-08 1.44766e-10 1 1.11861
1 -5.10982e-05 -2.44213e-08 -2.80462e-06 5.10982e-05 1 -1.64521e-11 3.30831e-06 2.44213e-08 1.52042e-11 1 1.14796
1 -5.10983e-05 -2.44804e-08 -2.81026e-06 5.10983e-05 1 -1.45875e-10 3.30828e-06 2.44804e-08 1.44624e-10 1 1.179
1 -5.10982e-05 -2.44152e-08 -2.81084e-06 5.10982e-05 1 -1.65155e-11 3.30831e-06 2.44152e-08 1.5268e-11 1 1.22458
1 -5.10982e-05 -2.44129e-08 -2.81297e-06 5.10982e-05 1 -1.65386e-11 3.30831e-06 2.44129e-08 1.52911e-11 1 1.247
1 -5.10982e-05 -2.44096e-08 -2.81621e-06 5.10982e-05 1 -1.65731e-11 3.30831e-06 2.44096e-08 1.53258e-11 1 1.28251
1 -5.10982e-05 -2.44073e-08 -2.81843e-06 5.10982e-05 1 -1.65961e-11 3.30831e-06 2.44073e-08 1.5349e-11 1 1.30853
1 -5.10982e-05 -2.44045e-08 -2.82125e-06 5.10982e-05 1 -1.66249e-11 3.30831e-06 2.44045e-08 1.53778e-11 1 1.34295
1 -5.10982e-05 -2.44029e-08 -2.82296e-06 5.10982e-05 1 -1.66421e-11 3.30831e-06 2.44029e-08 1.53952e-11 1 1.36438
1 -5.10983e-05 -2.44604e-08 -2.83016e-06 5.10983e-05 1 -1.45309e-10 3.30828e-06 2.44604e-08 1.44059e-10 1 1.40997
1 -5.10982e-05 -2.43956e-08 -2.83002e-06 5.10982e-05 1 -1.67167e-11 3.30831e-06 2.43956e-08 1.54701e-11 1 1.44266
1 -5.10983e-05 -2.44548e-08 -2.83563e-06 5.10983e-05 1 -1.45152e-10 3.30828e-06 2.44548e-08 1.43903e-10 1 1.472
1 -5.10983e-05 -2.4452e-08 -2.83846e-06 5.10983e-05 1 -1.45074e-10 3.30828e-06 2.4452e-08 1.43825e-10 1 1.50656
1 -5.10983e-05 -2.44487e-08 -2.84185e-06 5.10983e-05 1 -1.4498e-10 3.30829e-06 2.44487e-08 1.43731e-10 1 1.54797
1 -5.10982e-05 -2.4385e-08 -2.8406e-06 5.10982e-05 1 -1.68253e-11 3.30831e-06 2.4385e-08 1.55793e-11 1 1.56725
1 -5.10982e-05 -2.43823e-08 -2.8433e-06 5.10982e-05 1 -1.68539e-11 3.30831e-06 2.43823e-08 1.5608e-11 1 1.59646
1 -5.10983e-05 -2.44415e-08 -2.8489e-06 5.10983e-05 1 -1.44778e-10 3.30829e-06 2.44415e-08 1.43529e-10 1 1.62534
1 -5.10982e-05 -2.43762e-08 -2.84946e-06 5.10982e-05 1 -1.69166e-11 3.30832e-06 2.43762e-08 1.5671e-11 1 1.67013
1 -5.10983e-05 -2.4436e-08 -2.85459e-06 5.10983e-05 1 -1.44623e-10 3.30829e-06 2.4436e-08 1.43374e-10 1 1.69534
1 -5.10983e-05 -2.44327e-08 -2.85806e-06 5.10983e-05 1 -1.44529e-10 3.30829e-06 2.44327e-08 1.43281e-10 1 1.73982
1 -5.10983e-05 -2.44299e-08 -2.86097e-06 5.10983e-05 1 -1.44452e-10 3.30829e-06 2.44299e-08 1.43204e-10 1 1.77778
1 -5.10983e-05 -2.44277e-08 -2.86331e-06 5.10983e-05 1 -1.4439e-10 3.30829e-06 2.44277e-08 1.43142e-10 1 1.80856
1 -5.10983e-05 -2.44249e-08 -2.86625e-06 5.10983e-05 1 -1.44313e-10 3.30829e-06 2.4425e-08 1.43065e-10 1 1.84743
1 -5.10982e-05 -2.43601e-08 -2.86637e-06 5.10982e-05 1 -1.70814e-11 3.30832e-06 2.43601e-08 1.58366e-11 1 1.89054
1 -5.10982e-05 -2.43573e-08 -2.86932e-06 5.10982e-05 1 -1.71097e-11 3.30832e-06 2.43573e-08 1.5865e-11 1 1.92997
1 -5.10983e-05 -2.44167e-08 -2.87511e-06 5.10983e-05 1 -1.44081e-10 3.30829e-06 2.44167e-08 1.42833e-10 1 1.96559
1 -5.10982e-05 -2.43512e-08 -2.87583e-06 5.10982e-05 1 -1.71719e-11 3.30832e-06 2.43512e-08 1.59276e-11 1 2.01721
1 -5.10983e-05 -2.44106e-08 -2.88162e-06 5.10983e-05 1 -1.43911e-10 3.30829e-06 2.44106e-08 1.42664e-10 1 2.05303
1 -5.10983e-05 -2.44084e-08 -2.88399e-06 5.10983e-05 1 -1.4385e-10 3.30829e-06 2.44084e-08 1.42603e-10 1 2.08491
1 -5.10982e-05 -2.4343e-08 -2.88473e-06 5.10982e-05 1 -1.72566e-11 3.30832e-06 2.4343e-08 1.60127e-11 1 2.13676
1 -5.10982e-05 -2.43402e-08 -2.8877e-06 5.10982e-05 1 -1.72848e-11 3.30832e-06 2.43402e-08 1.6041e-11 1 2.17669
1 -5.10982e-05 -2.4338e-08 -2.89006e-06 5.10982e-05 1 -1.73073e-11 3.30832e-06 2.4338e-08 1.60637e-11 1 2.20816
1 -5.10982e-05 -2.43352e-08 -2.89283e-06 5.10982e-05 1 -1.73354e-11 3.30832e-06 2.43352e-08 1.60919e-11 1 2.23979
1 -5.10982e-05 -2.43325e-08 -2.89559e-06 5.10982e-05 1 -1.73635e-11 3.30833e-06 2.43325e-08 1.61202e-11 1 2.27107
1 -5.10982e-05 -2.43297e-08 -2.8984e-06 5.10982e-05 1 -1.73916e-11 3.30833e-06 2.43297e-08 1.61484e-11 1 2.30478
1 -5.10982e-05 -2.43264e-08 -2.90184e-06 5.10982e-05 1 -1.74253e-11 3.30833e-06 2.43264e-08 1.61823e-11 1 2.3475
1 -5.10983e-05 -2.43865e-08 -2.90699e-06 5.10983e-05 1 -1.43237e-10 3.3083e-06 2.43865e-08 1.41991e-10 1 2.37325
1 -5.10982e-05 -2.43215e-08 -2.90707e-06 5.10982e-05 1 -1.74757e-11 3.30833e-06 2.43215e-08 1.62329e-11 1 2.41461
1 -5.10982e-05 -2.43182e-08 -2.91059e-06 5.10982e-05 1 -1.75093e-11 3.30833e-06 2.43182e-08 1.62667e-11 1 2.46063
1 -5.10983e-05 -2.43777e-08 -2.91637e-06 5.10983e-05 1 -1.42994e-10 3.3083e-06 2.43778e-08 1.41748e-10 1 2.49557
1 -5.10982e-05 -2.43116e-08 -2.91768e-06 5.10982e-05 1 -1.75764e-11 3.30833e-06 2.43116e-08 1.63341e-11 1 2.55438
1 -5.10982e-05 -2.43105e-08 -2.91886e-06 5.10982e-05 1 -1.75876e-11 3.30833e-06 2.43105e-08 1.63453e-11 1 2.57015
1 -5.10982e-05 -2.43078e-08 -2.92183e-06 5.10982e-05 1 -1.76155e-11 3.30833e-06 2.43078e-08 1.63734e-11 1 2.60969
1 -5.10982e-05 -2.43051e-08 -2.9248e-06 5.10982e-05 1 -1.76433e-11 3.30833e-06 2.43051e-08 1.64014e-11 1 2.64935
1 -5.10983e-05 -2.43641e-08 -2.9312e-06 5.10983e-05 1 -1.42615e-10 3.3083e-06 2.43641e-08 1.4137e-10 1 2.69309
1 -5.10983e-05 -2.43608e-08 -2.93477e-06 5.10983e-05 1 -1.42524e-10 3.3083e-06 2.43609e-08 1.41279e-10 1 2.7409
1 -5.10983e-05 -2.43587e-08 -2.93715e-06 5.10983e-05 1 -1.42464e-10 3.3083e-06 2.43587e-08 1.41219e-10 1 2.7728
1 -5.10982e-05 -2.42936e-08 -2.93729e-06 5.10982e-05 1 -1.77601e-11 3.30833e-06 2.42936e-08 1.65188e-11 1 2.81671
1 -5.10982e-05 -2.42909e-08 -2.94027e-06 5.10982e-05 1 -1.77879e-11 3.30833e-06 2.42909e-08 1.65467e-11 1 2.85665
1 -5.10982e-05 -2.42881e-08 -2.94325e-06 5.10982e-05 1 -1.78156e-11 3.30833e-06 2.42881e-08 1.65745e-11 1 2.8966
1 -5.10983e-05 -2.43483e-08 -2.94847e-06 5.10983e-05 1 -1.42177e-10 3.30831e-06 2.43484e-08 1.40933e-10 1 2.92458
1 -5.10983e-05 -2.43451e-08 -2.95204e-06 5.10983e-05 1 -1.42087e-10 3.30831e-06 2.43451e-08 1.40843e-10 1 2.97255
1 -5.10983e-05 -2.43429e-08 -2.95443e-06 5.10983e-05 1 -1.42027e-10 3.30831e-06 2.43429e-08 1.40783e-10 1 3.00454
1 -5.11656e-05 -1.18667e-06 -6.78211e-07 5.11656e-05 1 -7.72001e-11 3.31283e-06 1.18667e-06 1.64835e-11 1 3.06852
1 -5.1098e-05 -1.67893e-06 4.76293e-07 5.1098e-05 1 -7.88364e-11 3.30856e-06 1.67893e-06 -6.95369e-12 1 3.10451
1 -5.10982e-05 -1.90471e-06 1.17565e-06 5.10982e-05 1 -9.35362e-11 3.30857e-06 1.90471e-06 -3.79118e-12 1 3.1325
1 -5.10982e-05 -2.06302e-06 1.79077e-06 5.10982e-05 1 -1.01644e-10 3.3086e-06 2.06302e-06 -3.77295e-12 1 3.1645
1 -5.1098e-05 -2.12729e-06 2.09054e-06 5.1098e-05 1 -1.01698e-10 3.30864e-06 2.12729e-06 -7.00184e-12 1 3.1845
1 -5.10982e-05 -2.23073e-06 2.73165e-06 5.10982e-05 1 -1.10227e-10 3.30865e-06 2.23073e-06 -3.75909e-12 1 3.24449
1 -5.10982e-05 -2.26048e-06 2.98393e-06 5.10982e-05 1 -1.11749e-10 3.30867e-06 2.26048e-06 -3.75767e-12 1 3.28449
1 -5.16483e-05 -2.66343e-05 1.99129e-06 5.16483e-05 1 4.56333e-07 -6.46562e-06 2.66343e-05 -4.57709e-07 1 3.33248
1 -5.10983e-05 -7.99775e-05 1.10678e-06 5.10983e-05 1 -4.14372e-09 3.30852e-06 7.99775e-05 5.70091e-11 1 3.37507
1 -5.10982e-05 -0.000100637 2.309e-06 5.10982e-05 1 -5.13191e-09 3.30864e-06 0.000100637 -1.04733e-11 1 3.40266
1 -3.14448e-05 -0.000112985 4.01954e-06 3.14448e-05 1 -5.77419e-09 2.03625e-06 0.000112985 2.22141e-09 1 3.43424
1 -1.59062e-05 -0.000118924 4.54387e-06 1.59062e-05 1 -6.05999e-09 1.03013e-06 0.000118924 4.16836e-09 1 3.46469
1 -3.86366e-05 -0.000121003 2.85811e-06 3.86366e-05 1 -6.26237e-09 7.37756e-07 0.000121003 1.58723e-09 1 3.48225
1 -3.8644e-05 -0.000124466 -2.2774e-07 3.8644e-05 1 -6.77046e-09 7.35935e-07 0.000124466 1.96061e-09 1 3.53975
1 -6.35471e-05 -0.000125438 -3.55733e-06 6.35471e-05 1 -5.75149e-09 -3.92795e-06 0.000125438 -2.21971e-09 1 3.57139
1 -6.35425e-05 -0.000125874 -6.08799e-06 6.35425e-05 1 -5.5561e-09 -3.92704e-06 0.000125874 -2.44225e-09 1 3.60165
1 -7.69541e-05 -0.000126056 -8.97018e-06 7.69541e-05 1 -6.44277e-09 -1.46872e-06 0.000126056 -3.25778e-09 1 3.6245
1 6.23921e-06 -0.000126459 -9.21563e-06 -6.23838e-06 1 6.56061e-06 1.56586e-06 0.000126459 -6.55982e-06 1 3.66957
1 -5.10982e-05 -0.000126768 -1.55696e-05 5.10982e-05 1 -6.47423e-09 3.30771e-06 0.000126768 -3.40314e-12 1 3.70223
1 -5.10982e-05 -0.000126936 -1.96877e-05 5.10982e-05 1 -6.4828e-09 3.3075e-06 0.000126936 -3.39812e-12 1 3.7395
1 -5.10981e-05 -0.000127017 -2.36222e-05 5.10981e-05 1 -6.48253e-09 3.30732e-06 0.000127017 -7.77368e-12 1 3.77371
1 -5.10981e-05 -0.000127065 -2.81781e-05 5.10981e-05 1 -6.485e-09 3.30709e-06 0.000127065 -7.77375e-12 1 3.81224
1 -5.10981e-05 -0.000127093 -3.38335e-05 5.10981e-05 1 -6.48645e-09 3.3068e-06 0.000127093 -7.77263e-12 1 3.85901
1 -5.10981e-05 -0.000127105 -3.84803e-05 5.10981e-05 1 -6.48703e-09 3.30656e-06 0.000127105 -7.77114e-12 1 3.8969
1 -5.10981e-05 -0.000127111 -4.20074e-05 5.10981e-05 1 -6.48734e-09 3.30638e-06 0.000127111 -7.76946e-12 1 3.9256
1 -5.10982e-05 -0.000127114 -4.47617e-05 5.10982e-05 1 -6.49188e-09 3.30622e-06 0.000127114 -3.4031e-12 1 3.94804
1 -5.10981e-05 -0.000127115 -4.63881e-05 5.10981e-05 1 -6.48758e-09 3.30616e-06 0.000127115 -7.76578e-12 1 3.96126
1 -5.10982e-05 -0.000127116 -4.73577e-05 5.10982e-05 1 -6.49198e-09 3.30609e-06 0.000127116 -3.40625e-12 1 3.96916
1 -5.10981e-05 -0.000127116 -4.85018e-05 5.10981e-05 1 -6.48764e-09 3.30605e-06 0.000127116 -7.76233e-12 1 3.97846
1 -5.10982e-05 -0.000127117 -4.92975e-05 5.10982e-05 1 -6.49202e-09 3.30599e-06 0.000127117 -3.41057e-12 1 3.98494
1 -5.10981e-05 -0.000127117 -4.97699e-05 5.10981e-05 1 -6.48767e-09 3.30599e-06 0.000127117 -7.75845e-12 1 3.98877
1 -5.10981e-05 -0.000127117 -5.02755e-05 5.10981e-05 1 -6.48767e-09 3.30596e-06 0.000127117 -7.75573e-12 1 3.99287
1 -5.10982e-05 -0.000127117 -5.04049e-05 5.10982e-05 1 -6.49202e-09 3.30593e-06 0.000127117 -3.41616e-12 1 3.99394
1 -5.10982e-05 -0.000127117 -5.06117e-05 5.10982e-05 1 -6.49202e-09 3.30592e-06 0.000127117 -3.41816e-12 1 3.99561
1 -5.10981e-05 -0.000127117 -5.07995e-05 5.10981e-05 1 -6.48768e-09 3.30593e-06 0.000127117 -7.75035e-12 1 3.99712
1 -5.10981e-05 -0.000127117 -5.08977e-05 5.10981e-05 1 -6.48768e-09 3.30593e-06 0.000127117 -7.7484e-12 1 3.99791
1 -5.10981e-05 -0.000127117 -5.09687e-05 5.10981e-05 1 -6.48769e-09 3.30593e-06 0.000127117 -7.74646e-12 1 3.99848
1 -5.10981e-05 -0.000127117 -5.10203e-05 5.10981e-05 1 -6.48769e-09 3.30592e-06 0.000127117 -7.74454e-12 1 3.99889
1 -5.10981e-05 -0.000127117 -5.10512e-05 5.10981e-05 1 -6.48769e-09 3.30592e-06 0.000127117 -7.74298e-12 1 3.99913
1 -5.10982e-05 -0.000127117 -5.10806e-05 5.10982e-05 1 -6.49201e-09 3.3059e-06 0.000127117 -3.43051e-12 1 3.99938
1 -5.10982e-05 -0.000127117 -5.11012e-05 5.10982e-05 1 -6.49201e-09 3.3059e-06 0.000127117 -3.43249e-12 1 3.99954
1 -5.10981e-05 -0.000127117 -5.11197e-05 5.10981e-05 1 -6.4877e-09 3.30592e-06 0.000127117 -7.73685e-12 1 3.99967
1 -5.10981e-05 -0.000127117 -5.11287e-05 5.10981e-05 1 -6.4877e-09 3.30592e-06 0.000127117 -7.73529e-12 1 3.99973
1 -5.10981e-05 -0.000127117 -5.11373e-05 5.10981e-05 1 -6.4877e-09 3.30592e-06 0.000127117 -7.73338e-12 1 3.9998
1 -5.10982e-05 -0.000127117 -5.11411e-05 5.10982e-05 1 -6.492e-09 3.3059e-06 0.000127117 -3.44005e-12 1 3.99984
1 -5.10981e-05 -0.000127117 -5.11487e-05 5.10981e-05 1 -6.4877e-09 3.30592e-06 0.000127117 -7.72952e-12 1 3.99987
0.999994 -5.10986e-05 -0.00346884 -0.000573707 5.10983e-05 1 -1.75524e-07 3.27942e-06 0.00346884 -1.72878e-09 0.999994 3.9997
0.999722 -5.36368e-05 -0.0235703 -0.00368827 5.32102e-05 1 -1.8727e-05 -2.53107e-06 0.0235703 1.74676e-05 0.999722 3.99846
0.998037 -1.5552e-05 -0.0626216 -0.00962748 1.4911e-05 1 -1.07037e-05 -3.23568e-07 0.0626216 9.74897e-06 0.998037 3.99587
0.994448 -5.33937e-05 -0.105228 -0.0159643 5.06618e-05 1 -2.86351e-05 -7.30833e-06 0.105228 2.31451e-05 0.994448 3.99277
0.989902 -5.10968e-05 -0.141754 -0.0212795 5.05802e-05 1 -7.24756e-06 2.22068e-06 0.141754 4.41411e-09 0.989902 3.98988
0.981075 -5.272e-05 -0.193626 -0.0286504 5.59551e-05 1 1.12392e-05 -2.69963e-06 0.193626 -2.18609e-05 0.981075 3.98541
0.966758 -4.73877e-05 -0.255695 -0.0372013 5.11517e-05 1 8.07077e-06 -2.37992e-06 0.255695 -2.08817e-05 0.966758 3.97949
0.95732 -5.11027e-05 -0.28903 -0.0416735 4.8922e-05 1 -1.4769e-05 1.17876e-06 0.28903 -1.28421e-09 0.95732 3.97605
0.945077 -5.10945e-05 -0.326847 -0.0466439 4.8292e-05 1 -1.66895e-05 9.26802e-07 0.326847 -1.12614e-08 0.945077 3.97191
0.921931 -4.99295e-05 -0.387354 -0.0543632 3.89312e-05 1 -3.62396e-05 -2.8918e-06 0.387354 1.83303e-05 0.921931 3.96475
0.903602 -5.10978e-05 -0.428373 -0.0594267 4.61743e-05 1 -2.18844e-05 2.72492e-07 0.428373 -5.05922e-09 0.903602 3.9595
0.878708 -5.11038e-05 -0.47736 -0.0652836 4.49057e-05 1 -2.43943e-05 -2.79719e-08 0.47736 -7.38971e-10 0.878708 3.95277
0.853762 -5.11024e-05 -0.520664 -0.0702768 4.36308e-05 1 -2.66047e-05 -2.82781e-07 0.520664 -2.87756e-09 0.853762 3.94639
0.829481 -5.10935e-05 -0.558535 -0.0744905 4.23851e-05 1 -2.85315e-05 -4.96558e-07 0.558535 -7.21767e-09 0.829481 3.94043
0.800532 -2.83976e-05 -0.599289 -0.0788496 6.86167e-06 1 -3.82196e-05 -5.20508e-06 0.599289 2.64839e-05 0.800532 3.9336
0.769582 -5.11021e-05 -0.638548 -0.0828622 3.93293e-05 1 -3.26286e-05 -9.26727e-07 0.638548 -3.28372e-09 0.769582 3.92655
0.736707 -5.10941e-05 -0.676212 -0.0865154 3.76407e-05 1 -3.45513e-05 -1.11178e-06 0.676212 1.06161e-09 0.736707 3.91932
0.700808 -7.75775e-05 -0.71335 -0.0898884 7.35249e-05 1 -3.65187e-05 -8.66914e-06 0.71335 -2.68563e-05 0.700808 3.91168
0.683513 -5.10984e-05 -0.729939 -0.091252 3.49238e-05 1 -3.73012e-05 -1.35455e-06 0.729939 3.64455e-09 0.683513 3.90812
0.657345 -3.46921e-05 -0.75359 -0.0931674 3.36613e-05 1 -1.66736e-05 -4.71677e-06 0.75359 -1.44065e-05 0.657345 3.90278
0.624847 -4.87364e-05 -0.780747 -0.0952676 5.1611e-05 1 -2.11174e-05 -2.81281e-07 0.780747 -2.71e-05 0.624847 3.89625
0.580572 -5.10926e-05 -0.814209 -0.0976145 2.9665e-05 1 -4.15985e-05 -1.67846e-06 0.814209 -2.61721e-09 0.580572 3.88754
0.552878 -3.50028e-05 -0.833262 -0.0988004 -8.50071e-07 1 -4.2571e-05 -3.62323e-06 0.833262 2.42449e-05 0.552878 3.88221
0.507288 -5.11006e-05 -0.861777 -0.100323 2.59261e-05 1 -4.40353e-05 -1.81812e-06 0.861777 -3.97136e-09 0.507288 3.87361
0.464075 -5.11048e-05 -0.885796 -0.10131 2.37132e-05 1 -4.52701e-05 -1.86928e-06 0.885796 3.61567e-09 0.464075 3.86564
0.414959 -5.11073e-05 -0.90984 -0.101937 2.12045e-05 1 -4.65008e-05 -1.90168e-06 0.90984 3.26714e-09 0.414959 3.85679
0.369098 -5.11013e-05 -0.929391 -0.102084 1.88652e-05 1 -4.74915e-05 -1.90883e-06 0.929391 -4.12737e-09 0.369098 3.8487
0.326979 -5.1102e-05 -0.945032 -0.101869 1.6706e-05 1 -4.82941e-05 -1.89735e-06 0.945032 3.42258e-09 0.326979 3.84141
0.279377 -3.8948e-05 -0.960181 -0.101244 -2.9177e-05 1 -4.90526e-05 -4.67678e-06 0.960181 4.17194e-05 0.279377 3.83334
0.23106 -5.10931e-05 -0.97294 -0.100216 1.18112e-05 1 -4.97091e-05 -1.8117e-06 0.97294 -5.84183e-09 0.23106 3.8253
0.152583 -7.17615e-05 -0.988291 -0.0977372 6.16868e-06 1 -7.16594e-05 -7.73346e-06 0.988291 4.83755e-06 0.152583 3.81258
0.112943 -5.11058e-05 -0.993601 -0.0961162 5.7713e-06 1 -5.07789e-05 -1.60396e-06 0.993601 7.49696e-10 0.112943 3.8063
0.0731211 -5.11066e-05 -0.997323 -0.0942462 3.73646e-06 1 -5.09699e-05 -1.50851e-06 0.997323 5.16964e-10 0.0731211 3.80009
0.0331815 -7.18801e-05 -0.999449 -0.0921302 -1.41866e-05 1 -7.23907e-05 -4.85668e-06 0.999449 1.65808e-05 0.0331815 3.79396
-0.0118115 -6.9231e-05 -0.99993 -0.0894576 1.87617e-05 1 -6.94574e-05 -1.0349e-05 0.99993 -1.95808e-05 -0.0118115 3.78717
-0.0817199 -5.10949e-05 -0.996655 -0.0846998 -4.16873e-06 1 -5.09246e-05 -1.01953e-06 0.996655 -6.76596e-09 -0.0817199 3.77688
-0.126471 -7.22824e-05 -0.99197 -0.081267 -8.12787e-06 1 -7.18313e-05 -6.88012e-06 0.99197 -1.02199e-06 -0.126471 3.77044
-0.175891 -5.10904e-05 -0.98441 -0.0771154 -8.9876e-06 1 -5.02937e-05 -6.30817e-07 0.98441 1.27223e-09 -0.175891 3.76348
-0.219996 -2.07628e-05 -0.975501 -0.0730849 -1.11831e-05 1 -1.87622e-05 -9.14349e-07 0.975501 6.7815e-06 -0.219996 3.75741
-0.263656 -3.20619e-05 -0.964617 -0.0687872 -1.33708e-05 1 -2.95833e-05 -4.11051e-06 0.964617 5.0979e-06 -0.263656 3.75151
-0.311538 -5.10911e-05 -0.950234 -0.0637069 -1.59189e-05 1 -4.85478e-05 5.42759e-08 0.950234 2.16982e-09 -0.311538 3.7452
-0.35755 -4.12659e-05 -0.933894 -0.0584469 -3.72408e-05 1 -2.9929e-05 -9.06239e-07 0.933894 2.40779e-05 -0.35755 3.7393
-0.38391 -5.10972e-05 -0.92337 -0.0552813 -1.96148e-05 1 -4.71825e-05 4.83615e-07 0.92337 -2.1514e-09 -0.38391 3.73608
-0.401593 -5.10983e-05 -0.915818 -0.0531185 -2.05205e-05 1 -4.67969e-05 5.94218e-07 0.915818 -2.16913e-10 -0.401593 3.73407
-0.407004 -4.99679e-05 -0.913426 -0.05246 8.52288e-06 1 -5.85015e-05 -1.0831e-05 0.913426 -3.15953e-05 -0.407004 3.73351
-0.412804 -5.10983e-05 -0.91082 -0.0517726 -2.10933e-05 1 -4.65415e-05 6.62967e-07 0.91082 -3.52087e-10 -0.412804 3.733
-0.414078 -4.01347e-05 -0.910242 -0.0520655 -3.18202e-05 1 -2.9617e-05 -4.22615e-08 0.910242 1.67003e-05 -0.414078 3.73272
-0.41497 -4.98107e-05 -0.909835 -0.0576657 -1.81018e-05 1 -4.64908e-05 5.628e-07 0.909835 -2.82259e-06 -0.41497 3.73009
-0.415674 -5.10981e-05 -0.909514 -0.0758354 -2.12401e-05 1 -4.64744e-05 -5.66514e-07 0.909514 -4.09915e-11 -0.415674 3.72177
-0.415976 -5.25712e-05 -0.909375 -0.09984 -2.47967e-05 1 -4.64674e-05 -1.1389e-06 0.909375 3.22015e-06 -0.415976 3.71081
-0.416114 -4.99852e-05 -0.909313 -0.125903 -1.85877e-05 1 -4.64643e-05 -5.45192e-06 0.909313 -2.43239e-06 -0.416114 3.69892
-0.41618 -5.13143e-05 -0.909282 -0.151844 -2.17855e-05 1 -4.64626e-05 -1.41644e-05 0.909282 4.72373e-07 -0.41618 3.68708
-0.41622 -2.45779e-05 -0.909264 -0.182676 2.66743e-05 1 -3.92409e-05 -1.27169e-05 0.909264 -4.05868e-05 -0.41622 3.67299
-0.416239 -5.26268e-05 -0.909255 -0.21176 -2.49415e-05 1 -4.64613e-05 -6.83353e-06 0.909255 3.33923e-06 -0.416239 3.6597
-0.416252 -4.9713e-05 -0.909249 -0.251941 -1.79421e-05 1 -4.6461e-05 -9.34973e-06 0.909249 -3.02562e-06 -0.416252 3.64132
-0.416258 -5.10984e-05 -0.909247 -0.293245 -2.12701e-05 1 -4.6461e-05 -1.16758e-05 0.909247 2.59536e-11 -0.416258 3.62243
-0.416259 -4.5679e-05 -0.909246 -0.31402 -8.25135e-06 1 -4.64608e-05 -1.68477e-05 0.909246 -1.18372e-05 -0.416259 3.61292
-0.416261 -4.27324e-05 -0.909245 -0.350294 -1.17276e-06 1 -4.64608e-05 -1.83038e-05 0.909245 -1.82735e-05 -0.416261 3.59633
-0.416262 -5.92209e-05 -0.909245 -0.378532 -4.07836e-05 1 -4.64607e-05 -1.72972e-05 0.909245 1.77425e-05 -0.416262 3.58341
-0.416262 -4.59233e-05 -0.909245 -0.412183 -8.83852e-06 1 -4.64607e-05 -2.49915e-05 0.909245 -1.13035e-05 -0.416262 3.568
-0.416262 -7.29671e-05 -0.909245 -0.441173 -7.38066e-05 1 -4.64607e-05 -2.26361e-05 0.909245 4.77684e-05 -0.416262 3.55474
-0.416262 -5.10981e-05 -0.909245 -0.474488 -2.12702e-05 1 -4.64607e-05 -2.0937e-05 0.909245 -7.49522e-11 -0.416262 3.53948
-0.416262 -5.26268e-05 -0.909245 -0.504406 -2.49426e-05 1 -4.64607e-05 -2.17872e-05 0.909245 3.33907e-06 -0.416262 3.52579
-0.416262 -5.10981e-05 -0.909245 -0.531019 -2.12702e-05 1 -4.64607e-05 -2.38255e-05 0.909245 1.2004e-12 -0.416262 3.51361
-0.416262 -4.28281e-05 -0.909245 -0.558556 -1.40293e-06 1 -4.64607e-05 -2.8903e-05 0.909245 -1.80643e-05 -0.416262 3.501
-0.416262 -3.30102e-05 -0.909245 -0.585464 2.21829e-05 1 -4.64607e-05 -3.46355e-05 0.909245 -3.95095e-05 -0.416262 3.48868
-0.416262 -7.23306e-05 -0.909245 -0.613858 -7.22776e-05 1 -4.64607e-05 -3.1361e-05 0.909245 4.63781e-05 -0.416262 3.47569
-0.416262 -4.9713e-05 -0.909245 -0.649593 -1.79426e-05 1 -4.64607e-05 -2.9669e-05 0.909245 -3.0256e-06 -0.416262 3.45932
-0.416262 -2.9828e-05 -0.909244 -0.677639 2.98277e-05 1 -4.64607e-05 -4.07577e-05 0.909244 -4.64605e-05 -0.416262 3.44648
-0.416262 -2.97901e-05 -0.909244 -0.695718 2.99187e-05 1 -4.64607e-05 -4.16984e-05 0.909244 -4.65432e-05 -0.416262 3.4382
-0.416262 -5.26268e-05 -0.909245 -0.709848 -2.49426e-05 1 -4.64607e-05 -3.22849e-05 0.909245 3.33907e-06 -0.416262 3.43174
-0.416262 -7.23306e-05 -0.909245 -0.719715 -7.22776e-05 1 -4.64607e-05 -3.67701e-05 0.909245 4.63781e-05 -0.416262 3.42723
-0.416262 -3.69109e-05 -0.909245 -0.724961 1.28121e-05 1 -4.64607e-05 -4.00323e-05 0.909245 -3.09892e-05 -0.416262 3.42482
-0.416262 -3.30102e-05 -0.909244 -0.729859 2.21829e-05 1 -4.64607e-05 -4.20138e-05 0.909244 -3.95095e-05 -0.416262 3.42258
-0.416262 -7.23306e-05 -0.909245 -0.73309 -7.22776e-05 1 -4.64607e-05 -3.74536e-05 0.909245 4.63781e-05 -0.416262 3.4211
-0.416262 -7.29903e-05 -0.909245 -0.735724 -7.38624e-05 1 -4.64607e-05 -3.76908e-05 0.909245 4.78191e-05 -0.416262 3.4199
-0.416262 -5.25508e-05 -0.909245 -0.738082 -2.476e-05 1 -4.64607e-05 -3.37614e-05 0.909245 3.17306e-06 -0.416262 3.41881
-0.416262 -5.92793e-05 -0.909245 -0.739108 -4.0924e-05 1 -4.64607e-05 -3.5731e-05 0.909245 1.78701e-05 -0.416262 3.41834
-0.416262 -4.58223e-05 -0.909245 -0.740144 -8.59599e-06 1 -4.64607e-05 -4.17595e-05 0.909245 -1.1524e-05 -0.416262 3.41787
-0.416262 -5.25508e-05 -0.909245 -0.740696 -2.476e-05 1 -4.64607e-05 -3.38949e-05 0.909245 3.17306e-06 -0.416262 3.41762
-0.416262 -5.10981e-05 -0.909245 -0.742056 -2.12702e-05 1 -4.64607e-05 -3.46092e-05 0.909245 -7.49542e-11 -0.416262 3.41699
-0.416262 -3.30102e-05 -0.909244 -0.752713 2.21829e-05 1 -4.64607e-05 -4.31816e-05 0.909244 -3.95095e-05 -0.416262 3.41211
-0.416262 -5.10981e-05 -0.909245 -0.766198 -2.12702e-05 1 -4.64607e-05 -3.58427e-05 0.909245 1.20037e-12 -0.416262 3.40594
-0.416262 -4.28281e-05 -0.909245 -0.787998 -1.40293e-06 1 -4.64607e-05 -4.06271e-05 0.909245 -1.80643e-05 -0.416262 3.39596
-0.416701 -5.10987e-05 -0.909043 -0.811065 -2.12925e-05 1 -4.64511e-05 -3.81355e-05 0.909043 -4.4265e-10 -0.416701 3.38532
-0.432365 -5.10938e-05 -0.901699 -0.837326 -2.20933e-05 1 -4.60701e-05 -3.94766e-05 0.901699 2.3963e-09 -0.432365 3.37031
-0.461902 -5.10985e-05 -0.886931 -0.856899 -2.36052e-05 1 -4.53194e-05 -4.04771e-05 0.886931 3.05626e-09 -0.461902 3.35575
-0.501837 -5.10953e-05 -0.864962 -0.869586 -2.56424e-05 1 -4.4195e-05 -4.11253e-05 0.864962 9.81834e-10 -0.501837 3.34243
-0.536486 -5.11022e-05 -0.843909 -0.875161 -2.74151e-05 1 -4.31259e-05 -4.1411e-05 0.843909 -6.16043e-10 -0.536486 3.33338
-0.566652 -5.10955e-05 -0.823957 -0.881367 -2.89556e-05 1 -4.20989e-05 -4.17271e-05 0.823957 2.68459e-09 -0.566652 3.325
-0.577983 -2.63712e-05 -0.816049 -0.885831 -2.95202e-05 1 -1.14074e-05 -4.19566e-05 0.816049 1.74967e-05 -0.577983 3.32097
-0.58233 -5.1098e-05 -0.812953 -0.888491 -2.97566e-05 1 -4.15398e-05 -4.20916e-05 0.812953 8.75395e-10 -0.58233 3.31903
-0.585351 -5.1098e-05 -0.81078 -0.891151 -2.991e-05 1 -4.14295e-05 -4.22277e-05 0.81078 -3.15386e-10 -0.585351 3.31735
-0.586916 -5.10979e-05 -0.809648 -0.893179 -2.99899e-05 1 -4.13715e-05 -4.23313e-05 0.809648 -3.45785e-10 -0.586916 3.31621
-0.589447 -6.68252e-05 -0.807807 -0.894399 -2.87317e-05 1 -6.1759e-05 -5.21137e-05 0.807807 -1.3194e-05 -0.589447 3.31523
-0.604608 -5.11021e-05 -0.796523 -0.892825 -3.08932e-05 1 -4.07067e-05 -4.23141e-05 0.796523 -4.42753e-09 -0.604608 3.31309
-0.63468 -2.37934e-05 -0.772775 -0.88831 -1.51318e-05 1 -1.83618e-05 -4.87511e-05 0.772775 3.96123e-08 -0.63468 3.30946
-0.666873 -5.10993e-05 -0.745171 -0.882754 -3.4081e-05 1 -3.80739e-05 -4.17978e-05 0.745171 5.73281e-09 -0.666873 3.30591
-0.698957 -5.1095e-05 -0.715164 -0.876686 -3.57119e-05 1 -3.65426e-05 -4.14886e-05 0.715164 -1.80262e-09 -0.698957 3.30263
-0.717756 -5.10952e-05 -0.696295 -0.873053 -3.6676e-05 1 -3.55751e-05 -4.13022e-05 0.696295 3.06662e-09 -0.717756 3.30082
-0.725084 -3.06151e-05 -0.68866 -0.871672 -3.70455e-05 1 -5.45115e-06 -4.21212e-05 0.68866 2.15592e-05 -0.725084 3.30015
-0.731865 -1.37395e-05 -0.681449 -0.870475 9.69343e-07 1 -2.12032e-05 -4.82594e-05 0.681449 -1.61784e-05 -0.731865 3.29956
-0.736197 -4.52312e-05 -0.676767 -0.869708 -1.99136e-05 1 -4.51719e-05 -4.44031e-05 0.676767 -1.97785e-05 -0.736197 3.2992
-0.751734 -7.50781e-05 -0.659467 -0.866229 -7.03435e-05 1 -3.36614e-05 -4.48595e-05 0.659467 2.10848e-05 -0.751734 3.29785
-0.772531 -6.05055e-05 -0.634977 -0.861287 -6.49615e-05 1 -1.62537e-05 -4.23487e-05 0.634977 2.86925e-05 -0.772531 3.29612
-0.801377 -5.10943e-05 -0.59816 -0.853975 -4.09441e-05 1 -3.05649e-05 -4.03283e-05 0.59816 -2.91632e-09 -0.801377 3.29391
-0.825521 -5.11032e-05 -0.564371 -0.847403 -4.21816e-05 1 -2.88487e-05 -3.99937e-05 0.564371 -9.10266e-09 -0.825521 3.29226
-0.853039 -8.56422e-05 -0.521847 -0.839321 -8.15474e-05 1 -3.08118e-05 -4.32953e-05 0.521847 1.62716e-05 -0.853039 3.29064
-0.866725 -4.10621e-05 -0.498787 -0.835076 -2.81645e-05 1 -3.33835e-05 -4.23416e-05 0.498787 -1.48862e-05 -0.866725 3.29
-0.883514 -5.80491e-05 -0.468404 -0.829513 -5.67309e-05 1 -1.69224e-05 -3.7725e-05 0.468404 1.16218e-05 -0.883514 3.28932
-0.904341 -3.71113e-05 -0.42681 -0.821977 -3.82596e-05 1 -5.8843e-06 -4.5191e-05 0.42681 1.10082e-05 -0.904341 3.28869
-0.921241 -5.10954e-05 -0.388993 -0.815242 -4.707e-05 1 -1.98785e-05 -3.83493e-05 0.388993 -2.98465e-09 -0.921241 3.28843
-0.938797 -3.94868e-05 -0.344472 -0.807455 -4.11556e-05 1 -2.46781e-06 -3.7512e-05 0.344472 1.18602e-05 -0.938797 3.28847
-0.95416 -5.1094e-05 -0.299296 -0.799716 -4.87513e-05 1 -1.52941e-05 -3.75558e-05 0.299296 -1.91365e-09 -0.95416 3.28889
-0.962125 -4.50294e-05 -0.27261 -0.795291 -4.90966e-05 1 8.09816e-06 -4.0535e-05 0.27261 2.11756e-05 -0.962125 3.28935
-0.96735 -5.67166e-05 -0.253443 -0.792268 -5.61747e-05 1 -9.37489e-06 -3.76116e-05 0.253443 5.16826e-06 -0.96735 3.2898
-0.969521 -5.10964e-05 -0.245008 -0.790977 -4.95389e-05 1 -1.25197e-05 -3.71091e-05 0.245008 -6.86805e-10 -0.969521 3.29002
-0.975399 -5.11017e-05 -0.220446 -0.786936 -4.98451e-05 1 -1.12627e-05 -3.6902e-05 0.220446 2.4711e-09 -0.975399 3.29063
-0.982915 -4.53868e-05 -0.184061 -0.780956 -4.32957e-05 1 -1.53798e-05 -3.78774e-05 0.184061 -7.14798e-06 -0.982915 3.29169
-0.989965 -5.10932e-05 -0.141311 -0.774033 -5.05804e-05 1 -7.22072e-06 -3.62441e-05 0.141311 -6.89169e-10 -0.989965 3.29321
-0.995467 -5.10972e-05 -0.0951037 -0.766689 -5.08666e-05 1 -4.84916e-06 -3.58663e-05 0.0951037 1.04183e-08 -0.995467 3.29517
-0.998592 -2.13754e-05 -0.0530564 -0.760137 -2.11292e-05 1 -5.20026e-06 -4.10614e-05 0.0530564 -4.0719e-06 -0.998592 3.29724
-0.999771 -1.28896e-05 -0.0214218 -0.755387 -1.29183e-05 1 1.20177e-06 -4.1938e-05 0.0214218 1.47823e-06 -0.999771 3.29899
-0.999967 -4.953e-05 -0.00807172 -0.753485 -4.96972e-05 1 2.0508e-05 -3.89852e-05 0.00807172 2.09085e-05 -0.999967 3.29979
-1 -5.11049e-05 -8.66068e-05 -0.752416 -5.11026e-05 1 -2.59399e-05 -4.29189e-05 8.66081e-05 -2.59355e-05 -1 3.30028
-0.999993 -5.10093e-05 0.00375564 -0.751945 -5.11018e-05 1 -2.4557e-05 -4.49243e-05 -0.00375564 -2.47487e-05 -0.999993 3.30053
-0.99998 -5.10981e-05 0.0063584 -0.75167 -5.1097e-05 1 3.25007e-07 -3.51004e-05 -0.0063584 1.05643e-10 -0.99998 3.3007
-0.999974 -5.10979e-05 0.00724648 -0.751596 -5.10966e-05 1 3.70237e-07 -3.50967e-05 -0.00724648 -4.32612e-11 -0.999974 3.30076
-0.999969 -4.77606e-05 0.00786579 -0.751562 -4.77589e-05 1 4.01932e-07 -3.48788e-05 -0.00786579 2.6258e-08 -0.999969 3.3008
-0.999967 1.49229e-06 0.0081638 -0.751555 1.49574e-06 1 4.16997e-07 -4.48108e-05 -0.0081638 4.29194e-07 -0.999967 3.30083
-0.999965 -6.39034e-05 0.00836563 -0.751567 -6.39021e-05 1 4.27564e-07 -3.7652e-05 -0.00836563 -1.07033e-07 -0.999965 3.30084
-0.999964 -6.85682e-05 0.00845755 -0.751581 -6.85669e-05 1 4.32171e-07 -4.0591e-05 -0.00845755 -1.47753e-07 -0.999964 3.30085
-0.999964 -2.3603e-08 0.00849184 -0.751587 -1.99194e-08 1 4.33866e-07 -4.45324e-05 -0.00849184 4.33682e-07 -0.999964 3.30085
-0.999964 -3.9305e-05 0.0085123 -0.751598 -3.93027e-05 1 4.34915e-07 -3.72755e-05 -0.0085123 1.00343e-07 -0.999964 3.30086
-0.999964 -8.56373e-05 0.00852291 -0.751607 -8.56367e-05 1 4.35484e-07 -3.73336e-05 -0.00852291 -2.94406e-07 -0.999964 3.30086
-0.999964 -8.533e-05 0.00852803 -0.751608 -8.53294e-05 1 4.35744e-07 -3.73138e-05 -0.00852803 -2.91964e-07 -0.999964 3.30038
-0.999964 -5.10982e-05 0.00853131 -0.751524 -5.10963e-05 1 4.35899e-07 -3.5093e-05 -0.00853131 -3.61185e-11 -0.999964 3.29017
-0.999964 -8.59645e-05 0.00853256 -0.751408 -8.59639e-05 1 4.35974e-07 -3.73447e-05 -0.00853256 -2.97534e-07 -0.999964 3.27615
-0.999964 -1.67799e-05 0.00853359 -0.751165 -1.67768e-05 1 4.36028e-07 -4.14151e-05 -0.00853359 2.92846e-07 -0.999964 3.24767
-0.999964 -5.10982e-05 0.008534 -0.750898 -5.10963e-05 1 4.36036e-07 -3.5061e-05 -0.008534 -3.6005e-11 -0.999964 3.21595
-0.999964 -4.77535e-05 0.00853421 -0.750614 -4.77515e-05 1 4.36051e-07 -3.48299e-05 -0.00853421 2.85132e-08 -0.999964 3.18256
-0.999964 -3.91289e-05 0.0085343 -0.750446 -3.91266e-05 1 4.36044e-07 -3.72492e-05 -0.0085343 1.0211e-07 -0.999964 3.1629
-0.999964 -2.36243e-08 0.00853439 -0.750083 -1.99036e-08 1 4.36053e-07 -4.44555e-05 -0.00853439 4.35867e-07 -0.999964 3.12051
-0.999964 -6.44804e-05 0.00853439 -0.749667 -6.4479e-05 1 4.3607e-07 -4.0669e-05 -0.00853439 -1.14235e-07 -0.999964 3.0713
-0.999964 -4.74254e-05 0.0085344 -0.749427 -4.74234e-05 1 4.36068e-07 -3.4748e-05 -0.0085344 3.13219e-08 -0.999964 3.04323
-0.999964 8.33016e-08 0.00853443 -0.749087 8.70263e-08 1 4.36055e-07 -4.44244e-05 -0.00853443 4.36782e-07 -0.999964 3.00368
-0.999964 -7.03959e-05 0.0085344 -0.748868 -7.03947e-05 1 4.36049e-07 -3.62067e-05 -0.0085344 -1.64743e-07 -0.999964 2.9775
-0.999964 -8.599e-06 0.00853443 -0.748626 -8.5956e-06 1 4.36069e-07 -4.27968e-05 -0.00853443 3.62695e-07 -0.999964 2.9496
-0.999964 -0.000103488 0.00853438 -0.748443 -0.000103488 1 4.3605e-07 -3.83277e-05 -0.00853438 -4.47172e-07 -0.999964 2.92755
-0.999964 -8.57527e-05 0.00853439 -0.748198 -8.57521e-05 1 4.36069e-07 -3.71669e-05 -0.00853439 -2.95789e-07 -0.999964 2.89892
-0.999964 -3.1036e-05 0.00853442 -0.747896 -3.10334e-05 1 4.3605e-07 -3.86141e-05 -0.00853442 1.71182e-07 -0.999964 2.86381
