1 -1.38778e-17 3.46945e-18 -4.44089e-16 1.90723e-19 0.998488 0.0549722 1.11022e-16 3.4642e-18 -0.0549722 0.998488 -6.93889e-18
1 -0.000284293 0.000339736 0.000162355 0.000265019 0.998462 0.0554447 6.75351e-05 -0.000354976 -0.0554446 0.998462 5.44896e-05
1 8.46841e-05 0.000734165 0.000236484 -0.000126334 0.998379 0.0569185 0.000100313 -0.000728155 -0.0569185 0.998379 4.77932e-05
0.999999 -0.0011263 0.000560769 -0.000249849 0.00109311 0.998429 0.0560292 0.000145736 -0.000622993 -0.0560285 0.998429 -6.93012e-05
0.999999 -0.00125822 0.000500574 0.000337883 0.00122809 0.998418 0.0562127 4.77691e-05 -0.000570509 -0.056212 0.998419 0.000140262
1 -0.000565004 0.000517151 0.000486147 0.000534869 0.998401 0.0565247 1.41551e-05 -0.00054826 -0.0565244 0.998401 0.000190427
1 -0.000479466 0.000317345 9.22246e-05 0.000461079 0.998453 0.0556034 3.98278e-05 -0.000343514 -0.0556033 0.998453 4.31262e-05
0.999999 -0.00131126 0.000295221 -0.000478274 0.00129283 0.998455 0.05555 0.000126878 -0.000367605 -0.0555495 0.998456 -0.000204771
1 -0.000163215 0.000260195 -0.00012752 0.000148534 0.998461 0.0554562 9.07668e-05 -0.000268846 -0.0554562 0.998461 -8.24322e-05
0.999999 -0.00120498 0.000190279 -0.000310383 0.00119264 0.998475 0.0551946 0.000124975 -0.000256497 -0.0551943 0.998476 -0.000107018
0.999998 -0.0018952 6.44391e-05 -0.000723568 0.00188883 0.998499 0.0547383 0.00014893 -0.000168082 -0.054738 0.998501 -0.000289174
1 6.48593e-05 0.000775271 0.000532439 -0.000110169 0.998282 0.0585871 6.54317e-05 -0.000770139 -0.0585871 0.998282 0.000203052
1 -0.000734361 -1.14253e-05 -5.33473e-05 0.000733878 0.998486 0.0550079 4.88592e-05 -2.89877e-05 -0.0550079 0.998486 2.33579e-07
0.999999 -0.00103689 0.000318168 0.000105156 0.00101774 0.998474 0.0552165 6.52055e-05 -0.000374936 -0.0552162 0.998474 4.48973e-05
1 -0.000469245 0.000295411 0.000309879 0.000452137 0.99846 0.0554672 1.5215e-05 -0.000320984 -0.0554671 0.99846 0.00014369
1 -0.000276183 0.000406638 -0.000147584 0.00025294 0.998426 0.0560908 0.0001611 -0.000421489 -0.0560907 0.998426 -9.04839e-05
1 6.2484e-05 0.000480072 3.02584e-06 -8.92021e-05 0.998439 0.0558575 0.000105712 -0.000475832 -0.0558575 0.998439 -2.28239e-05
0.999999 -0.00123618 0.000680521 -6.48342e-05 0.00119486 0.998333 0.0577009 0.000173727 -0.000750715 -0.0577 0.998334 -4.42567e-05
0.999999 -0.00114627 0.000139786 -0.000431316 0.0011367 0.998445 0.0557274 0.00011287 -0.000203447 -0.0557272 0.998446 -0.000161044
1 0.000185437 0.000164253 0.000465338 -0.000194369 0.998422 0.0561613 -8.48729e-06 -0.00015358 -0.0561613 0.998422 0.000192631
1 -0.000221985 0.000161808 0.000249581 0.000212759 0.998489 0.0549466 4.23571e-05 -0.000173761 -0.0549465 0.998489 8.27162e-05
1 -0.000220651 -7.74587e-05 0.000117129 0.000224618 0.998452 0.0556285 1.75258e-05 6.50643e-05 -0.0556286 0.998452 1.89221e-05
1 0.000101414 0.000312536 5.94548e-05 -0.000118721 0.998437 0.0558829 8.66666e-05 -0.000306381 -0.0558829 0.998437 -1.19499e-05
1 0.000148214 0.00020385 -2.53402e-05 -0.000159254 0.998471 0.0552703 7.8702e-05 -0.000195346 -0.0552703 0.998471 -3.28609e-05
1 0.000139343 0.000466523 0.000281548 -0.000165425 0.998409 0.0563813 8.02772e-05 -0.000457925 -0.0563813 0.998409 9.98458e-05
0.999999 -0.00138689 -0.000686865 -0.000392389 0.00142181 0.998553 0.0537615 -1.55855e-05 0.00061131 -0.0537624 0.998554 -0.000190181
1 -0.000405678 0.000480833 0.000410236 0.000377873 0.998404 0.0564804 3.43792e-05 -0.000502979 -0.0564802 0.998404 0.000122881
0.999999 -0.00134098 -2.11874e-06 -0.00132221 0.00133906 0.998475 0.0551852 0.000248557 -7.18868e-05 -0.0551852 0.998476 -0.000564704
0.999999 -0.00122779 -0.00010039 -0.000472819 0.00123142 0.998543 0.0539458 0.000114908 3.40098e-05 -0.0539459 0.998544 -0.000186927
1 -0.00053347 9.57623e-05 -0.000344367 0.000527346 0.998464 0.055401 0.000132041 -0.00012517 -0.0554009 0.998464 -0.000186692
0.999995 -0.00315746 -0.00034106 -0.00106995 0.00317126 0.998537 0.0539775 0.000135125 0.000170129 -0.0539783 0.998542 -0.000478665
1 8.55583e-05 0.000592682 0.000932649 -0.000118941 0.998399 0.0565567 -2.77539e-05 -0.000586894 -0.0565567 0.998399 0.000361825
1 -0.000846579 0.000392689 -0.000612976 0.000823452 0.998455 0.0555638 0.000202827 -0.000439121 -0.0555634 0.998455 -0.000300431
0.999998 -0.0020779 7.3854e-05 -0.000859636 0.00207066 0.998474 0.0551872 0.000194742 -0.000188415 -0.0551869 0.998476 -0.000371191
0.999998 -0.00179755 0.00053577 -0.000559973 0.00176472 0.998429 0.0559972 0.000237612 -0.000635586 -0.0559961 0.998431 -0.000231964
1 -0.000458071 0.000321126 -0.000215928 0.000439397 0.998435 0.05592 0.000129471 -0.000346239 -0.0559199 0.998435 -0.000131423
1 -0.000106186 0.000339862 0.000311017 8.71886e-05 0.998463 0.0554178 5.81005e-05 -0.000345224 -0.0554178 0.998463 0.000120284
1 0.000520848 0.000197545 0.000226374 -0.00053088 0.998501 0.0547351 3.06851e-05 -0.00016874 -0.0547352 0.998501 5.04407e-05
0.999999 -0.00137954 0.000426463 -0.000359567 0.00135366 0.998449 0.055666 0.000184443 -0.000502595 -0.0556654 0.998449 -0.000129561
0.999999 -0.00143421 -0.000698561 -0.0013235 0.00146931 0.998586 0.0531436 0.00011731 0.000621353 -0.0531446 0.998587 -0.000597353
0.999999 -0.00084495 -0.000596318 -0.000749885 0.00087556 0.998576 0.0533496 9.38675e-05 0.000550391 -0.0533501 0.998576 -0.000337292
0.999996 -0.00273626 -0.00039606 -0.00178717 0.00275361 0.998548 0.0537932 0.000291902 0.000248293 -0.0537941 0.998552 -0.00074208
0.999999 -0.00133939 -2.64237e-05 -0.0006869 0.00133883 0.998503 0.0546891 0.000180491 -4.6866e-05 -0.0546891 0.998503 -0.000280928
0.999999 -0.00159157 -0.000526622 -0.00116139 0.00161765 0.998544 0.0539222 0.000126352 0.000440034 -0.0539229 0.998545 -0.000508066
1 -0.000785579 -0.000587028 -0.00066258 0.000815653 0.998588 0.05312 8.50786e-05 0.000544469 -0.0531205 0.998588 -0.000306527
0.999998 -0.00213951 0.000230242 -0.00164649 0.00212343 0.998455 0.0555287 0.000350043 -0.00034869 -0.0555281 0.998457 -0.000722604
0.999999 -0.00161637 -0.000417265 -0.001569 0.00163632 0.998577 0.0533068 0.000248349 0.000330508 -0.0533074 0.998578 -0.000678668
0.999999 -0.00107791 0.00010462 -0.000891339 0.00107045 0.998462 0.055425 0.000203427 -0.000164203 -0.0554249 0.998463 -0.000418705
1 -0.000395373 -8.44644e-05 -0.000779583 0.000399314 0.998577 0.0533292 0.00017393 6.32593e-05 -0.0533292 0.998577 -0.000376288
0.999998 -0.00186091 0.000387792 -0.000774674 0.00183586 0.998382 0.0568269 0.000231743 -0.000492914 -0.0568261 0.998384 -0.000337591
1 0.00030714 0.00028861 -0.000169337 -0.000322639 0.998468 0.0553321 0.000148299 -0.000271173 -0.0553322 0.998468 -0.000124967
0.999997 -0.00232749 2.83261e-05 -0.00155405 0.00232244 0.998495 0.0547957 0.00032905 -0.00015582 -0.0547954 0.998498 -0.000684489
1 -0.000532075 -0.000276481 -0.000478588 0.000546226 0.998541 0.0539894 7.31374e-05 0.000247352 -0.0539895 0.998541 -0.000251508
0.999998 -0.00203813 -0.000280777 -0.00132734 0.00205035 0.998529 0.0541746 0.00022888 0.000169949 -0.0541751 0.998531 -0.000573506
1 -0.000818139 0.000165511 -0.00104018 0.000807784 0.998482 0.0550675 0.000245403 -0.000210313 -0.0550674 0.998483 -0.000466808
0.999999 -0.00140168 -0.000376525 -0.00124399 0.00142 0.998535 0.0540877 0.000162317 0.00030016 -0.0540882 0.998536 -0.000566371
1 -0.000901544 -0.000103306 -0.00109603 0.000905831 0.998517 0.0544402 0.000206561 5.4073e-05 -0.0544402 0.998517 -0.000489869
0.999997 -0.002375 0.000239825 -0.00136208 0.00235807 0.998463 0.055381 0.000314111 -0.000370986 -0.0553803 0.998465 -0.000581815
1 -0.000472668 -0.000237826 -0.000476333 0.000484925 0.998514 0.0544883 8.35387e-05 0.000211718 -0.0544884 0.998514 -0.000244954
1 -0.000154263 -5.32736e-05 -0.000527435 0.000156954 0.998493 0.0548699 0.000161926 4.47289e-05 -0.0548699 0.998494 -0.000270722
0.999999 -0.00129043 -0.00100346 -0.00176832 0.00134126 0.998624 0.0524171 0.000200098 0.000934436 -0.0524184 0.998625 -0.000796993
1 -0.000437127 -7.15447e-05 -0.000500974 0.00044037 0.998521 0.0543713 0.000135703 4.76717e-05 -0.0543713 0.998521 -0.0002439
0.999998 -0.00179157 -0.000618331 -0.00114965 0.00182177 0.998599 0.0528893 0.000235249 0.000522709 -0.0528904 0.9986 -0.000496614
0.999999 -0.00152694 3.23611e-05 -0.00119758 0.00152297 0.99854 0.0539974 0.000275612 -0.000114765 -0.0539973 0.998541 -0.000506422
0.999999 -0.0012115 -0.000151885 -0.00115238 0.00121794 0.998534 0.0541217 0.000290238 8.60941e-05 -0.0541219 0.998534 -0.000555407
0.999999 -0.00142326 0.000212111 -0.000879456 0.00140939 0.998477 0.0551459 0.000260192 -0.000290275 -0.0551455 0.998478 -0.000403944
0.999999 -0.00162125 -0.000373149 -0.00125437 0.00163878 0.998588 0.0531051 0.000232395 0.000286525 -0.0531057 0.998589 -0.000561757
1 -1.17118e-05 -0.000264548 -0.000259026 2.60968e-05 0.998517 0.0544416 7.05456e-05 0.000263518 -0.0544416 0.998517 -0.000144458
0.999998 -0.0019693 -0.000176694 -0.00159731 0.00197598 0.998529 0.0541816 0.000309986 6.97337e-05 -0.0541818 0.998531 -0.000692722
1 -0.000894081 0.000289752 -0.000780259 0.000876538 0.998445 0.0557461 0.000208938 -0.000339143 -0.0557458 0.998445 -0.000373411
0.999998 -0.00174312 -0.000586859 -0.00146207 0.00177209 0.998559 0.0536409 0.00020945 0.00049251 -0.0536419 0.99856 -0.000645038
1 -0.000295942 -0.000483719 -0.000512225 0.000321608 0.998544 0.0539505 9.68646e-05 0.000467049 -0.0539506 0.998543 -0.000276185
0.999998 -0.00185202 -0.000318195 -0.00160608 0.00186638 0.99857 0.0534204 0.000312016 0.000218804 -0.0534209 0.998572 -0.000703847
0.999999 -0.00170014 -0.000302013 -0.00144139 0.00171388 0.998562 0.053582 0.000260909 0.000210482 -0.0535824 0.998563 -0.000659631
0.999999 -0.00113668 -8.81905e-05 -0.000228111 0.00113978 0.998542 0.0539656 9.49558e-05 2.67205e-05 -0.0539657 0.998543 -0.00012817
1 -0.000433902 -0.000267866 -0.000504543 0.000447843 0.998516 0.0544487 0.000138381 0.000243843 -0.0544488 0.998517 -0.000263366
1 -0.000573669 -0.000151741 -0.000248314 0.000581125 0.998496 0.0548184 8.58948e-05 0.000120065 -0.0548185 0.998496 -0.000172313
1 -0.000120141 0.000175704 -0.000457646 0.000110081 0.998421 0.0561723 0.000179864 -0.000182176 -0.0561723 0.998421 -0.000258766
0.999997 -0.00226606 -0.000856206 -0.000953233 0.00230721 0.998666 0.0515768 0.000131261 0.000738188 -0.0515787 0.998669 -0.000403872
1 -0.000842309 -0.000443101 -0.000717403 0.000864642 0.99859 0.0530813 0.000146378 0.000397765 -0.0530817 0.99859 -0.000334465
0.999997 -0.00241243 -0.000549566 -0.00190169 0.0024378 0.998638 0.0521263 0.00031282 0.000423066 -0.0521274 0.99864 -0.000837026
1 -0.000481859 -0.000545539 -8.00748e-05 0.000511485 0.998449 0.0556765 3.67274e-05 0.000517865 -0.0556767 0.998449 -0.000102461
1 -0.000943501 -0.000314457 -0.000940671 0.000959093 0.998543 0.0539515 0.000146586 0.000263096 -0.0539518 0.998544 -0.000440553
0.999997 -0.00242958 -0.000964118 -0.00134665 0.00247671 0.998626 0.0523421 0.000142648 0.000835624 -0.0523443 0.998629 -0.000585177
1 -0.000783134 -0.000519318 -0.000845633 0.000809809 0.998566 0.0535285 0.000182554 0.000476654 -0.0535289 0.998566 -0.000411142
0.999998 -0.00171311 -0.00055542 -0.00125049 0.00174021 0.998585 0.0531449 0.000222996 0.000463591 -0.0531458 0.998587 -0.000578164
0.999999 -0.00123935 -5.74737e-05 -0.000690014 0.00124064 0.998519 0.0543901 0.000152825 -1.00195e-05 -0.0543902 0.99852 -0.000355549
0.999999 -0.00110894 -1.0443e-05 -0.00080526 0.00110784 0.998489 0.0549471 0.000233058 -5.05058e-05 -0.0549471 0.998489 -0.000396898
0.999999 -0.00128318 -0.00103053 -0.00106965 0.00133594 0.998597 0.0529406 0.000128956 0.000961154 -0.0529419 0.998597 -0.000501065
1 -0.000907105 -1.23391e-05 -0.000889815 0.000906405 0.998477 0.0551628 0.00025512 -3.77182e-05 -0.0551628 0.998477 -0.000422179
0.999996 -0.00289543 -0.000177031 -0.00179235 0.00290077 0.998518 0.0543421 0.000365011 1.94252e-05 -0.0543423 0.998522 -0.00080076
0.999999 -0.00105853 -0.000504623 -0.000409039 0.00108395 0.998575 0.0533641 8.18516e-05 0.000447417 -0.0533646 0.998575 -0.000208471
0.999999 -0.00110283 -0.000469483 -0.000713682 0.00112635 0.99857 0.0534474 0.000126911 0.000409868 -0.0534479 0.998571 -0.000353285
0.999998 -0.00172378 0.00021708 -0.000365985 0.00170887 0.998421 0.0561527 0.000213048 -0.000313532 -0.0561522 0.998422 -0.000223567
0.999998 -0.00199936 -0.000307341 -0.000336158 0.00201288 0.998583 0.0531832 0.000105853 0.000200573 -0.0531837 0.998585 -0.000138831
0.999999 -0.00150356 -0.000609895 -0.00106905 0.00153402 0.998568 0.0534756 0.000200315 0.000528618 -0.0534764 0.998569 -0.000500502
0.999992 -0.00388399 -0.000878946 -0.00195675 0.00392532 0.99857 0.0533146 0.000288987 0.000670616 -0.0533176 0.998577 -0.00083785
0.999995 -0.00290615 -0.000866308 -0.0016694 0.00294719 0.998648 0.0518933 0.000228052 0.000714328 -0.0518957 0.998652 -0.000725059
0.999994 -0.0033537 -0.00112181 -0.00171518 0.00340729 0.998653 0.0517837 0.000210869 0.000946628 -0.0517872 0.998658 -0.000728852
0.999995 -0.00309495 -0.000495936 -0.00143216 0.00311701 0.99857 0.0533779 0.000304268 0.000330024 -0.0533792 0.998574 -0.000597698
1 -0.000299004 0.000241004 0.000521015 0.000285021 0.998427 0.0560664 7.13653e-05 -0.000257389 -0.0560663 0.998427 0.000173547
0.999999 -0.00143252 -0.000272655 -0.00107472 0.00144531 0.998497 0.0547956 0.000246847 0.000193749 -0.0547959 0.998498 -0.000480783
0.999998 -0.00188099 -0.000581788 -0.000651725 0.00191003 0.998498 0.0547511 0.00015047 0.000477928 -0.0547521 0.9985 -0.000333124
0.999999 -0.00144531 -0.000590166 -0.000992409 0.00147475 0.998574 0.0533624 0.000185903 0.000512199 -0.0533632 0.998575 -0.000468832
0.999998 -0.00182554 -0.000391764 -0.000764396 0.00184394 0.998557 0.0536671 0.000213319 0.000293227 -0.0536677 0.998559 -0.000326368
0.999999 -0.00110489 -0.00105945 -0.000843486 0.00115809 0.998667 0.0516012 0.000125532 0.00100102 -0.0516023 0.998667 -0.000373108
0.999997 -0.00234282 -0.000642255 -0.00155667 0.00237338 0.998611 0.0526313 0.000240047 0.000518057 -0.0526327 0.998614 -0.000674395
0.999996 -0.00273222 4.53529e-05 -0.000561781 0.00272538 0.998423 0.0560794 0.000263935 -0.000198503 -0.056079 0.998426 -0.000299777
0.999994 -0.00356649 -0.000312842 -0.00185388 0.00357812 0.99856 0.0535277 0.00035714 0.000121486 -0.0535284 0.998566 -0.000842904
0.999999 -0.0013427 -0.000107446 -0.00083045 0.00134658 0.998491 0.0548962 0.000247387 3.35747e-05 -0.0548963 0.998492 -0.000409815
0.999998 -0.00143317 -0.00133773 -0.000717419 0.00150033 0.998665 0.0516327 4.26381e-05 0.00126194 -0.0516346 0.998665 -0.000362847
0.999994 -0.00339608 -0.000237944 -0.00132947 0.00340398 0.998527 0.0541554 0.000307746 5.36773e-05 -0.0541559 0.998532 -0.000566552
1 -0.000940451 -9.21429e-05 -0.000448895 0.000944074 0.998514 0.0544884 0.000153322 4.07623e-05 -0.0544885 0.998514 -0.00022625
0.999996 -0.00264515 -0.000821174 -0.00165861 0.00268481 0.998602 0.0527898 0.000244281 0.000680389 -0.0527918 0.998605 -0.000728516
0.999999 -0.00112606 -0.000763205 -0.00114255 0.00116485 0.9986 0.0528928 0.000182182 0.000702576 -0.0528936 0.9986 -0.000536865
0.999996 -0.00261323 -0.000728189 -0.00138457 0.00264789 0.998614 0.052562 0.000237689 0.000589823 -0.0525637 0.998617 -0.000591287
0.999997 -0.0022626 -0.000830185 -0.00169676 0.00230349 0.998587 0.0530873 0.000272819 0.000708897 -0.053089 0.99859 -0.000760878
0.999997 -0.00234062 -0.000780585 -0.00149843 0.00237835 0.99862 0.0524664 0.000235091 0.000656705 -0.0524681 0.998622 -0.000676101
0.999997 -0.00223276 -0.000804926 -0.00191804 0.00227251 0.998574 0.0533351 0.000306146 0.000684694 -0.0533368 0.998576 -0.000858349
1 -0.000953887 0.000142405 -0.000268795 0.000944669 0.998502 0.0547017 0.000163413 -0.000194371 -0.0547016 0.998503 -0.000155724
0.999998 -0.00187464 0.000225331 -0.00061465 0.00185894 0.998404 0.056439 0.000287317 -0.000330774 -0.0564385 0.998406 -0.000333107
0.999998 -0.00164042 -0.000583185 -0.00147569 0.00166951 0.998541 0.0539706 0.00028775 0.0004938 -0.0539714 0.998542 -0.000692931
0.999996 -0.00259025 0.000726243 -0.000562649 0.0025442 0.998341 0.0575146 0.000322444 -0.000874016 -0.0575125 0.998344 -0.000288677
0.999997 -0.00234932 0.000139892 -0.00100373 0.00233814 0.998498 0.0547448 0.000331017 -0.000268295 -0.0547444 0.9985 -0.0004786
1 -0.000682612 -0.000454567 -0.000456304 0.000706027 0.998558 0.0536743 0.000128999 0.000417273 -0.0536746 0.998558 -0.000277315
0.999995 -0.00322351 -0.000219026 -0.00178926 0.00323065 0.998525 0.0542027 0.000396491 4.39794e-05 -0.0542031 0.99853 -0.000783969
0.999999 -0.0015303 -0.000534706 -0.00131524 0.0015563 0.998615 0.0525857 0.000256631 0.000453494 -0.0525865 0.998616 -0.000617056
0.999998 -0.00187817 -0.000619408 -0.00116386 0.00190858 0.99857 0.0534283 0.000197299 0.000518175 -0.0534294 0.998571 -0.000538054
0.999996 -0.00268095 0.000145086 -0.000887554 0.00266889 0.998478 0.0550883 0.000328049 -0.000292554 -0.0550877 0.998481 -0.000293433
0.999997 -0.00244236 -0.000475569 -0.000597307 0.00246432 0.998563 0.0535336 0.000171562 0.000344137 -0.0535346 0.998566 0.000133178
1 -0.000901231 -0.000121165 0.000238891 0.000906525 0.998491 0.0549163 0.000116405 7.14893e-05 -0.0549164 0.998491 0.000859532
0.999996 -0.00272025 -0.000296837 -0.00127134 0.00273206 0.998626 0.0523296 0.000322579 0.00015408 -0.0523302 0.99863 0.000697311
1 0.000165445 9.84307e-05 -0.000830093 -0.000170688 0.998437 0.0558941 0.000299177 -8.90295e-05 -0.0558941 0.998437 0.00136167
0.999998 -0.00187351 -0.000360919 -0.00133938 0.00189004 0.998587 0.0531019 0.000321229 0.000260922 -0.0531025 0.998589 0.00154426
0.999999 -0.00160574 -3.05789e-05 -0.00102083 0.00160507 0.998563 0.0535614 0.000368169 -5.54705e-05 -0.0535614 0.998565 0.00218229
0.999998 -0.00199547 5.74716e-06 -0.000752022 0.00199245 0.998635 0.0521932 0.00031988 -0.000109889 -0.0521931 0.998637 0.00270738
0.999996 -0.00279637 -0.000296532 -0.00068702 0.00280826 0.998552 0.0537156 0.000272551 0.000145894 -0.0537162 0.998556 0.00313893
0.999999 -0.000961984 0.000679848 0.000409949 0.000920485 0.998281 0.058609 0.000270882 -0.00073506 -0.0586083 0.998281 0.00404193
1 -0.00091573 8.5722e-06 4.78615e-06 0.000913839 0.998455 0.055563 0.000223966 -5.94397e-05 -0.055563 0.998455 0.00428165
1 -0.000897159 0.000377609 0.00088258 0.000873991 0.998349 0.0574324 0.000178592 -0.000428511 -0.0574321 0.998349 0.00505194
0.999995 -0.00295913 -0.000596929 -0.00126608 0.00298659 0.998592 0.0529655 0.000353395 0.000439357 -0.052967 0.998596 0.00462818
0.999989 -0.00469717 -9.7299e-05 -0.000147257 0.0046959 0.998644 0.0518487 0.00035497 -0.000146375 -0.0518486 0.998655 0.00559517
0.999994 -0.00345648 -0.000104858 -0.00132551 0.003457 0.998467 0.0552396 0.000459331 -8.62369e-05 -0.0552396 0.998473 0.00548612
0.999991 -0.00418848 0.000289631 -0.0014417 0.00416729 0.99859 0.0529214 0.000620085 -0.000510883 -0.0529197 0.998599 0.00582019
0.999995 -0.00300758 0.000281549 -0.000273663 0.00298803 0.998542 0.0538965 0.000387674 -0.000443236 -0.0538954 0.998546 0.00683362
0.999998 -0.00183096 -0.000134216 -0.000607233 0.00183552 0.998561 0.0536042 0.000416386 3.58761e-05 -0.0536044 0.998562 0.00716432
0.999999 -0.00120217 0.00078989 0.000565314 0.00115452 0.998329 0.0577737 0.000358966 -0.000858024 -0.0577728 0.998329 0.00802252
1 -0.000721064 -0.000181103 -0.000307223 0.000729907 0.998497 0.0548106 0.000361781 0.000141309 -0.0548107 0.998497 0.00810694
0.999996 -0.00289134 0.00065168 -0.00051571 0.00284966 0.998382 0.0567884 0.000537245 -0.00081482 -0.0567863 0.998386 0.00849033
0.999999 -0.00160031 3.29487e-05 -0.000535846 0.00159624 0.998563 0.0535734 0.00049914 -0.000118635 -0.0535732 0.998564 0.00894668
0.999999 -0.0010841 -0.000513354 -0.000614771 0.00110966 0.998609 0.0527193 0.000375605 0.000455486 -0.0527198 0.998609 0.00937548
0.999994 -0.00333217 -0.000213428 -0.000504235 0.00333875 0.998653 0.051779 0.000444277 4.06043e-05 -0.0517794 0.998659 0.00985857
0.999985 -0.00548749 -0.000891383 -0.00208419 0.00552377 0.998846 0.0477118 0.000652256 0.000628537 -0.0477159 0.998861 0.00966436
0.999994 -0.00332392 0.000524364 -0.000904116 0.00328953 0.998441 0.0557281 0.000668507 -0.000708782 -0.0557261 0.998446 0.0105861
0.999997 -0.00247014 0.000235598 1.32243e-05 0.00245231 0.998312 0.0580243 0.000474559 -0.000378528 -0.0580236 0.998315 0.011419
0.999994 -0.00330792 0.00068983 0.000199415 0.00326215 0.998298 0.0582218 0.000570889 -0.000881249 -0.0582192 0.998303 0.0123455
0.999996 -0.00268714 7.19193e-05 -0.000621375 0.00267875 0.998389 0.0566709 0.000661817 -0.000224086 -0.0566705 0.998393 0.0124317
0.999986 -0.00529943 0.000663186 -0.000746205 0.00525554 0.998507 0.0543655 0.000774703 -0.000950302 -0.0543613 0.998521 0.012876
0.999992 -0.0038523 -0.00075502 -0.00112595 0.0038865 0.998625 0.0522777 0.000588928 0.000552593 -0.0522802 0.998632 0.0131166
0.999992 -0.00403458 0.000642808 -0.000974434 0.00399392 0.998529 0.0540765 0.00087851 -0.000860038 -0.0540735 0.998537 0.013547
0.999993 -0.00370635 0.000309951 -0.000354908 0.0036842 0.998534 0.0540098 0.0007248 -0.000509675 -0.0540083 0.99854 0.0142995
0.999998 -0.00206217 0.000435678 -0.000377724 0.00203448 0.998424 0.0560899 0.000717416 -0.000550658 -0.0560889 0.998426 0.014733
0.999992 -0.00387204 0.000170879 -2.42402e-05 0.0038563 0.99841 0.0562329 0.000652449 -0.000388343 -0.0562319 0.998418 0.0153125
0.999996 -0.00273762 0.000528827 -0.00017374 0.00270246 0.998323 0.0578275 0.000757656 -0.000686249 -0.0578258 0.998326 0.0156211
0.99999 -0.0045151 0.000667094 -0.000611095 0.00446907 0.998322 0.0577291 0.000894066 -0.000926628 -0.0577255 0.998332 0.0159108
0.999994 -0.00341195 -0.00039477 -0.00102412 0.00342805 0.998595 0.0528724 0.000826065 0.000213818 -0.0528734 0.998601 0.0162359
0.999994 -0.00343072 -0.000291893 -0.00051844 0.00344154 0.998501 0.0546278 0.000753246 0.000104043 -0.0546285 0.998507 0.0168488
0.999989 -0.00462922 -0.000561871 -0.00163454 0.004652 0.998665 0.0514512 0.000916661 0.000322942 -0.0514532 0.998675 0.0168032
0.999986 -0.00516084 0.000823909 -0.000924412 0.00510668 0.998421 0.0559341 0.00103786 -0.00111128 -0.0559291 0.998434 0.0175339
0.999992 -0.00377151 0.000911872 0.000381078 0.00371364 0.998379 0.0567983 0.000842249 -0.00112461 -0.0567945 0.998385 0.0185688
0.99999 -0.00458061 -9.2148e-05 -3.52183e-05 0.00457868 0.998452 0.0554369 0.00078549 -0.00016193 -0.0554368 0.998462 0.018828
0.999993 -0.00385972 -7.75391e-05 -6.38635e-05 0.00385792 0.998387 0.0566442 0.000785375 -0.000141217 -0.0566441 0.998394 0.0192273
0.999996 -0.00289093 0.00026457 0.000230038 0.00287105 0.998357 0.0572238 0.000803826 -0.000429565 -0.0572228 0.998361 0.0197869
0.99999 -0.00454658 0.000470302 -0.000306901 0.00451369 0.998465 0.0552001 0.000947616 -0.000720552 -0.0551974 0.998475 0.020002
0.999957 -0.00929737 -0.000631557 -0.00188972 0.00931744 0.998667 0.0507586 0.00114204 0.000158794 -0.0507623 0.998711 0.0198526
0.999971 -0.00759924 0.000681004 -0.000367585 0.00754679 0.998279 0.0581523 0.00104013 -0.00112175 -0.0581454 0.998307 0.0209478
0.999994 -0.00350363 -0.000201114 -0.00187861 0.00350939 0.9985 0.0546305 0.00112047 9.40728e-06 -0.0546309 0.998507 0.0207855
0.999986 -0.00534683 -0.00037345 -0.00123801 0.00535902 0.998634 0.0519758 0.0010294 9.50335e-05 -0.0519771 0.998648 0.0214613
0.999994 -0.00334044 0.000496215 0.00064441 0.00330618 0.998323 0.057789 0.000863131 -0.000688423 -0.057787 0.998329 0.0226574
0.999981 -0.00610761 0.000140193 -0.00081615 0.00609004 0.998396 0.0562853 0.00103655 -0.000483737 -0.0562834 0.998415 0.0224929
0.999983 -0.00579801 -0.00044004 -0.000280852 0.00581334 0.998512 0.0542259 0.000919102 0.000124983 -0.0542275 0.998529 0.0238744
0.999964 -0.0084465 -0.00108442 -0.00196025 0.00848971 0.998747 0.0493192 0.00112637 0.000666484 -0.0493266 0.998782 0.0245666
0.99998 -0.00637068 -0.00043005 0.000381612 0.00638472 0.998443 0.0554078 0.000850955 7.63952e-05 -0.0554094 0.998464 0.0269382
0.999945 -0.0104892 -0.000471646 -0.00043044 0.0104995 0.998575 0.0523157 0.00100937 -7.77741e-05 -0.0523178 0.99863 0.0281548
0.999971 -0.00759074 -0.000640702 -0.00116936 0.00761398 0.998576 0.0528001 0.00114147 0.000238998 -0.0528034 0.998605 0.0291326
0.999967 -0.00810139 0.000426542 -0.000111709 0.00806378 0.998333 0.0571479 0.00119228 -0.000888809 -0.0571426 0.998366 0.0309675
0.999965 -0.00839914 0.000604207 -0.000792088 0.00835199 0.998388 0.0561355 0.00133544 -0.00107472 -0.0561285 0.998423 0.0320137
0.999985 -0.00542039 0.000684062 0.00110166 0.00537152 0.998298 0.0580681 0.000998031 -0.000997649 -0.0580635 0.998312 0.0341872
0.999975 -0.00701056 -1.30157e-05 0.000502962 0.00700016 0.998388 0.0563202 0.00108388 -0.000381842 -0.0563189 0.998413 0.0352645
0.999968 -0.00783926 -0.00127287 -0.00161164 0.00789318 0.998714 0.0500824 0.00123369 0.00087862 -0.0500908 0.998744 0.035817
0.999961 -0.00879001 0.000936767 0.000249324 0.00871807 0.998164 0.0599352 0.0012824 -0.00146188 -0.0599247 0.998202 0.0379352
0.999961 -0.00885768 -0.000550683 -0.00106855 0.00887448 0.998513 0.0537797 0.00137152 7.3501e-05 -0.0537824 0.998553 0.0387991
0.999966 -0.00809038 0.00142124 -0.000176675 0.00799603 0.998336 0.0571027 0.00152553 -0.00188086 -0.0570894 0.998367 0.0405804
0.999966 -0.0080806 0.00152249 0.00100398 0.00797308 0.998118 0.0608074 0.00136979 -0.00201098 -0.0607932 0.998148 0.0423927
0.999934 -0.011373 0.00163896 -0.00125159 0.0112656 0.998423 0.0549946 0.00178742 -0.00226183 -0.0549725 0.998485 0.0429188
0.999939 -0.0110125 0.000865769 -0.0012709 0.0109467 0.998369 0.0560256 0.0017034 -0.00148134 -0.0560127 0.998429 0.044318
0.99992 -0.0126443 5.74154e-06 -0.00202923 0.0126239 0.99833 0.0563799 0.00174626 -0.000718618 -0.0563753 0.998409 0.0453893
0.99993 -0.0118397 0.000435539 -0.000510234 0.0117969 0.998369 0.0558674 0.00158337 -0.00109628 -0.0558584 0.998438 0.0474435
0.999927 -0.0119826 0.0013915 -0.000813335 0.0118737 0.998019 0.061789 0.0018182 -0.00212914 -0.061768 0.998088 0.0487245
0.999934 -0.0114459 0.000673412 -0.000724165 0.0113892 0.99832 0.0568081 0.00170943 -0.0013225 -0.0567967 0.998385 0.0502314
0.999925 -0.0122788 -0.000299216 -0.0011819 0.0122764 0.998377 0.05561 0.00170913 -0.000384092 -0.0556095 0.998453 0.0513563
0.999912 -0.0132316 0.000619161 -0.00160977 0.0131727 0.9982 0.0585095 0.00194463 -0.00139222 -0.0584962 0.998287 0.0526551
0.999919 -0.0126236 0.00149824 0.000168366 0.0125057 0.997976 0.062348 0.00184426 -0.00228226 -0.0623242 0.998053 0.0547176
0.999913 -0.0132022 -0.00030729 -0.000966662 0.0131993 0.998421 0.0545969 0.00181244 -0.000413997 -0.0545962 0.998508 0.055671
0.999903 -0.0138915 0.000748436 -0.00123625 0.0138211 0.998087 0.0602678 0.0020565 -0.00158421 -0.0602516 0.998182 0.0568909
0.999889 -0.014811 0.00147107 0.000296841 0.0147032 0.998269 0.0569539 0.00188788 -0.00231207 -0.0569259 0.998376 0.0588995
0.999912 -0.0131499 0.0020086 0.000297244 0.0130036 0.998067 0.0607755 0.00199088 -0.00280391 -0.060744 0.998149 0.0603218
0.999897 -0.0142025 0.00197137 -8.89754e-05 0.0140557 0.998036 0.0610525 0.00207256 -0.00283459 -0.0610186 0.998133 0.0616407
0.999801 -0.019856 0.00196864 -0.00106447 0.0197035 0.998028 0.0595951 0.00228576 -0.00314808 -0.0595444 0.998221 0.062609
0.999828 -0.0185522 0.000503243 -0.000548 0.0184894 0.998054 0.0595554 0.00201877 -0.00160715 -0.0595358 0.998225 0.0657459
0.999857 -0.0169244 0.000451808 -0.00104648 0.0168717 0.998256 0.0565748 0.00205779 -0.00140851 -0.056559 0.998398 0.0669026
0.999876 -0.0156968 0.00143842 0.000523001 0.0155762 0.997923 0.0625112 0.00196383 -0.00241666 -0.0624811 0.998043 0.0688393
0.99989 -0.0148308 0.000800011 0.000569054 0.014755 0.998052 0.0606185 0.00188436 -0.00169747 -0.0606 0.998161 0.0703579
0.999868 -0.0162251 0.00109169 0.00098719 0.0161298 0.998051 0.0602785 0.00194227 -0.00206759 -0.0602529 0.998181 0.071892
0.999862 -0.0165617 0.000855824 0.000611575 0.0164816 0.998099 0.0593836 0.00198323 -0.00183769 -0.0593613 0.998235 0.0731112
0.999816 -0.0191586 0.000353112 -0.00218978 0.0191126 0.998397 0.0532673 0.00244336 -0.00137307 -0.0532508 0.99858 0.0733349
0.999866 -0.016388 0.000587532 -0.000118777 0.0163263 0.998185 0.057975 0.00217638 -0.00153656 -0.0579576 0.998318 0.0755318
0.999833 -0.0182225 0.00131887 0.000276879 0.0181095 0.998008 0.0604286 0.00220755 -0.0024174 -0.0603947 0.998172 0.0770902
0.999829 -0.0184844 0.000716098 -0.000827119 0.0184124 0.998168 0.0576273 0.00235557 -0.00177999 -0.0576043 0.998338 0.0780147
0.999818 -0.0189254 0.00220679 -7.21386e-05 0.0187545 0.99794 0.0613461 0.00248396 -0.00336325 -0.0612936 0.998114 0.0803825
0.99982 -0.0189097 0.00136252 -0.000765797 0.0187926 0.99799 0.0605286 0.00252859 -0.00250436 -0.0604921 0.998166 0.0826097
0.999778 -0.0210464 0.000884232 -0.00215222 0.0209606 0.998123 0.0575439 0.00280639 -0.00209366 -0.0575126 0.998343 0.0846861
0.999768 -0.0215104 0.000991767 -8.96736e-05 0.0214088 0.99788 0.0614528 0.00261632 -0.00231154 -0.0614173 0.998109 0.0880027
0.999771 -0.0212058 0.00299382 0.000167238 0.0209642 0.997631 0.0655207 0.00295907 -0.00437615 -0.0654429 0.997847 0.0905712
0.999663 -0.0257987 0.00282502 -0.000204008 0.0255619 0.997576 0.064713 0.00311585 -0.00448768 -0.0646189 0.9979 0.0927215
0.999698 -0.0244107 0.00268474 -0.000400178 0.0241839 0.99758 0.0651914 0.00318492 -0.00426961 -0.0651068 0.997869 0.0952381
0.999729 -0.0232829 0.000700183 0.000300736 0.0232026 0.998033 0.0582316 0.00268476 -0.00205461 -0.0581995 0.998303 0.0981149
0.999648 -0.026404 0.00256935 0.000481198 0.0261932 0.99772 0.0622004 0.00297541 -0.00420583 -0.0621112 0.99806 0.100627
0.999689 -0.0247892 0.00287768 0.00105892 0.0245449 0.997511 0.0660984 0.00295186 -0.00450905 -0.0660071 0.997809 0.103381
0.99969 -0.0247022 0.0030197 0.000856278 0.024456 0.997616 0.0645307 0.00303778 -0.00460655 -0.0644369 0.997911 0.10585
0.999561 -0.029561 0.00184997 -0.00139541 0.0294044 0.997889 0.0579067 0.00337444 -0.00355785 -0.0578269 0.99832 0.107487
0.999547 -0.0299755 0.00261902 -0.000719618 0.0297559 0.997636 0.0619385 0.00341234 -0.00446947 -0.0618325 0.998077 0.110289
0.999579 -0.0288197 0.00321399 2.13152e-05 0.0285535 0.99752 0.064325 0.00339056 -0.00505984 -0.0642061 0.997924 0.113212
0.999456 -0.0328703 0.00274362 -0.000710363 0.0326332 0.99749 0.0628345 0.00350544 -0.00480213 -0.0627108 0.99802 0.115325
0.999499 -0.0316027 0.00168092 -0.00148757 0.0314476 0.997746 0.0592822 0.00345052 -0.00355061 -0.0591997 0.99824 0.117464
0.999488 -0.0319277 0.00210973 -0.00138844 0.0317446 0.997707 0.0597748 0.00358514 -0.00401336 -0.0596773 0.99821 0.120048
0.999435 -0.0335494 0.00194714 -0.000306229 0.0333644 0.99752 0.061973 0.00339562 -0.00402147 -0.061873 0.998076 0.123092
0.999494 -0.0318027 0.00113862 -0.000465906 0.031677 0.997694 0.0600343 0.00339587 -0.00304525 -0.0599679 0.998196 0.125491
0.999462 -0.0328008 0.000791642 -0.00103671 0.0327021 0.997831 0.0571293 0.00351635 -0.00266381 -0.0570726 0.998366 0.127733
0.999449 -0.0331671 0.00136231 -0.00188649 0.0330379 0.997866 0.0563114 0.00374539 -0.00322709 -0.0562354 0.998412 0.129708
0.999445 -0.0332942 0.00131723 -0.000235365 0.0331532 0.997611 0.060607 0.00348648 -0.00333194 -0.0605297 0.998161 0.132819
0.999347 -0.0361358 0.000625093 -0.000967533 0.0360421 0.997737 0.0567564 0.003496 -0.00267461 -0.0566968 0.998388 0.13505
0.999375 -0.0353091 0.00174674 4.37008e-05 0.0351399 0.997567 0.0602182 0.00348519 -0.00386873 -0.0601191 0.998184 0.137784
0.99942 -0.0340145 0.00147841 0.000955142 0.0338565 0.997485 0.0622639 0.00332303 -0.00359256 -0.0621777 0.998059 0.140732
0.999374 -0.0353523 0.0016539 0.00104384 0.0351891 0.997572 0.060096 0.00340202 -0.00377441 -0.0600002 0.998191 0.143173
0.999349 -0.0360519 0.00158334 -0.00116817 0.0359059 0.997771 0.0562452 0.00385357 -0.00360756 -0.0561517 0.998416 0.144768
0.999306 -0.0372271 0.00155738 -0.000130025 0.0370581 0.997372 0.062253 0.00379132 -0.00387079 -0.0621521 0.998059 0.147584
0.999227 -0.0392365 0.00222883 0.000598732 0.0390318 0.997429 0.0601049 0.00383715 -0.00458141 -0.0599715 0.99819 0.150245
0.999075 -0.0429872 0.000943964 -0.000446918 0.0428529 0.997273 0.060092 0.00393823 -0.00352458 -0.059996 0.998192 0.152468
0.999251 -0.0386729 0.00152102 0.00071414 0.0385082 0.997394 0.0610073 0.00383921 -0.00387639 -0.0609031 0.998136 0.157602
0.999198 -0.0400213 0.00134207 0.00073967 0.0398541 0.997165 0.0638268 0.00391988 -0.00389269 -0.0637221 0.99796 0.160119
0.999168 -0.0407213 0.002414 0.000779832 0.0404695 0.996948 0.0667655 0.00412229 -0.00512541 -0.0666122 0.997766 0.162622
0.999175 -0.0405774 0.00187554 -0.000332492 0.0403822 0.997245 0.0622243 0.00425149 -0.00439528 -0.0620973 0.99806 0.1646
0.999199 -0.0399426 0.00245989 0.00110389 0.0396995 0.997109 0.0647876 0.00413395 -0.00504057 -0.0646381 0.997896 0.167627
0.999102 -0.0423147 0.0020174 0.000369828 0.0421001 0.997075 0.0637839 0.0041631 -0.0047105 -0.0636417 0.997962 0.169755
0.999136 -0.0415436 0.00103088 -0.00026747 0.0414159 0.99749 0.0574259 0.00409828 -0.00341398 -0.0573336 0.998349 0.171882
0.999126 -0.0418003 0.00097351 0.000326636 0.0416555 0.997137 0.0631146 0.00407543 -0.00360893 -0.0630189 0.998006 0.174635
0.999031 -0.0439303 0.0027531 0.00175283 0.043629 0.996578 0.0702009 0.00415574 -0.00582762 -0.0700127 0.997529 0.177536
0.998818 -0.0485774 0.00143108 -9.72672e-05 0.0484016 0.996988 0.0606021 0.00431358 -0.00437067 -0.0604612 0.998161 0.179431
0.999059 -0.0432927 0.00250088 0.00145976 0.0430239 0.996771 0.0677929 0.00424452 -0.00542774 -0.0676215 0.997696 0.182534
0.999049 -0.0434716 0.00339244 0.00184738 0.0431188 0.996514 0.0714182 0.00429724 -0.00648528 -0.071204 0.997441 0.18529
0.998708 -0.0507841 0.00158427 -0.00190305 0.0506055 0.997015 0.0583159 0.00478562 -0.00454106 -0.0581604 0.998297 0.186602
0.998885 -0.047139 0.00250513 -0.000225354 0.0468706 0.996711 0.0661056 0.00454345 -0.00561304 -0.0659145 0.997809 0.189467
0.999029 -0.0440049 0.00229719 -0.000649588 0.0437817 0.99716 0.0612833 0.00452898 -0.00498743 -0.0611232 0.998118 0.191867
0.998735 -0.0502293 0.00214283 -0.000164949 0.0499956 0.996769 0.0628607 0.00466071 -0.00529335 -0.062674 0.99802 0.194416
0.998841 -0.0480723 0.00249496 0.000522104 0.0477962 0.996592 0.0672316 0.00455878 -0.00571844 -0.0670344 0.997734 0.197186
0.998861 -0.0476655 0.00226419 -0.000262676 0.0474182 0.996763 0.064918 0.00467846 -0.00535121 -0.0647367 0.997888 0.199398
0.99872 -0.0505387 0.00203386 -0.000866589 0.0503378 0.997069 0.057609 0.00481406 -0.00493938 -0.0574329 0.998337 0.20166
0.99879 -0.0491028 0.00279365 0.000933621 0.0488032 0.996531 0.067408 0.00465219 -0.00609388 -0.0671901 0.997722 0.204817
0.998615 -0.05249 0.00357809 0.000477802 0.0521003 0.996077 0.0715322 0.00499232 -0.00731877 -0.0712467 0.997432 0.207127
0.998581 -0.0530758 0.00427162 0.000969201 0.0526125 0.995846 0.0743118 0.00509107 -0.00819803 -0.0739816 0.997226 0.209714
0.998928 -0.0461046 0.00411962 0.00285051 0.0456701 0.996173 0.0745217 0.00465791 -0.00753965 -0.0742537 0.997211 0.212578
0.998623 -0.0523636 0.00316925 0.00028501 0.0520213 0.996266 0.0689102 0.00510892 -0.0067658 -0.0686504 0.997618 0.213951
0.998826 -0.0483082 0.00351911 0.00178197 0.0479207 0.996156 0.0733241 0.00491908 -0.00704774 -0.0730694 0.997302 0.216849
0.998604 -0.0526703 0.00409798 0.000559774 0.052222 0.995876 0.0741877 0.00530982 -0.00798857 -0.0738701 0.997236 0.21891
0.998538 -0.0539886 0.00261959 -0.00114116 0.0537159 0.996558 0.0631395 0.00540005 -0.00601938 -0.0629065 0.998001 0.220888
0.998679 -0.0512925 0.00312546 0.00118304 0.050944 0.996199 0.0706606 0.00507384 -0.00673794 -0.070408 0.997496 0.224037
0.998439 -0.0557963 0.00237262 -0.000939228 0.0555142 0.996227 0.0667107 0.00537222 -0.00608588 -0.0664749 0.99777 0.225835
0.998569 -0.0534334 0.00212482 -0.000462684 0.0531952 0.996612 0.0627326 0.00525508 -0.00546963 -0.0625298 0.998028 0.228509
0.998786 -0.0491403 0.00336224 0.00222157 0.0487654 0.99615 0.072852 0.00496249 -0.00692927 -0.0725996 0.997337 0.231777
0.998431 -0.055927 0.00261161 0.000752538 0.0556166 0.996094 0.0685861 0.00523828 -0.00643722 -0.0683333 0.997642 0.233764
0.99847 -0.0551427 0.0040541 0.00183145 0.0546956 0.995786 0.0736169 0.00526076 -0.00809645 -0.0732825 0.997278 0.236411
0.998578 -0.0531501 0.00407304 0.00207895 0.0526893 0.995729 0.0758116 0.00530899 -0.00808504 -0.0754892 0.997114 0.238933
0.997944 -0.0640415 0.00257897 -5.35202e-05 0.0637199 0.995662 0.0677952 0.00556886 -0.00690949 -0.0674915 0.997696 0.24063
0.998498 -0.054659 0.00367526 0.00256248 0.054237 0.995774 0.0741125 0.005207 -0.00771064 -0.0738019 0.997243 0.244091
0.998206 -0.0598245 0.0024049 -8.20543e-05 0.0595154 0.995828 0.0691634 0.00543261 -0.00653253 -0.0688962 0.997602 0.245943
0.998262 -0.0588238 0.00366063 0.00162967 0.0583919 0.995541 0.074078 0.00531785 -0.00800186 -0.0737355 0.997246 0.251274
0.998024 -0.0627204 0.0037575 0.00249199 0.0622856 0.995436 0.0722981 0.00525494 -0.00827492 -0.0719212 0.997376 0.255738
0.998182 -0.0602028 0.00290314 0.000549185 0.0598557 0.995781 0.0695483 0.00539619 -0.0070779 -0.0692481 0.997574 0.25923
0.998235 -0.0593476 0.00236579 0.0008437 0.0590701 0.99615 0.0647754 0.00526814 -0.00620095 -0.0645213 0.997897 0.263446
0.998184 -0.0602171 0.00137462 0.000974661 0.0599943 0.996001 0.0661987 0.00511675 -0.00535542 -0.065996 0.997806 0.26799
0.998421 -0.0560888 0.00293765 0.00336319 0.0557046 0.995558 0.0758969 0.00498804 -0.00718157 -0.0756134 0.997111 0.273153
0.998186 -0.0601829 0.00158561 0.00222092 0.0599093 0.995561 0.0725907 0.00515826 -0.00594729 -0.072364 0.997361 0.276759
0.998392 -0.0566129 0.00289624 0.00432118 0.0562061 0.995271 0.0792222 0.00496368 -0.00736754 -0.0789321 0.996853 0.28172
0.998245 -0.0591978 0.00170927 0.00259321 0.0589196 0.995641 0.0722994 0.00503949 -0.00598178 -0.0720718 0.997382 0.285445
0.998236 -0.0593142 0.0024314 0.00251381 0.0589811 0.99561 0.0726773 0.00525859 -0.00673152 -0.0724057 0.997353 0.28952
0.99789 -0.0648904 0.00233378 0.00301342 0.0645104 0.994856 0.0781003 0.00539368 -0.00738974 -0.0777849 0.996943 0.294082
0.998037 -0.0625946 0.00202073 0.00185259 0.0622769 0.995345 0.0735491 0.00555751 -0.0066151 -0.0732789 0.99729 0.297931
0.997922 -0.064394 0.00219586 0.00181906 0.0640436 0.995072 0.0756967 0.00559029 -0.00705946 -0.0753988 0.997128 0.302067
0.997975 -0.0635544 0.00241248 0.00305923 0.0631552 0.994759 0.0804051 0.0055636 -0.00750993 -0.08009 0.996759 0.306901
0.997867 -0.0652319 0.00263396 0.00451033 0.064796 0.994515 0.0821096 0.00565396 -0.00797568 -0.0817638 0.99662 0.315855
0.998083 -0.0618362 0.00274499 0.00488129 0.0613598 0.994276 0.087467 0.00554915 -0.00813791 -0.0871309 0.996164 0.320237
0.997707 -0.0676428 0.00208845 0.00286424 0.0672658 0.994591 0.0791424 0.00589881 -0.00743057 -0.0788205 0.996861 0.324042
0.997625 -0.0688781 0.000664465 0.00194931 0.0686366 0.994846 0.0746289 0.00588894 -0.00580134 -0.074406 0.997211 0.328009
0.997579 -0.0694853 0.00269925 0.0045591 0.0690076 0.994013 0.0847131 0.00594491 -0.0085694 -0.0843218 0.996402 0.333015
0.99769 -0.0678635 0.00290224 0.00442429 0.0673418 0.993803 0.0884389 0.00599488 -0.00888603 -0.0880392 0.996077 0.33721
0.997707 -0.0675954 0.00342957 0.00607526 0.0670125 0.993675 0.0901028 0.00597098 -0.00949842 -0.0896664 0.995927 0.342035
0.99759 -0.0693038 0.00334835 0.00587227 0.068684 0.993206 0.0939381 0.00622815 -0.00983588 -0.0934817 0.995572 0.346237
0.997426 -0.0716206 0.00357629 0.00473965 0.0710144 0.993452 0.0894998 0.00651488 -0.0099629 -0.0890154 0.99598 0.350607
0.997251 -0.0740043 0.0037668 0.00518836 0.0733551 0.993138 0.09108 0.00657591 -0.0104813 -0.0905532 0.995836 0.355362
0.997399 -0.0719929 0.00359533 0.00662253 0.0713405 0.99304 0.093711 0.00633993 -0.0103168 -0.0932107 0.995593 0.36056
0.997468 -0.0710606 0.0028363 0.00659128 0.0705026 0.993294 0.0916367 0.00632651 -0.00932904 -0.0912048 0.995788 0.365186
0.997181 -0.0749691 0.00306361 0.00510163 0.0743718 0.992991 0.0918575 0.00678232 -0.00992861 -0.0913707 0.995767 0.369388
0.997462 -0.0710229 0.00493774 0.00849487 0.0701183 0.992034 0.104651 0.00655595 -0.012331 -0.104039 0.994497 0.374978
