1 0 -1.0842e-19 0 0 1 0 0 1.0842e-19 -4.1359e-25 1 2.77556e-17
1 2.35894e-05 1.20208e-08 1.21258e-06 -2.35894e-05 1 -1.10219e-11 -1.52733e-06 -1.20208e-08 1.07384e-11 1 7.25058e-10
1 2.33582e-05 1.19041e-08 1.19973e-06 -2.33582e-05 1 -1.10259e-11 -1.51236e-06 -1.19041e-08 1.07478e-11 1 7.2108e-10
1 -1.58031e-05 -8.07557e-09 -8.17428e-07 1.58031e-05 1 -1.09845e-11 -3.79029e-06 8.07557e-09 1.08569e-11 1 -4.75011e-10
1 -1.6022e-05 -8.18556e-09 -8.29617e-07 1.6022e-05 1 -1.0962e-11 -3.83073e-06 8.18556e-09 1.08308e-11 1 -4.78158e-10
1 -3.11968e-05 -1.58209e-08 -1.60646e-06 3.11968e-05 1 9.00123e-12 -6.6343e-06 1.58209e-08 -9.49479e-12 1 -9.3405e-10
1 4.67343e-05 2.36883e-08 2.39267e-06 -4.67343e-05 1 5.6277e-12 -3.026e-06 -2.36883e-08 -6.73475e-12 1 1.43966e-09
1 3.69922e-06 1.88008e-09 1.83375e-07 -3.69922e-06 1 1.1988e-11 -2.39491e-07 -1.88008e-09 -1.1995e-11 1 1.34308e-10
1 5.4734e-06 2.78569e-09 2.73804e-07 -5.4734e-06 1 1.9611e-11 -9.6695e-06 -2.78569e-09 -1.96262e-11 1 1.91708e-10
1 -3.14338e-05 -1.59424e-08 -1.62233e-06 3.14338e-05 1 7.61452e-12 -6.67809e-06 1.59424e-08 -8.11565e-12 1 -9.27549e-10
1 1.47489e-05 7.51101e-09 7.49137e-07 -1.47489e-05 1 -1.12359e-11 -9.54935e-07 -7.51101e-09 1.11251e-11 1 4.84157e-10
1 4.67343e-05 2.36883e-08 2.38803e-06 -4.67343e-05 1 5.6277e-12 -3.026e-06 -2.36883e-08 -6.73475e-12 1 1.45741e-09
1 3.69922e-06 1.88012e-09 1.78737e-07 -3.69922e-06 1 1.1988e-11 -2.39491e-07 -1.88012e-09 -1.1995e-11 1 1.52191e-10
1 -4.67859e-05 -2.38308e-08 -2.41911e-06 4.67859e-05 1 -5.56803e-12 -9.51429e-06 2.38308e-08 4.45309e-12 1 -1.38642e-09
1 1.50646e-06 7.68788e-10 6.43866e-08 -1.50646e-06 1 -3.90964e-12 -5.92427e-07 -7.68788e-10 3.90848e-12 1 9.34323e-11
1 -4.46041e-05 -2.26533e-08 -2.30544e-06 4.46041e-05 1 -1.85508e-12 -9.11124e-06 2.26533e-08 8.44652e-13 1 -1.30848e-09
1 -4.42761e-05 -2.24725e-08 -2.28869e-06 4.42761e-05 1 -1.30375e-12 -9.05065e-06 2.24725e-08 3.08761e-13 1 -1.29446e-09
1 5.77294e-06 2.90004e-09 2.79031e-07 -5.77294e-06 1 -6.40259e-13 1.95796e-07 -2.90004e-09 6.23517e-13 1 2.31832e-10
1 -4.67859e-05 -2.38307e-08 -2.42374e-06 4.67859e-05 1 -5.56801e-12 -9.51429e-06 2.38307e-08 4.45307e-12 1 -1.36825e-09
1 -4.75665e-05 -2.42073e-08 -2.46368e-06 4.75665e-05 1 -6.83985e-12 -9.6585e-06 2.42073e-08 5.6884e-12 1 -1.38757e-09
1 8.64999e-07 4.52095e-10 2.64438e-08 -8.64999e-07 1 -4.4101e-12 -7.10935e-07 -4.52095e-10 4.40971e-12 1 9.58601e-11
1 -4.42761e-05 -2.24724e-08 -2.29333e-06 4.42761e-05 1 -1.30377e-12 -9.05065e-06 2.24724e-08 3.08782e-13 1 -1.27625e-09
1 6.90179e-06 3.49858e-09 3.33827e-07 -6.90179e-06 1 -8.15328e-14 4.0435e-07 -3.49858e-09 5.73863e-14 1 2.8521e-10
1 6.93282e-06 3.51519e-09 3.34467e-07 -6.93282e-06 1 -5.40609e-14 4.10083e-07 -3.51519e-09 2.96907e-14 1 2.90135e-10
1 -4.75665e-05 -2.42072e-08 -2.46831e-06 4.75665e-05 1 -6.8399e-12 -9.6585e-06 2.42072e-08 5.68844e-12 1 -1.36935e-09
1 5.45881e-05 2.77673e-08 2.78341e-06 -5.45881e-05 1 -7.09692e-12 -3.53444e-06 -2.77673e-08 5.58115e-12 1 1.75234e-09
1 5.45664e-05 2.77568e-08 2.78132e-06 -5.45664e-05 1 -7.05744e-12 -3.53303e-06 -2.77568e-08 5.54285e-12 1 1.75564e-09
1 3.48994e-06 1.80202e-09 1.55658e-07 -3.48994e-06 1 -3.92164e-12 -2.25998e-07 -1.80202e-09 3.91535e-12 1 2.02197e-10
1 -1.82382e-07 -9.48906e-11 -3.53288e-08 1.82382e-07 1 1.41587e-13 1.18093e-08 9.48906e-11 -1.41604e-13 1 9.10335e-11
1 -5.14362e-08 -2.68772e-11 -2.95279e-08 5.14362e-08 1 4.56694e-14 3.3306e-09 2.68771e-11 -4.56708e-14 1 9.90469e-11
1 1.53091e-16 2.34479e-13 -2.78349e-08 -1.53092e-16 1 4.66265e-17 9.71341e-14 -2.34479e-13 -4.66254e-17 1 1.04606e-10
1 -4.90582e-05 -2.49992e-08 -2.55294e-06 4.90582e-05 1 -9.52123e-12 -9.93405e-06 2.49992e-08 8.29481e-12 1 -1.39207e-09
1 -4.75169e-05 -2.4183e-08 -2.47309e-06 4.75169e-05 1 -6.75027e-12 -9.64934e-06 2.4183e-08 5.60116e-12 1 -1.33931e-09
1 -1.82382e-07 -9.48509e-11 -3.99662e-08 1.82382e-07 1 1.41538e-13 1.18093e-08 9.4851e-11 -1.41555e-13 1 1.0926e-10
1 3.48993e-06 1.78072e-09 1.4841e-07 -3.48993e-06 1 7.85223e-12 -2.25962e-07 -1.78072e-09 -7.85845e-12 1 2.24615e-10
1 7.16292e-06 3.62943e-09 3.35239e-07 -7.16292e-06 1 7.72979e-12 4.52608e-07 -3.62943e-09 -7.75579e-12 1 3.39475e-10
1 -4.90582e-05 -2.49992e-08 -2.55758e-06 4.90582e-05 1 -9.52121e-12 -9.93405e-06 2.49992e-08 8.29479e-12 1 -1.37384e-09
1 -1.35307e-05 -6.88956e-09 -7.30031e-07 1.35307e-05 1 9.24478e-12 -7.79477e-06 6.88956e-09 -9.338e-12 1 -2.84957e-10
1 3.49e-06 1.77424e-09 1.44357e-07 -3.49e-06 1 -7.87385e-12 -2.26012e-07 -1.77424e-09 7.86766e-12 1 2.39688e-10
1 3.48993e-06 1.78076e-09 1.43773e-07 -3.48993e-06 1 7.85223e-12 -2.25962e-07 -1.78076e-09 -7.85845e-12 1 2.42842e-10
1 1.45042e-05 7.37283e-09 7.08694e-07 -1.45042e-05 1 5.29423e-12 -9.39134e-07 -7.37283e-09 -5.40117e-12 1 5.81708e-10
1 2.55565e-05 1.29752e-08 1.27491e-06 -2.55565e-05 1 1.14242e-11 -1.65475e-06 -1.29752e-08 -1.17558e-11 1 9.21457e-10
1 3.49e-06 1.77369e-09 1.40599e-07 -3.49e-06 1 5.42267e-12 -2.25966e-07 -1.77369e-09 -5.42886e-12 1 2.53625e-10
1 -9.40728e-06 -4.77661e-09 -5.22723e-07 9.40728e-06 1 1.07048e-11 -7.48298e-06 4.7766e-09 -1.07498e-11 1 -1.36814e-10
1 3.59293e-05 1.81941e-08 1.80259e-06 -3.59293e-05 1 5.85414e-12 -2.32639e-06 -1.81941e-08 -6.50784e-12 1 1.24558e-09
1 3.78971e-05 1.9217e-08 1.90403e-06 -3.78971e-05 1 8.81172e-12 -2.45379e-06 -1.9217e-08 -9.53999e-12 1 1.31001e-09
1 -1.61633e-05 -8.25627e-09 -8.74939e-07 1.61633e-05 1 -1.09592e-11 -3.85684e-06 8.25627e-09 1.08258e-11 1 -3.33768e-10
1 2.39969e-05 1.21943e-08 1.18989e-06 -2.39969e-05 1 1.10827e-11 -1.55376e-06 -1.21943e-08 -1.13754e-11 1 8.96061e-10
1 2.33582e-05 1.19045e-08 1.15799e-06 -2.33582e-05 1 -1.10259e-11 -1.51236e-06 -1.19045e-08 1.07478e-11 1 8.83021e-10
1 3.78091e-05 1.91716e-08 1.89583e-06 -3.78091e-05 1 8.79061e-12 -2.44809e-06 -1.91716e-08 -9.51547e-12 1 1.32158e-09
1 3.78971e-05 1.92171e-08 1.89939e-06 -3.78971e-05 1 8.81176e-12 -2.45379e-06 -1.92171e-08 -9.54003e-12 1 1.32824e-09
1 -1.61633e-05 -8.25623e-09 -8.79576e-07 1.61633e-05 1 -1.09593e-11 -3.85684e-06 8.25623e-09 1.08258e-11 1 -3.1554e-10
1 2.35894e-05 1.20212e-08 1.1662e-06 -2.35894e-05 1 -1.10219e-11 -1.52733e-06 -1.20212e-08 1.07384e-11 1 9.04317e-10
1 2.33582e-05 1.19045e-08 1.15336e-06 -2.33582e-05 1 -1.10259e-11 -1.51236e-06 -1.19045e-08 1.07478e-11 1 9.01248e-10
1 3.78091e-05 1.91716e-08 1.8912e-06 -3.78091e-05 1 8.79061e-12 -2.44809e-06 -1.91716e-08 -9.51548e-12 1 1.33981e-09
1 -3.14338e-05 -1.59421e-08 -1.66406e-06 3.14338e-05 1 7.61456e-12 -6.67809e-06 1.59421e-08 -8.11568e-12 1 -7.63719e-10
1 -3.11968e-05 -1.58205e-08 -1.65283e-06 3.11968e-05 1 9.00123e-12 -6.6343e-06 1.58205e-08 -9.49477e-12 1 -7.52568e-10
1 2.35894e-05 1.20212e-08 1.16156e-06 -2.35894e-05 1 -1.10219e-11 -1.52733e-06 -1.20212e-08 1.07384e-11 1 9.22545e-10
1 3.69922e-06 1.88047e-09 1.37001e-07 -3.69922e-06 1 1.1988e-11 -2.39491e-07 -1.88047e-09 -1.1995e-11 1 3.16155e-10
1 -1.58031e-05 -8.07514e-09 -8.68442e-07 1.58031e-05 1 -1.09845e-11 -3.79029e-06 8.07514e-09 1.08569e-11 1 -2.76081e-10
1 -3.14338e-05 -1.5942e-08 -1.6687e-06 3.14338e-05 1 7.61451e-12 -6.67809e-06 1.5942e-08 -8.11563e-12 1 -7.45492e-10
1 3.49012e-06 -0.000605066 -9.46433e-05 -3.49012e-06 1 1.90951e-09 -2.25653e-07 0.000605066 2.02241e-10 1 0.00254841
0.999998 3.48977e-06 -0.0019684 -0.000309632 -3.48977e-06 1 7.20789e-09 -1.0035e-05 0.0019684 -3.38609e-10 0.999998 0.00897313
0.999992 -4.11226e-07 -0.00404051 -0.000643019 4.11285e-07 1 1.37853e-08 -9.44519e-07 0.00404051 -1.5447e-08 0.999992 0.0201061
0.999985 -3.35509e-05 -0.00551217 -0.000886863 3.35764e-05 1 4.5311e-06 -6.27885e-06 0.00551217 -4.71611e-06 0.999985 0.0296598
0.999974 2.50619e-05 -0.00724824 -0.00118606 -2.52884e-05 1 -3.1154e-05 -1.09869e-05 0.00724824 3.13364e-05 0.999974 0.0404907
0.999953 3.48995e-06 -0.00967867 -0.00163438 -3.48979e-06 1 3.31363e-08 -2.20358e-07 0.00967867 6.41771e-10 0.999953 0.0560011
0.999937 -1.62106e-05 -0.0111893 -0.00193016 1.61279e-05 1 -7.48394e-06 -3.84359e-06 0.0111893 7.30302e-06 0.999937 0.0681914
0.999929 -5.64356e-06 -0.0119161 -0.0021195 5.64446e-06 1 4.15663e-08 -1.90611e-06 0.0119161 -1.08823e-07 0.999929 0.0797225
0.999923 -3.07354e-05 -0.0123806 -0.00233242 3.07383e-05 1 4.31678e-08 -6.54143e-06 0.0123806 -4.23724e-07 0.999923 0.0960192
0.999921 -1.65247e-05 -0.0125771 -0.00250319 1.65266e-05 1 4.39042e-08 -3.91517e-06 0.0125771 -2.51758e-07 0.999921 0.110734
0.999928 3.49014e-06 -0.0119667 -0.00253971 -3.48989e-06 1 4.17509e-08 -2.17118e-07 0.0119667 1.46292e-11 0.999928 0.123664
0.999948 -3.42083e-05 -0.0102309 -0.00246227 3.42104e-05 1 3.60353e-08 -7.18241e-06 0.0102309 -3.86037e-07 0.999948 0.141259
0.999964 3.2856e-05 -0.00845675 -0.00235693 -3.28569e-05 1 2.84333e-08 -4.60237e-06 0.00845675 2.4943e-07 0.999964 0.157229
0.999972 -2.84716e-05 -0.00754468 -0.0023383 2.84726e-05 1 2.83989e-08 -6.12247e-06 0.00754468 -2.43215e-07 0.999972 0.168042
0.999976 6.93284e-06 -0.00696179 -0.00235355 -6.93284e-06 1 2.43262e-08 4.18324e-07 0.00696179 2.39393e-08 0.999976 0.17758
0.999978 3.75934e-05 -0.00669654 -0.002381 -3.75941e-05 1 2.33442e-08 -2.42586e-06 0.00669654 2.28407e-07 0.999978 0.183722
0.999979 -9.55279e-06 -0.00650906 -0.00236384 9.55314e-06 1 2.31064e-08 -7.48051e-06 0.00650906 -8.52878e-08 0.999979 0.187887
0.999986 3.49001e-06 -0.00528508 -0.00142365 -3.48996e-06 1 1.84618e-08 -2.21036e-07 0.00528508 -1.68441e-11 0.999986 0.193952
0.999994 3.49025e-06 -0.00344746 0.000247435 -3.49023e-06 1 1.17134e-08 -2.26864e-07 0.00344746 3.19149e-10 0.999994 0.200687
0.999998 3.48988e-06 -0.00191747 0.00186588 -3.48987e-06 1 6.82115e-09 -2.32496e-07 0.00191747 -1.29407e-10 0.999998 0.206574
1 3.49003e-06 -7.52577e-05 0.003962 -3.49003e-06 1 3.50608e-10 -2.39778e-07 7.52577e-05 -8.79562e-11 1 0.21359
0.999998 -1.15467e-05 0.00204368 0.00637342 1.15468e-05 1 -6.31385e-09 -9.08455e-06 -0.00204368 2.99117e-08 0.999998 0.220924
0.999992 -8.54486e-06 0.00392244 0.00866005 8.54497e-06 1 -1.20745e-08 -2.47947e-06 -0.00392244 4.55916e-08 0.999992 0.227648
0.999972 3.89337e-05 0.0075018 0.0111491 -3.90348e-05 1 1.33257e-05 -2.56694e-06 -0.0075018 -1.36182e-05 0.999972 0.234604
0.999882 -2.70107e-05 0.0153557 0.0139245 2.69672e-05 1 3.03963e-06 -8.11079e-06 -0.0153557 -2.62517e-06 0.999882 0.241482
0.999704 3.49029e-06 0.0243341 0.0166187 -3.48926e-06 1 -8.51148e-08 -2.84015e-07 -0.0243341 1.818e-10 0.999704 0.247946
0.999492 -1.59336e-05 0.0318829 0.0190791 1.57927e-05 1 4.66906e-06 -3.85463e-06 -0.0318829 -4.16317e-06 0.999492 0.25432
0.999236 4.1359e-07 0.0390914 0.0219895 -4.08592e-07 1 -1.35848e-07 -8.71425e-07 -0.0390914 1.19772e-07 0.999236 0.260782
0.998998 -3.5094e-05 0.0447581 0.0245579 3.51361e-05 1 -1.54639e-07 -7.44693e-06 -0.0447581 1.72711e-06 0.998998 0.26587
0.998705 -7.13207e-08 0.0508804 0.0276643 1.00861e-06 1 -1.83958e-05 -1.09626e-05 -0.0508804 1.84233e-05 0.998705 0.271868
0.998216 -2.97414e-05 0.0597126 0.0307995 2.98064e-05 1 -1.98444e-07 -6.48232e-06 -0.0597126 1.97791e-06 0.998216 0.277683
0.997459 3.48994e-06 0.0712424 0.0337303 -3.48111e-06 1 -2.48205e-07 -3.43641e-07 -0.0712424 -4.2849e-10 0.997459 0.28274
0.99636 -5.38997e-06 0.0852454 0.0369302 7.45138e-06 1 -2.38639e-05 -6.71737e-06 -0.0852454 2.44122e-05 0.99636 0.288287
0.995391 3.41777e-05 0.095895 0.0395028 -3.39346e-05 1 -4.16628e-06 -2.33639e-06 -0.095895 8.9292e-07 0.995391 0.293189
0.994281 3.61019e-05 0.106799 0.0422295 -3.50565e-05 1 -1.16657e-05 -7.73448e-06 -0.106799 7.85503e-06 0.994281 0.297928
0.993094 4.15174e-05 0.117322 0.0449424 -4.17542e-05 1 -4.39699e-07 -3.11994e-06 -0.117322 -4.462e-06 0.993094 0.302405
0.991938 4.31432e-05 0.126722 0.0475496 -4.34371e-05 1 -4.4396e-07 -2.98051e-06 -0.126722 -5.06404e-06 0.991938 0.306997
0.990802 3.48961e-06 0.135321 0.0499297 -3.45776e-06 1 -4.70422e-07 -3.99974e-07 -0.135321 -1.81184e-09 0.990802 0.310865
0.989238 3.48984e-06 0.146317 0.0529845 -3.45237e-06 1 -5.10038e-07 -4.10817e-07 -0.146317 -5.93392e-10 0.989238 0.31551
0.987705 3.49066e-06 0.156328 0.05593 -3.44774e-06 1 -5.45727e-07 -4.21173e-07 -0.156328 4.14982e-11 0.987705 0.320137
0.986577 -2.7869e-05 0.163295 0.0580548 2.83368e-05 1 -5.34935e-07 -8.18014e-06 -0.163295 5.15501e-06 0.986577 0.323493
0.98468 3.48966e-06 0.174373 0.0613224 -3.43592e-06 1 -6.10098e-07 -4.40235e-07 -0.174373 1.62109e-09 0.98468 0.328145
0.982621 3.48863e-06 0.185626 0.0647193 -3.42794e-06 1 -6.47873e-07 -4.51946e-07 -0.185626 2.9948e-10 0.982621 0.332892
0.981228 3.49018e-06 0.192849 0.0668166 -3.42469e-06 1 -6.72962e-07 -4.59148e-07 -0.192849 -1.19337e-10 0.981228 0.335795
0.978334 1.26083e-05 0.207033 0.0702611 -1.80815e-05 1 2.4544e-05 -3.65181e-06 -0.207033 -2.77557e-05 0.978334 0.33981
0.975103 -2.36484e-05 0.221754 0.0735886 1.98617e-05 1 1.93061e-05 -4.78089e-06 -0.221754 -1.4421e-05 0.975103 0.343382
0.972859 -2.22157e-06 0.231397 0.0758965 -2.29006e-06 1 1.92288e-05 -4.21756e-06 -0.231397 -1.92368e-05 0.972859 0.346211
0.970927 -1.0245e-05 0.239375 0.0782314 1.07571e-05 1 -8.32766e-07 -3.11196e-06 -0.239375 3.38354e-06 0.970927 0.34937
0.968796 3.48931e-06 0.247859 0.0811578 -3.38034e-06 1 -8.65204e-07 -5.09287e-07 -0.247859 3.58327e-10 0.968796 0.353427
0.967538 3.48982e-06 0.252727 0.0830673 -3.37673e-06 1 -8.81191e-07 -5.15757e-07 -0.252727 -8.08023e-10 0.967538 0.356223
0.966823 -1.03377e-05 0.255448 0.0848852 1.09279e-05 1 -8.91213e-07 -3.16442e-06 -0.255448 3.65315e-06 0.966823 0.360054
0.966809 3.4901e-06 0.2555 0.0860258 -3.37425e-06 1 -8.91765e-07 -5.26191e-07 -0.2555 4.60053e-11 0.966809 0.363563
0.969743 3.48929e-06 0.244129 0.0851452 -3.38462e-06 1 -8.48232e-07 -5.22552e-07 -0.244129 -3.71692e-09 0.969743 0.366757
0.976926 3.49102e-06 0.213579 0.0808775 -3.40993e-06 1 -7.48069e-07 -5.08612e-07 -0.213579 2.51806e-09 0.976926 0.368907
0.981576 5.22542e-05 0.191074 0.0775725 -5.31094e-05 1 -6.45641e-07 -1.12474e-06 -0.191074 -9.51409e-06 0.981576 0.369645
0.98605 -5.7523e-07 0.166447 0.0739918 -3.42822e-06 1 2.3765e-05 -2.99146e-06 -0.166447 -2.40041e-05 0.98605 0.370234
0.99071 3.4908e-06 0.135989 0.0693448 -3.45815e-06 1 -4.76366e-07 -4.68228e-07 -0.135989 1.67169e-09 0.99071 0.370009
0.994455 3.48681e-06 0.105163 0.0646097 -3.46746e-06 1 -3.66832e-07 -4.51882e-07 -0.105163 1.48123e-10 0.994455 0.369314
0.996943 3.49139e-06 0.0781285 0.0605674 -3.48043e-06 1 -2.7642e-07 -4.37818e-07 -0.0781285 3.65401e-09 0.996943 0.368577
0.998654 2.03808e-06 0.0518654 0.0565946 -3.46084e-06 1 2.73419e-05 -4.24804e-07 -0.0518654 -2.74846e-05 0.998654 0.367556
0.999901 3.49063e-06 0.0140744 0.0508801 -3.49015e-06 1 -5.88705e-08 -4.04884e-07 -0.0140744 9.74303e-09 0.999901 0.365737
0.999914 -2.0477e-06 -0.0131146 0.0468645 2.01947e-06 1 -2.16529e-06 -1.40742e-06 0.0131146 2.13862e-06 0.999914 0.364268
0.999657 6.97448e-06 -0.0262025 0.0450252 -7.17591e-06 1 -7.59333e-06 -2.00741e-06 0.0262025 7.77875e-06 0.999657 0.363549
0.999421 3.48923e-06 -0.034028 0.0439921 -3.48721e-06 1 1.18809e-07 -3.7957e-07 0.034028 -7.7279e-11 0.999421 0.36313
0.999264 -2.34744e-05 -0.0383681 0.0434724 2.46405e-05 1 2.9919e-05 -5.57418e-06 0.0383681 -3.08423e-05 0.999264 0.362912
0.999186 3.52576e-05 -0.0403427 0.0432745 -3.52802e-05 1 1.53039e-07 -4.31209e-06 0.0403427 1.27038e-06 0.999186 0.362827
0.999147 -1.03065e-05 -0.0412928 0.0431965 1.03212e-05 1 1.43708e-07 -7.78286e-06 0.0412928 -5.69776e-07 0.999147 0.362793
0.999122 5.57746e-05 -0.0418999 0.0431706 -5.58175e-05 1 1.46402e-07 -3.76482e-06 0.0418999 2.19247e-06 0.999122 0.362779
0.99911 3.49004e-06 -0.0421761 0.0431675 -3.48694e-06 1 1.47179e-07 -3.76642e-07 0.0421761 1.77996e-11 0.99911 0.362777
0.999104 -1.52899e-05 -0.0423196 0.0431752 1.53098e-05 1 1.47649e-07 -3.84927e-06 0.0423196 -7.95421e-07 0.999104 0.36278
0.999101 -1.79083e-07 -0.042394 0.043162 1.85522e-07 1 1.47959e-07 -1.38821e-07 0.042394 -1.55691e-07 0.999101 0.363373
0.999099 3.48995e-06 -0.0424327 0.0429522 -3.4868e-06 1 1.48088e-07 -3.75894e-07 0.0424327 -2.54495e-13 0.999099 0.368568
0.999098 -1.658e-05 -0.0424527 0.0425645 1.66013e-05 1 1.48144e-07 -4.08572e-06 0.0424527 -8.52779e-07 0.999098 0.377883
0.999098 -2.46224e-05 -0.0424624 0.0421939 2.46509e-05 1 1.48219e-07 -5.57165e-06 0.0424624 -1.19482e-06 0.999098 0.386751
0.999098 3.49e-06 -0.0424686 0.04174 -3.48686e-06 1 1.48207e-07 -3.71678e-07 0.0424686 8.22141e-12 0.999098 0.397616
0.999098 -3.0886e-05 -0.0424714 0.0411984 3.09202e-05 1 1.48233e-07 -6.72641e-06 0.0424714 -1.46132e-06 0.999098 0.410417
0.999098 3.48994e-06 -0.0424727 0.0406628 -3.48679e-06 1 1.48226e-07 -3.67905e-07 0.0424727 1.6681e-12 0.999098 0.423129
0.999113 2.31773e-05 -0.0421137 0.040189 -2.31917e-05 1 1.46632e-07 -1.64208e-06 0.0421137 8.30185e-07 0.999113 0.435682
0.999177 3.48983e-06 -0.0405608 0.0397538 -3.48695e-06 1 1.41713e-07 -3.6471e-07 0.0405608 -1.62683e-10 0.999177 0.451713
0.999253 3.48989e-06 -0.0386476 0.0393871 -3.48727e-06 1 1.35107e-07 -3.63428e-07 0.0386476 -2.31753e-10 0.999253 0.467627
0.999302 3.85313e-05 -0.0373436 0.0390512 -3.85534e-05 1 1.30082e-07 -2.63276e-06 0.0373436 1.30973e-06 0.999302 0.480587
0.999356 -3.52201e-05 -0.035886 0.0387806 3.51946e-05 1 -1.34349e-06 -7.66591e-06 0.035886 7.9633e-08 0.999356 0.49279
0.999435 2.79211e-05 -0.0336094 0.0384799 -2.80469e-05 1 -3.27092e-06 -1.95049e-06 0.0336094 4.21172e-06 0.999435 0.509729
0.999496 7.1608e-06 -0.0317326 0.038207 -7.16089e-06 1 1.10831e-07 3.19227e-07 0.0317326 1.16459e-07 0.999496 0.52464
0.99954 3.49001e-06 -0.030318 0.0379841 -3.48842e-06 1 1.05304e-07 -3.58607e-07 0.030318 5.06172e-10 0.99954 0.536668
0.999606 -3.17649e-05 -0.0280709 0.0377532 3.17802e-05 1 1.0108e-07 -6.87272e-06 0.0280709 -9.93141e-07 0.999606 0.553441
0.999664 3.48968e-06 -0.0259131 0.0375657 -3.48851e-06 1 9.04448e-08 -3.57111e-07 0.0259131 -1.65378e-11 0.999664 0.569525
0.999694 2.22763e-05 -0.0247281 0.0373294 -2.2281e-05 1 8.59506e-08 -1.573e-06 0.0247281 4.65043e-07 0.999694 0.582929
0.999713 5.45541e-05 -0.0239709 0.0369242 -5.45678e-05 1 8.34497e-08 -3.66206e-06 0.0239709 1.22461e-06 0.999713 0.600837
0.99972 3.49004e-06 -0.0236515 0.0365487 -3.48907e-06 1 8.25611e-08 -3.5352e-07 0.0236515 -1.62679e-11 0.99972 0.616062
0.999725 6.90117e-06 -0.0234474 0.0361636 -6.90115e-06 1 8.18418e-08 2.78209e-07 0.0234474 7.99949e-08 0.999725 0.631337
0.999727 -8.96748e-06 -0.0233546 0.0357891 8.97184e-06 1 8.15972e-08 -4.41699e-06 0.0233546 -2.91108e-07 0.999727 0.646256
0.999728 7.16173e-06 -0.0233064 0.0353872 -7.16178e-06 1 8.1348e-08 3.29077e-07 0.0233064 8.55891e-08 0.999728 0.662585
0.999729 -4.90879e-05 -0.0232814 0.035034 4.91031e-05 1 8.12507e-08 -1.00645e-05 0.0232814 -1.22442e-06 0.999729 0.676862
0.999729 6.83306e-06 -0.0232693 0.0347566 -6.83303e-06 1 8.12104e-08 2.7053e-07 0.0232693 7.78112e-08 0.999729 0.688358
0.999729 4.67264e-05 -0.0232616 0.034369 -4.67371e-05 1 8.11877e-08 -3.14618e-06 0.0232616 1.00601e-06 0.999729 0.704599
0.999729 6.90108e-06 -0.0232581 0.0339939 -6.90106e-06 1 8.11707e-08 2.85762e-07 0.0232581 7.93567e-08 0.999729 0.720296
0.99973 -4.90306e-05 -0.0232564 0.0336859 4.90457e-05 1 8.11559e-08 -1.00491e-05 0.0232564 -1.22176e-06 0.99973 0.733183
0.99973 7.16192e-06 -0.0232553 0.0332784 -7.16197e-06 1 8.11687e-08 3.36476e-07 0.0232553 8.54071e-08 0.99973 0.75062
0.99973 -3.11864e-05 -0.0232549 0.032923 3.11967e-05 1 8.11685e-08 -6.74901e-06 0.0232549 -8.06622e-07 0.99973 0.76569
0.99973 -3.1418e-05 -0.0232546 0.0325926 3.14284e-05 1 8.11661e-08 -6.79066e-06 0.0232546 -8.11999e-07 0.99973 0.779793
0.99973 -1.5804e-05 -0.0232545 0.0322044 1.58101e-05 1 8.1147e-08 -3.90381e-06 0.0232545 -4.48781e-07 0.99973 0.796438
0.99973 8.97855e-07 -0.0232544 0.0318196 -8.9621e-07 1 8.11533e-08 -8.16035e-07 0.0232544 -6.02905e-08 0.99973 0.812967
0.99973 -4.75397e-05 -0.0232544 0.0314857 4.75544e-05 1 8.11507e-08 -9.76598e-06 0.0232544 -1.18698e-06 0.99973 0.827175
0.99973 -4.75034e-05 -0.0232544 0.0311633 4.75181e-05 1 8.11507e-08 -9.75815e-06 0.0232544 -1.18613e-06 0.99973 0.841008
0.99973 -4.90306e-05 -0.0232543 0.0308011 4.90457e-05 1 8.1148e-08 -1.00391e-05 0.0232543 -1.22165e-06 0.99973 0.856557
0.99973 2.35822e-05 -0.0232543 0.030474 -2.35867e-05 1 8.11464e-08 -1.63356e-06 0.0232543 4.67369e-07 0.99973 0.870771
0.99973 -3.11864e-05 -0.0232543 0.0301026 3.11967e-05 1 8.11664e-08 -6.73916e-06 0.0232543 -8.06603e-07 0.99973 0.886601
0.99973 -3.1418e-05 -0.0232543 0.0297304 3.14284e-05 1 8.1165e-08 -6.78067e-06 0.0232543 -8.11989e-07 0.99973 0.902594
0.99973 5.45742e-05 -0.0232543 0.0293883 -5.4587e-05 1 8.11503e-08 -3.63697e-06 0.0232543 1.18825e-06 0.99973 0.917487
0.999735 3.49e-06 -0.023032 0.029074 -3.48907e-06 1 8.03794e-08 -3.27468e-07 0.023032 2.30435e-12 0.999735 0.93238
0.999763 4.75391e-05 -0.0217839 0.0289283 -4.75487e-05 1 7.56479e-08 -3.17977e-06 0.0217839 9.60166e-07 0.999763 0.947178
0.999798 -3.23904e-05 -0.0201097 0.0288518 3.23984e-05 1 7.16997e-08 -7.81266e-06 0.0201097 -7.23208e-07 0.999798 0.9618
0.99983 -4.75934e-05 -0.0184338 0.0287543 4.76027e-05 1 6.47739e-08 -9.76536e-06 0.0184338 -9.4226e-07 0.99983 0.977635
0.999805 3.48992e-06 -0.0197382 0.0290534 -3.48923e-06 1 6.92044e-08 -3.2732e-07 0.0197382 -3.19913e-10 0.999805 0.990366
0.999722 3.4902e-06 -0.0235868 0.0299693 -3.48921e-06 1 8.31294e-08 -3.30431e-07 0.0235868 -8.07257e-10 0.999722 1.0029
0.999565 -1.65144e-05 -0.0295046 0.031683 1.73672e-05 1 2.86453e-05 -4.18923e-06 0.0295046 -2.91453e-05 0.999565 1.01859
0.999487 -3.31996e-05 -0.0320217 0.0329726 3.32201e-05 1 1.10648e-07 -7.7743e-06 0.0320217 -1.17436e-06 0.999487 1.03027
0.999478 -1.65096e-05 -0.0322967 0.034225 1.65219e-05 1 1.12931e-07 -4.04215e-06 0.0322967 -6.46474e-07 0.999478 1.04675
0.999512 3.48991e-06 -0.0312399 0.0350482 -3.4882e-06 1 1.09144e-07 -3.48292e-07 0.0312399 -1.19273e-10 0.999512 1.06287
0.999514 3.49009e-06 -0.0311714 0.0357218 -3.48838e-06 1 1.09225e-07 -3.50571e-07 0.0311714 -4.34728e-10 0.999514 1.07636
0.999403 -3.99923e-05 -0.0345465 0.0368714 4.00203e-05 1 1.1956e-07 -8.39289e-06 0.0345465 -1.50205e-06 0.999403 1.09046
0.9992 3.05912e-05 -0.0399872 0.0385401 -3.08795e-05 1 -6.59321e-06 -4.15401e-06 0.0399872 7.82272e-06 0.9992 1.10546
0.999034 -2.09289e-05 -0.0439501 0.0400766 2.22049e-05 1 2.85446e-05 -5.11229e-06 0.0439501 -2.9493e-05 0.999034 1.11725
0.999015 2.63164e-05 -0.0443785 0.0417827 -2.71336e-05 1 -1.78126e-05 -7.29313e-06 0.0443785 1.89992e-05 0.999015 1.13089
0.99915 -2.93889e-05 -0.0412156 0.0430856 2.80948e-05 1 -3.19768e-05 -8.14151e-06 0.0412156 3.07917e-05 0.99915 1.14417
0.999346 3.48946e-06 -0.0361716 0.0443282 -3.48716e-06 1 1.26779e-07 -3.80622e-07 0.0361716 -5.60152e-10 0.999346 1.15994
0.999465 -4.67344e-05 -0.0327006 0.0451854 4.67632e-05 1 1.15418e-07 -9.66727e-06 0.0327006 -1.64454e-06 0.999465 1.17344
0.999567 2.63025e-05 -0.029427 0.0460858 -2.55318e-05 1 2.65641e-05 1.81419e-06 0.029427 -2.58013e-05 0.999567 1.1895
0.999637 3.49021e-06 -0.0269562 0.0468212 -3.48893e-06 1 9.46468e-08 -3.89235e-07 0.0269562 -5.64377e-10 0.999637 1.20341
0.999683 -3.09642e-05 -0.0251613 0.047421 3.09763e-05 1 8.79845e-08 -6.75883e-06 0.0251613 -8.6736e-07 0.999683 1.21612
0.999731 3.49016e-06 -0.023193 0.047872 -3.48923e-06 1 8.07301e-08 -3.93073e-07 0.023193 2.17406e-10 0.999731 1.23035
0.999779 -1.88816e-05 -0.021017 0.048163 1.82905e-05 1 -2.83183e-05 -1.29353e-05 0.021017 2.79277e-05 0.999779 1.2454
0.999816 3.49034e-06 -0.0191925 0.0483372 -3.4897e-06 1 6.68527e-08 -3.94691e-07 0.0191925 1.35549e-10 0.999816 1.25893
0.999842 -3.45945e-05 -0.0177565 0.0484362 3.45558e-05 1 -2.48872e-06 -8.18905e-06 0.0177565 1.87474e-06 0.999842 1.27202
0.999876 3.48979e-06 -0.0157465 0.0485585 -3.48935e-06 1 5.50896e-08 -3.95419e-07 0.0157465 -1.37847e-10 0.999876 1.28715
0.999902 -4.64638e-05 -0.0140083 0.0486532 4.64691e-05 1 4.98002e-08 -9.62537e-06 0.0140083 -7.00749e-07 0.999902 1.29953
0.99993 3.48997e-06 -0.0118039 0.0487628 -3.48973e-06 1 4.12216e-08 -3.96131e-07 0.0118039 -2.63422e-11 0.99993 1.3162
0.999954 3.49037e-06 -0.00958116 0.0488889 -3.49022e-06 1 3.16848e-08 -3.97102e-07 0.00958116 1.75704e-09 0.999954 1.33249
0.999972 1.81875e-05 -0.00744856 0.0490275 -1.80301e-05 1 2.11953e-05 -4.79758e-06 0.00744856 -2.10604e-05 0.999972 1.34804
0.999984 4.67096e-05 -0.00561194 0.0491214 -4.67103e-05 1 1.81428e-08 -2.22263e-06 0.00561194 2.43993e-07 0.999984 1.36402
0.999993 3.48982e-06 -0.00377745 0.0492542 -3.4898e-06 1 1.26804e-08 -3.97905e-07 0.00377745 5.02176e-10 0.999993 1.37877
0.999998 -2.46831e-05 -0.00182082 0.0494375 2.46832e-05 1 7.24941e-09 -5.60324e-06 0.00182082 -5.21931e-08 0.999998 1.39335
1 3.48983e-06 0.000304573 0.0496513 -3.48983e-06 1 -8.4687e-10 -3.99216e-07 -0.000304573 -2.16038e-10 1 1.41036
0.999998 3.49012e-06 0.00176783 0.0498085 -3.49011e-06 1 -5.86115e-09 -3.99727e-07 -0.00176783 -3.08804e-10 0.999998 1.42284
0.999992 3.49012e-06 0.00404839 0.0501107 -3.49009e-06 1 -1.44073e-08 -4.00878e-07 -0.00404839 2.77909e-10 0.999992 1.44002
0.999981 -7.14618e-06 0.00619539 0.0504269 7.14645e-06 1 -2.05973e-08 -4.19942e-06 -0.00619539 6.4872e-08 0.999981 1.45625
0.99997 3.48993e-06 0.00777748 0.050671 -3.48983e-06 1 -2.66657e-08 -4.02739e-07 -0.00777748 -4.77201e-10 0.99997 1.47003
0.999954 3.30906e-06 0.00956669 0.0509821 -3.30958e-06 1 3.82268e-08 -4.15673e-07 -0.00956669 -6.98868e-08 0.999954 1.48374
0.999928 1.78894e-05 0.012031 0.0514512 -1.78902e-05 1 -4.28806e-08 -1.33794e-06 -0.012031 -1.7236e-07 0.999928 1.5019
0.999905 3.48985e-06 0.0137763 0.0518071 -3.48952e-06 1 -4.79444e-08 -4.06776e-07 -0.0137763 -1.32704e-10 0.999905 1.51721
0.999884 3.49014e-06 0.015217 0.0521218 -3.48973e-06 1 -5.34856e-08 -4.07927e-07 -0.015217 3.76288e-10 0.999884 1.52872
0.999845 3.48976e-06 0.0175823 0.0526698 -3.48922e-06 1 -6.14112e-08 -4.098e-07 -0.0175823 5.29837e-11 0.999845 1.54623
0.99981 7.16174e-06 0.0195125 0.053152 -7.16177e-06 1 -6.79818e-08 2.67043e-07 -0.0195125 -7.17752e-08 0.99981 1.56156
0.999776 7.27739e-06 0.0211562 0.0535871 -7.71082e-06 1 2.04057e-05 3.66763e-07 -0.0211562 -2.05643e-05 0.999776 1.57478
0.999723 3.48987e-06 0.023552 0.0542469 -3.48891e-06 1 -8.19446e-08 -4.15262e-07 -0.023552 -2.48857e-10 0.999723 1.59261
0.999671 -1.93262e-05 0.0256348 0.0548595 1.93348e-05 1 -8.9279e-08 -4.63404e-06 -0.0256348 5.84894e-07 0.999671 1.60876
0.999641 -1.81067e-07 0.0267827 0.0552901 1.83638e-07 1 -9.35343e-08 -1.81142e-07 -0.0267827 9.8419e-08 0.999641 1.62216
0.999625 -4.75887e-05 0.0273786 0.0557021 4.76092e-05 1 -9.53766e-08 -9.86051e-06 -0.0273786 1.39881e-06 0.999625 1.63714
0.999617 -3.14414e-05 0.027688 0.0561315 3.14561e-05 1 -9.65809e-08 -6.87784e-06 -0.027688 9.675e-07 0.999617 1.6534
0.999615 4.24797e-06 0.0277333 0.0564452 -4.24693e-06 1 -9.64567e-08 -1.00917e-05 -0.0277333 -2.13619e-08 0.999615 1.6661
0.999646 -3.44627e-05 0.0265903 0.0566763 3.44774e-05 1 -9.34477e-08 -7.43795e-06 -0.0265903 1.01018e-06 0.999646 1.68247
0.999693 3.49006e-06 0.02479 0.0568174 -3.489e-06 1 -8.60257e-08 -4.24178e-07 -0.02479 -4.92889e-10 0.999693 1.69878
0.999727 2.04047e-08 0.023375 0.0569415 -1.85006e-08 1 -8.16756e-08 -1.06587e-06 -0.023375 8.12209e-08 0.999727 1.71211
0.999764 -1.06796e-05 0.0217049 0.057063 1.06837e-05 1 -7.57797e-08 -3.04353e-06 -0.0217049 3.07652e-07 0.999764 1.72717
0.999807 -2.46391e-05 0.019665 0.0571184 2.46453e-05 1 -7.02223e-08 -8.41384e-06 -0.019665 5.54859e-07 0.999807 1.74263
0.999845 -4.71488e-05 0.0176112 0.0571613 4.71572e-05 1 -6.22024e-08 -9.78234e-06 -0.0176112 8.92687e-07 0.999845 1.75834
0.999869 8.34356e-06 0.016188 0.0572182 -8.65296e-06 1 1.90431e-05 -7.59981e-07 -0.016188 -1.91807e-05 0.999869 1.77059
0.9999 3.48988e-06 0.014175 0.0572145 -3.48953e-06 1 -4.90464e-08 -4.25555e-07 -0.014175 -4.22663e-10 0.9999 1.78574
0.999931 3.49015e-06 0.0117289 0.057165 -3.48991e-06 1 -4.13728e-08 -4.25483e-07 -0.0117289 4.37109e-10 0.999931 1.80362
0.999946 -1.53733e-05 0.010348 0.0571686 1.55935e-05 1 -2.12067e-05 -1.03023e-05 -0.010348 2.13669e-05 0.999946 1.81581
0.999964 -4.54565e-06 0.00854178 0.0571121 4.39038e-06 1 1.81962e-05 8.4957e-08 -0.00854178 -1.81581e-05 0.999964 1.83003
0.999981 1.64489e-05 0.00614169 0.0569712 -1.63081e-05 1 -2.29639e-05 -4.93939e-06 -0.00614169 2.28633e-05 0.999981 1.84746
0.99999 3.48995e-06 0.00447153 0.0568715 -3.48991e-06 1 -1.55252e-08 -4.24448e-07 -0.00447153 -8.0167e-11 0.99999 1.8608
0.999996 3.48969e-06 0.00277054 0.0567624 -3.48968e-06 1 -9.70632e-09 -4.24095e-07 -0.00277054 3.79836e-11 0.999996 1.87529
1 3.49008e-06 0.000724146 0.0565624 -3.49008e-06 1 -2.77464e-09 -4.23396e-07 -0.000724146 2.47313e-10 1 1.89035
0.999999 3.48983e-06 -0.0012363 0.0563423 -3.48983e-06 1 4.16018e-09 -4.22644e-07 0.0012363 1.54301e-10 0.999999 1.90466
0.999996 2.68301e-05 -0.00295712 0.0561518 -2.69142e-05 1 -2.83816e-05 -1.04562e-05 0.00295712 2.8461e-05 0.999996 1.9194
0.999988 3.4898e-06 -0.00492486 0.0558797 -3.48975e-06 1 1.76894e-08 -4.20875e-07 0.00492486 -5.02677e-10 0.999988 1.93417
0.999974 3.49037e-06 -0.00716656 0.0555323 -3.49028e-06 1 2.52143e-08 -4.1972e-07 0.00716656 -2.00323e-10 0.999974 1.95029
0.999963 4.63377e-05 -0.00862603 0.0553004 -4.63392e-05 1 3.03845e-08 -3.19335e-06 0.00862603 3.6934e-07 0.999963 1.96275
0.999946 3.49012e-06 -0.0104392 0.0549778 -3.48993e-06 1 3.60937e-08 -4.1785e-07 0.0104392 3.40311e-10 0.999946 1.97757
0.999921 3.72896e-06 -0.0125448 0.0545679 -3.49005e-06 1 1.90661e-05 -4.16427e-07 0.0125448 -1.90208e-05 0.999921 1.99287
0.999894 4.69392e-05 -0.0145567 0.0541497 -4.69434e-05 1 5.21398e-08 -2.19661e-06 0.0145567 6.31206e-07 0.999894 2.00815
0.999879 3.4899e-06 -0.0155767 0.0538985 -3.48948e-06 1 5.40251e-08 -4.14121e-07 0.0155767 3.36071e-10 0.999879 2.01974
0.999868 1.59553e-05 -0.0162285 0.0536276 -1.59565e-05 1 5.7233e-08 -6.15653e-06 0.0162285 2.01724e-07 0.999868 2.03588
0.999863 4.98332e-06 -0.0165251 0.0533808 -5.00386e-06 1 -1.20171e-06 -1.03203e-05 0.0165251 1.28424e-06 0.999863 2.05194
0.999861 -3.06229e-05 -0.0166679 0.0531798 3.06281e-05 1 5.81567e-08 -6.71475e-06 0.0166679 -5.68654e-07 0.999861 2.06529
0.99986 -8.95185e-06 -0.0167591 0.0529113 8.95409e-06 1 5.83829e-08 -7.64899e-06 0.0167591 -2.08437e-07 0.99986 2.08303
0.999859 -1.60413e-05 -0.0167975 0.0526718 1.60446e-05 1 5.86012e-08 -4.01862e-06 0.0167975 -3.28102e-07 0.999859 2.09842
0.999859 2.64426e-08 -0.0168205 0.0524527 -2.54588e-08 1 5.87048e-08 -1.84714e-07 0.0168205 -5.82683e-08 0.999859 2.11254
0.999858 7.16239e-06 -0.0168333 0.0522111 -7.16242e-06 1 5.87555e-08 2.70418e-07 0.0168333 6.18198e-08 0.999858 2.12779
0.999858 -1.5854e-05 -0.0168391 0.0519564 1.58573e-05 1 5.87559e-08 -3.98151e-06 0.0168391 -3.25769e-07 0.999858 2.14344
0.999858 -3.13727e-05 -0.0168419 0.0517277 3.13782e-05 1 5.87853e-08 -6.84823e-06 0.0168419 -5.87245e-07 0.999858 2.15738
0.999858 3.48989e-06 -0.0168437 0.0514977 -3.48939e-06 1 5.87919e-08 -4.05662e-07 0.0168437 -9.45311e-12 0.999858 2.1715
0.999858 4.73582e-05 -0.0168444 0.0512833 -4.73639e-05 1 5.87772e-08 -3.24564e-06 0.0168444 7.39047e-07 0.999858 2.18458
0.999858 5.46554e-05 -0.0168448 0.0510183 -5.46622e-05 1 5.87814e-08 -3.71728e-06 0.0168448 8.62002e-07 0.999858 2.20051
0.999851 3.4899e-06 -0.0172342 0.0506011 -3.48938e-06 1 5.9788e-08 -4.02614e-07 0.0172342 3.57449e-10 0.999851 2.21655
0.999823 3.49043e-06 -0.0188133 0.0496791 -3.48981e-06 1 6.57629e-08 -3.99313e-07 0.0188133 -9.62115e-11 0.999823 2.23332
0.999789 3.49007e-06 -0.0205532 0.0486757 -3.48932e-06 1 7.2204e-08 -3.95757e-07 0.0205532 -4.72112e-10 0.999789 2.24749
0.999758 3.48987e-06 -0.0220192 0.0477594 -3.48904e-06 1 7.63444e-08 -3.92721e-07 0.0220192 4.99907e-10 0.999758 2.2604
0.999671 3.48949e-06 -0.0256425 0.0466094 -3.48834e-06 1 8.93958e-08 -3.88681e-07 0.0256425 8.33426e-11 0.999671 2.27374
0.999493 3.49007e-06 -0.0318449 0.0450328 -3.48832e-06 1 1.10699e-07 -3.83196e-07 0.0318449 4.42233e-10 0.999493 2.29031
0.999318 3.4899e-06 -0.0369338 0.0437517 -3.4875e-06 1 1.29471e-07 -3.78559e-07 0.0369338 -5.76043e-10 0.999318 2.30451
0.999212 -2.30666e-05 -0.0396969 0.0429539 2.23743e-05 1 -1.78835e-05 -1.05603e-05 0.0396969 1.69813e-05 0.999212 2.31514
0.999073 5.16158e-05 -0.0430464 0.0418402 -5.16571e-05 1 1.51252e-07 -3.49075e-06 0.0430464 2.07254e-06 0.999073 2.33167
0.998965 3.48976e-06 -0.0454832 0.0409139 -3.48616e-06 1 1.58643e-07 -3.68786e-07 0.0454832 8.30986e-11 0.998965 2.34603
0.998827 -4.97148e-06 -0.048423 0.0398615 3.95917e-06 1 -2.10016e-05 -8.09214e-06 0.048423 2.07852e-05 0.998827 2.36128
0.998571 6.54631e-06 -0.0534412 0.0384418 -6.9779e-06 1 -7.88938e-06 -1.0396e-05 0.0534412 8.25101e-06 0.998571 2.37644
0.998223 -5.52485e-06 -0.0595953 0.0367518 6.87908e-06 1 2.25186e-05 -5.38403e-06 0.0595953 -2.28885e-05 0.998223 2.39256
0.997961 3.49024e-06 -0.0638268 0.0354116 -3.48312e-06 1 2.22732e-07 -3.49535e-07 0.0638268 3.83935e-11 0.997961 2.40729
0.997906 3.48999e-06 -0.064684 0.034699 -3.48269e-06 1 2.25739e-07 -3.47083e-07 0.064684 8.16802e-12 0.997906 2.41861
0.997948 3.48978e-06 -0.0640333 0.0338346 -3.48262e-06 1 2.23518e-07 -3.44048e-07 0.0640333 -5.59969e-11 0.997948 2.43597
0.998019 3.48999e-06 -0.0629185 0.0331328 -3.48309e-06 1 2.19382e-07 -3.41607e-07 0.0629185 2.03148e-10 0.998019 2.45108
0.998097 3.48985e-06 -0.0616587 0.0325099 -3.48322e-06 1 2.14897e-07 -3.39438e-07 0.0616587 2.83032e-10 0.998097 2.46495
0.998212 1.6499e-05 -0.059774 0.0318646 -1.52895e-05 1 2.06907e-05 1.84394e-06 0.059774 -1.97398e-05 0.998212 2.48058
0.998322 3.49004e-06 -0.0579095 0.0312697 -3.48417e-06 1 2.02361e-07 -3.35063e-07 0.0579095 -2.54261e-10 0.998322 2.49527
0.998433 -2.68556e-05 -0.0559659 0.0305927 2.69781e-05 1 1.43355e-06 -8.1701e-06 0.0559659 -2.94116e-06 0.998433 2.51161
0.998563 -2.62803e-05 -0.0535867 0.0299069 2.69766e-05 1 1.2269e-05 -8.16765e-06 0.0535867 -1.3697e-05 0.998563 2.52964
0.998658 3.48997e-06 -0.0517898 0.0294086 -3.48526e-06 1 1.81279e-07 -3.28506e-07 0.0517898 -5.34958e-10 0.998658 2.54322
0.998733 -3.36386e-05 -0.0503132 0.0288004 3.36901e-05 1 1.75727e-07 -7.19461e-06 0.0503132 -1.87056e-06 0.998733 2.55779
0.998724 -9.2596e-06 -0.0504964 0.0280476 9.28031e-06 1 1.75795e-07 -7.5756e-06 0.0504964 -6.44194e-07 0.998724 2.57083
0.998665 -1.49932e-05 -0.0516571 0.0271482 1.5497e-05 1 9.35213e-06 -1.07606e-06 0.0516571 -1.01402e-05 0.998665 2.58417
0.998572 3.48987e-06 -0.0534291 0.0259963 -3.4849e-06 1 1.86355e-07 -3.16718e-07 0.0534291 1.05961e-10 0.998572 2.60068
0.998487 2.57605e-05 -0.0549951 0.0250126 -2.57679e-05 1 5.75572e-07 -6.00631e-06 0.0549951 8.42403e-07 0.998487 2.61464
0.998384 -1.4662e-05 -0.0568207 0.0239778 1.63279e-05 1 2.88537e-05 -2.40277e-07 0.0568207 -2.97349e-05 0.998384 2.62859
0.998249 7.00444e-06 -0.0591458 0.0226585 -7.0045e-06 1 2.06284e-07 3.45392e-07 0.0591458 2.08364e-07 0.998249 2.6462
0.998182 -3.43109e-05 -0.0602748 0.0217969 3.4386e-05 1 2.09972e-07 -7.29839e-06 0.0602748 -2.2822e-06 0.998182 2.65865
0.998141 3.49004e-06 -0.0609499 0.0208262 -3.48355e-06 1 2.12681e-07 -2.98645e-07 0.0609499 3.63422e-11 0.998141 2.67397
0.998118 5.44885e-05 -0.0613244 0.0197176 -5.45781e-05 1 2.14115e-07 -3.60297e-06 0.0613244 3.13325e-06 0.998118 2.6921
0.998107 -4.74749e-05 -0.0614948 0.0188701 4.75782e-05 1 2.14558e-07 -9.72528e-06 0.0614948 -3.13996e-06 0.998107 2.70603
0.998102 -1.759e-07 -0.0615768 0.0180711 1.89493e-07 1 2.14913e-07 -5.11807e-08 0.0615768 -2.26174e-07 0.998102 2.71929
0.998099 2.35446e-05 -0.0616292 0.0169919 -2.35761e-05 1 2.15086e-07 -1.58617e-06 0.0616292 1.2383e-06 0.998099 2.73709
0.998098 1.741e-05 -0.061653 0.0160975 -1.74299e-05 1 2.15163e-07 -1.1851e-06 0.061653 8.59854e-07 0.998098 2.7518
0.998097 1.59099e-05 -0.0616645 0.0153706 -1.59269e-05 1 2.15481e-07 -6.01429e-06 0.0616645 7.67053e-07 0.998097 2.76373
0.998096 -8.92481e-06 -0.0616718 0.0143517 8.9551e-06 1 2.1467e-07 -4.35187e-06 0.0616718 -7.66538e-07 0.998096 2.78035
0.998096 -8.92019e-06 -0.0616752 0.0133786 8.95045e-06 1 2.14441e-07 -4.34896e-06 0.0616752 -7.66053e-07 0.998096 2.7962
0.998096 1.59057e-05 -0.0616769 0.0125141 -1.59227e-05 1 2.15217e-07 -2.84119e-06 0.0616769 7.67257e-07 0.998096 2.81029
0.998096 -8.92151e-06 -0.0616777 0.0116503 8.95185e-06 1 2.15481e-07 -7.5041e-06 0.0616777 -7.672e-07 0.998096 2.8243
0.998096 1.59561e-05 -0.0616783 0.0105316 -1.59732e-05 1 2.15055e-07 -2.83288e-06 0.0616783 7.70554e-07 0.998096 2.84247
0.998096 5.44567e-05 -0.0616785 0.00976998 -5.45473e-05 1 2.15251e-07 -3.56628e-06 0.0616785 3.14955e-06 0.998096 2.85486
0.998096 3.48995e-06 -0.0616786 0.00877705 -3.4833e-06 1 2.15259e-07 -2.56577e-07 0.0616786 -3.75944e-12 0.998096 2.87091
0.998096 -3.05275e-05 -0.0616787 0.00777807 3.0599e-05 1 2.15267e-07 -6.54975e-06 0.0616787 -2.10217e-06 0.998096 2.88706
0.998096 3.48994e-06 -0.0616787 0.00695332 -3.4833e-06 1 2.15255e-07 -2.50229e-07 0.0616787 6.25277e-13 0.998096 2.90045
0.998096 1.69453e-07 -0.0616788 0.00598563 -1.56474e-07 1 2.15258e-07 -3.14159e-08 0.0616788 -2.05197e-07 0.998096 2.91611
0.998096 -1.9458e-05 -0.0616788 0.00500208 1.95084e-05 1 2.15266e-07 -4.4911e-06 0.0616788 -1.41811e-06 0.998096 2.93202
0.998096 2.31861e-05 -0.0616788 0.00411803 -2.3217e-05 1 2.15248e-07 -1.51798e-06 0.0616788 1.21716e-06 0.998096 2.94636
0.998096 -3.09011e-05 -0.0616788 0.00309535 3.09733e-05 1 2.15268e-07 -6.60256e-06 0.0616788 -2.12525e-06 0.998096 2.96287
0.998096 -3.08959e-05 -0.0616788 0.00207903 3.09681e-05 1 2.15268e-07 -6.59805e-06 0.0616788 -2.12493e-06 0.998096 2.97932
0.998096 -3.08566e-05 -0.0616788 0.00106909 3.09288e-05 1 2.15268e-07 -6.58725e-06 0.0616788 -2.12251e-06 0.998096 2.99566
0.998115 3.78827e-05 -0.0613653 0.000286457 -3.7941e-05 1 2.14005e-07 -2.45804e-06 0.0613653 2.11466e-06 0.998115 3.00918
0.998197 2.46019e-05 -0.0600278 -0.000436083 -2.46338e-05 1 2.0849e-07 -5.46533e-06 0.0600278 1.2706e-06 0.998197 3.02429
0.998309 3.26691e-06 -0.0581224 -0.00114615 -3.48367e-06 1 -3.62807e-06 -2.21893e-07 0.0581224 3.82441e-06 0.998309 3.04073
0.998384 3.47724e-06 -0.0568365 -0.0017161 -3.48392e-06 1 -1.85584e-08 -2.19994e-07 0.0568365 2.16542e-07 0.998384 3.05334
0.998474 -8.17494e-07 -0.0552155 -0.00230581 8.29379e-07 1 1.92331e-07 9.36964e-08 0.0552155 -2.37832e-07 0.998474 3.06737
0.998599 -2.13735e-05 -0.0529204 -0.00296435 2.21454e-05 1 1.40001e-05 -4.95079e-06 0.0529204 -1.51524e-05 0.998599 3.08476
0.998691 4.54508e-05 -0.0511493 -0.00348664 -4.55013e-05 1 1.77136e-07 -2.2615e-06 0.0511493 2.15045e-06 0.998691 3.09877
0.998784 3.48997e-06 -0.0492948 -0.00407089 -3.48574e-06 1 1.71792e-07 -2.1177e-07 0.0492948 2.45977e-10 0.998784 3.11429
0.998887 -3.99322e-05 -0.0471752 -0.00459544 3.99846e-05 1 1.66714e-07 -7.20481e-06 0.0471752 -2.05281e-06 0.998887 3.13016
0.998978 2.50425e-05 -0.0452087 -0.00505594 -2.4103e-05 1 2.13268e-05 -5.00231e-06 0.0452087 -2.02153e-05 0.998978 3.14495
0.999057 3.48973e-06 -0.0434064 -0.00556901 -3.48644e-06 1 1.51543e-07 -2.06522e-07 0.0434064 -6.64386e-11 0.999057 3.16044
0.999144 3.49037e-06 -0.0413589 -0.00600587 -3.48738e-06 1 1.44342e-07 -2.04977e-07 0.0413589 1.60521e-11 0.999144 3.17602
0.999227 -2.54327e-05 -0.0393176 -0.00638849 2.5769e-05 1 8.04732e-06 -8.1191e-06 0.0393176 -9.05427e-06 0.999227 3.19108
0.999291 3.43699e-05 -0.0376497 -0.00682982 -3.43894e-05 1 1.30476e-07 -2.20297e-06 0.0376497 1.16437e-06 0.999291 3.20645
0.999319 3.48997e-06 -0.0368908 -0.0073325 -3.48759e-06 1 1.28722e-07 -2.00382e-07 0.0368908 2.55731e-11 0.999319 3.2207
0.999333 -1.57306e-05 -0.0365256 -0.00786339 1.57457e-05 1 1.27568e-07 -3.75177e-06 0.0365256 -7.02606e-07 0.999333 3.23489
0.999341 -3.11729e-05 -0.0363072 -0.0084487 3.1198e-05 1 1.2675e-07 -6.60458e-06 0.0363072 -1.25938e-06 0.999341 3.25028
0.999316 -4.68995e-05 -0.0369898 -0.00897649 4.69364e-05 1 1.28573e-07 -9.51037e-06 0.0369898 -1.86465e-06 0.999316 3.2656
0.999263 3.49011e-06 -0.038395 -0.00933934 -3.48755e-06 1 1.33673e-07 -1.93364e-07 0.038395 3.29935e-10 0.999263 3.27907
0.999184 -3.63391e-05 -0.0403838 -0.00968349 3.63744e-05 1 1.39757e-07 -7.42125e-06 0.0403838 -1.60858e-06 0.999184 3.29545
0.99914 2.19055e-06 -0.041472 -0.0098594 -3.48784e-06 1 -3.12087e-05 -1.00014e-05 0.041472 3.13265e-05 0.99914 3.30748
