1 0 1.0842e-19 0 2.64698e-23 1 0 0 0 -2.58494e-26 1 2.77556e-17
1 -5.04851e-05 -2.56743e-08 -2.59947e-06 5.04851e-05 1 -1.76511e-11 -9.27481e-06 2.56743e-08 1.6355e-11 1 -2.27222e-09
1 5.09753e-05 2.59836e-08 2.6167e-06 -5.09753e-05 1 -1.91311e-11 -3.30053e-06 -2.59836e-08 1.78066e-11 1 3.89709e-10
1 -3.69922e-06 -1.81097e-09 -1.96581e-07 3.69922e-06 1 -1.19949e-11 2.3949e-07 1.81097e-09 1.19882e-11 1 -1.82959e-09
1 5.08672e-05 2.59519e-08 2.60722e-06 -5.08672e-05 1 -1.89497e-11 -3.29353e-06 -2.59519e-08 1.76296e-11 1 -4.82628e-10
1 -5.12161e-05 -2.59849e-08 -2.64302e-06 5.12161e-05 1 -1.88347e-11 -9.40986e-06 2.59849e-08 1.75039e-11 1 -3.80841e-09
1 -3.8816e-06 -1.89491e-09 -2.1032e-07 3.8816e-06 1 -1.18538e-11 2.513e-07 1.89491e-09 1.18464e-11 1 -2.53324e-09
1 5.09753e-05 2.60114e-08 2.60891e-06 -5.09753e-05 1 -1.9131e-11 -3.30053e-06 -2.60114e-08 1.78051e-11 1 -9.80166e-10
1 3.4637e-06 1.8308e-09 1.64395e-07 -3.4637e-06 1 -4.25179e-12 6.921e-07 -1.8308e-09 4.24545e-12 1 -2.51843e-09
1 2.18573e-05 1.11768e-08 1.10857e-06 -2.18573e-05 1 -5.22774e-13 -1.41525e-06 -1.11768e-08 2.7848e-13 1 -2.01422e-09
1 2.02977e-05 1.0396e-08 1.0281e-06 -2.02977e-05 1 -8.67175e-13 -1.31427e-06 -1.0396e-08 6.56161e-13 1 -2.10222e-09
1 3.2336e-06 1.71715e-09 1.4936e-07 -3.2336e-06 1 -1.2036e-11 6.49575e-07 -1.71715e-09 1.20305e-11 1 -2.66733e-09
1 5.09753e-05 2.60124e-08 2.60368e-06 -5.09753e-05 1 -1.9131e-11 -3.30053e-06 -2.60124e-08 1.7805e-11 1 -1.22476e-09
1 5.08889e-05 2.59693e-08 2.59823e-06 -5.08889e-05 1 -1.89892e-11 -3.29494e-06 -2.59693e-08 1.76677e-11 1 -1.24193e-09
1 3.11749e-06 1.65621e-09 1.40542e-07 -3.11749e-06 1 -1.21382e-11 6.28123e-07 -1.65621e-09 1.21331e-11 1 -2.70936e-09
1 -3.47501e-05 -1.75438e-08 -1.80368e-06 3.47501e-05 1 -3.08707e-12 -6.36787e-06 1.75438e-08 2.47742e-12 1 -3.86521e-09
1 2.13773e-05 1.09563e-08 1.07826e-06 -2.13773e-05 1 -2.2772e-11 -1.38413e-06 -1.09563e-08 2.25378e-11 1 -2.15812e-09
1 -2.09288e-07 -1.73057e-11 -3.221e-08 2.09288e-07 1 -4.13614e-12 1.3529e-08 1.73056e-11 4.13614e-12 1 -2.81872e-09
1 3.12918e-05 1.60447e-08 1.58835e-06 -3.12918e-05 1 -2.23891e-11 -2.02606e-06 -1.60447e-08 2.1887e-11 1 -1.85385e-09
1 3.27825e-05 1.68136e-08 1.66471e-06 -3.27825e-05 1 -2.23341e-11 -2.12258e-06 -1.68136e-08 2.17829e-11 1 -1.80672e-09
1 -2.09221e-07 -2.43755e-11 -3.54016e-08 2.09221e-07 1 -6.56575e-12 1.35246e-08 2.43754e-11 6.56575e-12 1 -2.81557e-09
1 -2.09215e-07 -2.37792e-11 -3.62836e-08 2.09215e-07 1 -1.98623e-11 1.34791e-08 2.37791e-11 1.98623e-11 1 -2.81249e-09
1 -2.09288e-07 -1.7264e-11 -3.68694e-08 2.09288e-07 1 -4.13612e-12 1.3529e-08 1.72639e-11 4.13611e-12 1 -2.81021e-09
1 3.12918e-05 1.60448e-08 1.5837e-06 -3.12918e-05 1 -2.2389e-11 -2.02606e-06 -1.60448e-08 2.1887e-11 1 -1.84264e-09
1 2.18573e-05 1.11772e-08 1.09427e-06 -2.18573e-05 1 -5.22755e-13 -1.41525e-06 -1.11772e-08 2.78452e-13 1 -2.13268e-09
1 2.02977e-05 1.03962e-08 1.01389e-06 -2.02977e-05 1 -8.67155e-13 -1.31427e-06 -1.03962e-08 6.56136e-13 1 -2.17661e-09
1 1.9659e-05 1.01064e-08 9.81989e-07 -1.9659e-05 1 -2.29768e-11 -1.27287e-06 -1.01064e-08 2.27781e-11 1 -2.18987e-09
1 3.41099e-05 1.73735e-08 1.71983e-06 -3.41099e-05 1 -3.13344e-12 -2.20859e-06 -1.73735e-08 2.54084e-12 1 -1.75149e-09
1 1.0805e-05 5.57485e-09 5.23412e-07 -1.0805e-05 1 -6.6735e-12 -6.99641e-07 -5.57485e-09 6.61327e-12 1 -2.45507e-09
1 3.27825e-05 1.68136e-08 1.65542e-06 -3.27825e-05 1 -2.2334e-11 -2.12258e-06 -1.68136e-08 2.17828e-11 1 -1.77648e-09
1 1.98902e-05 1.02231e-08 9.9019e-07 -1.98902e-05 1 -2.29725e-11 -1.28784e-06 -1.02231e-08 2.27691e-11 1 -2.16905e-09
1 -1.31065e-05 -6.57459e-09 -7.07981e-07 1.31065e-05 1 -1.30778e-12 -7.24349e-06 6.57459e-09 1.22161e-12 1 -3.17379e-09
1 1.95737e-05 1.00639e-08 9.72008e-07 -1.95737e-05 1 -2.29783e-11 -1.26735e-06 -1.00639e-08 2.27813e-11 1 -2.17084e-09
1 3.41979e-05 1.7419e-08 1.71876e-06 -3.41979e-05 1 -3.11213e-12 -2.21429e-06 -1.7419e-08 2.51643e-12 1 -1.72702e-09
1 -1.98625e-05 -1.00543e-08 -1.06021e-06 1.98625e-05 1 -2.29847e-11 -3.61735e-06 1.00543e-08 2.2785e-11 1 -3.37082e-09
1 4.30351e-05 2.18906e-08 2.17029e-06 -4.30351e-05 1 -6.27963e-12 -2.7865e-06 -2.18906e-08 5.33757e-12 1 -1.45217e-09
1 3.3871e-05 1.72513e-08 1.69924e-06 -3.3871e-05 1 -3.16549e-12 -2.19313e-06 -1.72513e-08 2.58117e-12 1 -1.72675e-09
1 3.41099e-05 1.73736e-08 1.71056e-06 -3.41099e-05 1 -3.13345e-12 -2.20859e-06 -1.73736e-08 2.54083e-12 1 -1.71549e-09
1 -2.19276e-06 -1.02892e-09 -1.53359e-07 2.19276e-06 1 -1.59018e-11 -3.52936e-07 1.02892e-09 1.58995e-11 1 -2.8161e-09
1 -4.83033e-05 -2.4451e-08 -2.52316e-06 4.83033e-05 1 -1.39338e-11 -8.87176e-06 2.4451e-08 1.27528e-11 1 -4.21801e-09
1 -4.79753e-05 -2.42702e-08 -2.50641e-06 4.79753e-05 1 -1.33819e-11 -8.81117e-06 2.42702e-08 1.22175e-11 1 -4.20398e-09
1 1.9659e-05 1.01065e-08 9.68076e-07 -1.9659e-05 1 -2.29768e-11 -1.27287e-06 -1.01065e-08 2.27781e-11 1 -2.13584e-09
1 1.77418e-06 9.88056e-10 4.68168e-08 -1.77418e-06 1 7.62634e-12 -9.43001e-06 -9.88056e-10 -7.62809e-12 1 -2.68165e-09
1 -2.09176e-07 -4.31734e-11 -5.70898e-08 2.09176e-07 1 -8.24775e-12 1.35247e-08 4.31733e-11 8.24774e-12 1 -2.73949e-09
1 -4.83033e-05 -2.44509e-08 -2.5278e-06 4.83033e-05 1 -1.39338e-11 -8.87176e-06 2.44509e-08 1.27528e-11 1 -4.1998e-09
1 4.30351e-05 2.18907e-08 2.16102e-06 -4.30351e-05 1 -6.27965e-12 -2.7865e-06 -2.18907e-08 5.33759e-12 1 -1.41575e-09
1 2.07372e-06 1.10236e-09 5.66455e-08 -2.07372e-06 1 -1.26245e-11 4.35288e-07 -1.10236e-09 1.26222e-11 1 -2.65946e-09
1 -5.04851e-05 -2.56284e-08 -2.64609e-06 5.04851e-05 1 -1.76511e-11 -9.27481e-06 2.56284e-08 1.63573e-11 1 -4.25954e-09
1 -2.09176e-07 -4.31338e-11 -6.17272e-08 2.09176e-07 1 -8.24775e-12 1.35247e-08 4.31337e-11 8.24774e-12 1 -2.72127e-09
1 -2.83422e-06 -1.34558e-09 -1.95938e-07 2.83422e-06 1 -1.64034e-11 -4.71445e-07 1.34558e-09 1.63996e-11 1 -2.79542e-09
1 -4.79753e-05 -2.42701e-08 -2.51568e-06 4.79753e-05 1 -1.33818e-11 -8.81117e-06 2.42701e-08 1.22175e-11 1 -4.16754e-09
1 3.20257e-06 1.70091e-09 1.11441e-07 -3.20257e-06 1 -1.20636e-11 6.43842e-07 -1.70091e-09 1.20581e-11 1 -2.60607e-09
1 -5.12526e-05 -2.59988e-08 -2.68902e-06 5.12526e-05 1 -1.89006e-11 -9.4166e-06 2.59988e-08 1.75681e-11 1 -4.2642e-09
1 -3.75065e-06 -1.82459e-09 -2.47275e-07 3.75065e-06 1 -1.19494e-11 2.42821e-07 1.82459e-09 1.19425e-11 1 -2.81046e-09
1 -2.83422e-06 -1.34554e-09 -2.00576e-07 2.83422e-06 1 -1.64034e-11 -4.71445e-07 1.34554e-09 1.63995e-11 1 -2.7772e-09
1 3.11749e-06 1.65654e-09 1.03373e-07 -3.11749e-06 1 -1.21382e-11 6.28123e-07 -1.65654e-09 1.2133e-11 1 -2.59443e-09
1 -5.12161e-05 -2.59807e-08 -2.69081e-06 5.12161e-05 1 -1.88347e-11 -9.40986e-06 2.59807e-08 1.75041e-11 1 -4.24882e-09
1 -3.8816e-06 -1.89256e-09 -2.57713e-07 3.8816e-06 1 -1.18538e-11 2.513e-07 1.89256e-09 1.18464e-11 1 -2.80025e-09
1 5.09753e-05 2.60128e-08 2.5618e-06 -5.09753e-05 1 -1.9131e-11 -3.30053e-06 -2.60128e-08 1.7805e-11 1 -1.12204e-09
1 5.08889e-05 2.59697e-08 2.5564e-06 -5.08889e-05 1 -1.89892e-11 -3.29494e-06 -2.59697e-08 1.76676e-11 1 -1.12071e-09
1 -4.79753e-05 -2.427e-08 -2.52496e-06 4.79753e-05 1 -1.33818e-11 -8.81117e-06 2.427e-08 1.22175e-11 1 -4.13108e-09
1 -5.12161e-05 -2.59807e-08 -2.69544e-06 5.12161e-05 1 -1.88347e-11 -9.40986e-06 2.59807e-08 1.75041e-11 1 -4.23059e-09
1 3.2336e-06 1.7176e-09 1.02806e-07 -3.2336e-06 1 -1.2036e-11 6.49575e-07 -1.7176e-09 1.20305e-11 1 -2.56469e-09
1 -3.75065e-06 -1.82451e-09 -2.5655e-07 3.75065e-06 1 -1.19494e-11 2.42821e-07 1.82451e-09 1.19426e-11 1 -2.77401e-09
1 5.08889e-05 2.59697e-08 2.55176e-06 -5.08889e-05 1 -1.89892e-11 -3.29494e-06 -2.59697e-08 1.76676e-11 1 -1.10248e-09
1 -5.27574e-05 -2.67968e-08 -2.77993e-06 5.27574e-05 1 -2.16086e-11 -9.69457e-06 2.67968e-08 2.01949e-11 1 0.00439262
1 -2.09221e-07 2.2069e-11 -8.1172e-08 2.09221e-07 1 -6.56575e-12 1.35246e-08 -2.20691e-11 6.56575e-12 1 0.0235957
1 -2.09215e-07 5.0016e-13 -8.08766e-08 2.09215e-07 1 -1.98623e-11 1.34791e-08 -5.00249e-13 1.98623e-11 1 0.0541631
1 5.09753e-05 2.60688e-08 2.54665e-06 -5.09753e-05 1 -1.9131e-11 -3.30053e-06 -2.60688e-08 1.78021e-11 1 0.0971627
1 1.0805e-05 5.60827e-09 4.81879e-07 -1.0805e-05 1 -6.67347e-12 -6.99641e-07 -5.60827e-09 6.61287e-12 1 0.132927
1 3.11749e-06 1.67077e-09 8.66969e-08 -3.11749e-06 1 -1.21382e-11 6.28123e-07 -1.67078e-09 1.2133e-11 1 0.196749
1 -1.72299e-05 -8.67883e-09 -9.59062e-07 1.72299e-05 1 -2.77571e-12 -7.55528e-06 8.67883e-09 2.62617e-12 1 0.238586
1 1.9659e-05 1.01117e-08 9.38773e-07 -1.9659e-05 1 -2.29768e-11 -1.27287e-06 -1.01117e-08 2.2778e-11 1 0.281839
1 -1.84415e-05 -9.20787e-09 -1.02157e-06 1.84415e-05 1 -3.58766e-06 -8.61616e-06 9.27404e-09 3.58766e-06 1 0.348684
1 1.80269e-05 9.99723e-09 8.52553e-07 -1.80269e-05 1 3.59498e-06 -1.16513e-06 -9.93242e-09 -3.59498e-06 1 0.41144
1 1.80306e-05 1.03033e-08 8.51959e-07 -1.80306e-05 1 3.60182e-06 -1.16355e-06 -1.02383e-08 -3.60182e-06 1 0.46935
1 1.80335e-05 1.04398e-08 8.51253e-07 -1.80335e-05 1 3.60729e-06 -1.16229e-06 -1.03748e-08 -3.60729e-06 1 0.516105
1 1.80379e-05 1.05504e-08 8.49924e-07 -1.80379e-05 1 3.61548e-06 -1.1604e-06 -1.04852e-08 -3.61548e-06 1 0.586754
1 -1.84599e-05 -7.96269e-09 -1.02735e-06 1.84599e-05 1 -3.62182e-06 -8.62404e-06 8.02955e-09 3.62182e-06 1 0.640037
1 1.80453e-05 1.0624e-08 8.47252e-07 -1.80453e-05 1 3.62912e-06 -1.15725e-06 -1.05586e-08 -3.62912e-06 1 0.705402
1 -1.84672e-05 -7.92504e-09 -1.03095e-06 1.84672e-05 1 -3.63545e-06 -8.62719e-06 7.99218e-09 3.63545e-06 1 0.759029
1 -1.84708e-05 -7.91766e-09 -1.03284e-06 1.84708e-05 1 -3.64225e-06 -8.62875e-06 7.98494e-09 3.64225e-06 1 0.818725
1 1.80562e-05 1.06587e-08 8.42686e-07 -1.80562e-05 1 3.64953e-06 -1.15255e-06 -1.05928e-08 -3.64953e-06 1 0.878799
1 1.80606e-05 1.06663e-08 8.40735e-07 -1.80606e-05 1 3.65768e-06 -1.15067e-06 -1.06002e-08 -3.65768e-06 1 0.924571
1 1.80635e-05 1.06707e-08 8.39406e-07 -1.80635e-05 1 3.66311e-06 -1.14942e-06 -1.06045e-08 -3.66311e-06 1 0.946508
1 -1.84854e-05 -7.90702e-09 -1.04086e-06 1.84854e-05 1 -3.66942e-06 -8.63501e-06 7.97485e-09 3.66942e-06 1 0.965221
1 -1.8489e-05 -7.90569e-09 -1.04293e-06 1.8489e-05 1 -3.67619e-06 -8.63657e-06 7.97366e-09 3.67619e-06 1 0.98048
1 -1.84934e-05 -7.90425e-09 -1.04544e-06 1.84934e-05 1 -3.68432e-06 -8.63844e-06 7.97239e-09 3.68432e-06 1 0.993291
1 -1.84963e-05 -7.90333e-09 -1.04712e-06 1.84963e-05 1 -3.68973e-06 -8.63969e-06 7.97158e-09 3.68973e-06 1 0.999431
1 1.80816e-05 1.06954e-08 8.30838e-07 -1.80816e-05 1 3.69696e-06 -1.14163e-06 -1.06285e-08 -3.69696e-06 1 1.00564
1 1.80852e-05 1.07002e-08 8.29096e-07 -1.80852e-05 1 3.70371e-06 -1.14008e-06 -1.06332e-08 -3.70371e-06 1 1.00964
1 -1.85071e-05 -7.90001e-09 -1.05346e-06 1.85071e-05 1 -3.70999e-06 -8.64435e-06 7.96867e-09 3.70999e-06 1 1.01228
1 -1.851e-05 -7.89913e-09 -1.05515e-06 1.851e-05 1 -3.71538e-06 -8.64559e-06 7.9679e-09 3.71538e-06 1 1.01405
1 -1.85143e-05 -7.89782e-09 -1.0577e-06 1.85143e-05 1 -3.72347e-06 -8.64745e-06 7.96676e-09 3.72347e-06 1 1.01598
1 -1.85172e-05 -7.89694e-09 -1.05939e-06 1.85172e-05 1 -3.72885e-06 -8.64868e-06 7.96599e-09 3.72885e-06 1 1.0169
1 1.81024e-05 1.07229e-08 8.2069e-07 -1.81024e-05 1 3.73605e-06 -1.13264e-06 -1.06553e-08 -3.73605e-06 1 1.01784
1 -1.8525e-05 -7.89454e-09 -1.06407e-06 1.8525e-05 1 -3.74364e-06 -8.65208e-06 7.96389e-09 3.74364e-06 1 1.01849
1 -1.85286e-05 -7.89344e-09 -1.0662e-06 1.85286e-05 1 -3.75036e-06 -8.65362e-06 7.96293e-09 3.75036e-06 1 1.01891
1 1.81132e-05 1.07371e-08 8.15413e-07 -1.81132e-05 1 3.75619e-06 -1.12802e-06 -1.06691e-08 -3.75619e-06 1 1.01919
1 1.81167e-05 1.07419e-08 8.13651e-07 -1.81167e-05 1 3.7629e-06 -1.12648e-06 -1.06737e-08 -3.7629e-06 1 1.01941
1 -1.85393e-05 -7.89016e-09 -1.07258e-06 1.85393e-05 1 -3.77046e-06 -8.65824e-06 7.96006e-09 3.77046e-06 1 1.01959
1 -1.85422e-05 -7.88928e-09 -1.07428e-06 1.85422e-05 1 -3.77582e-06 -8.65947e-06 7.95929e-09 3.77582e-06 1 1.01969
1 1.81281e-05 1.07569e-08 8.08007e-07 -1.81281e-05 1 3.78431e-06 -1.12157e-06 -1.06883e-08 -3.78431e-06 1 1.01979
1 -1.855e-05 -7.88686e-09 -1.07897e-06 1.855e-05 1 -3.79052e-06 -8.66284e-06 7.95718e-09 3.79052e-06 1 1.01985
1 1.81352e-05 1.07663e-08 8.04474e-07 -1.81352e-05 1 3.79766e-06 -1.11851e-06 -1.06975e-08 -3.79766e-06 1 1.01989
1 -1.85578e-05 -7.88445e-09 -1.08366e-06 1.85578e-05 1 -3.8052e-06 -8.6662e-06 7.95506e-09 3.8052e-06 1 1.01993
1 -1.85606e-05 -7.88357e-09 -1.08537e-06 1.85606e-05 1 -3.81053e-06 -8.66742e-06 7.95429e-09 3.81053e-06 1 1.01994
1 1.81451e-05 1.07795e-08 7.99521e-07 -1.81451e-05 1 3.81632e-06 -1.11423e-06 -1.07102e-08 -3.81632e-06 1 1.01996
1 -1.85677e-05 -7.88136e-09 -1.08963e-06 1.85677e-05 1 -3.82384e-06 -8.67047e-06 7.95236e-09 3.82384e-06 1 1.01997
1 1.81529e-05 1.07898e-08 7.95625e-07 -1.81529e-05 1 3.83095e-06 -1.11088e-06 -1.07202e-08 -3.83095e-06 1 1.01998
1 1.81557e-05 1.07935e-08 7.94207e-07 -1.81557e-05 1 3.83626e-06 -1.10967e-06 -1.07239e-08 -3.83626e-06 1 1.01998
1 -1.85775e-05 -7.87827e-09 -1.09561e-06 1.85775e-05 1 -3.84244e-06 -8.67473e-06 7.94965e-09 3.84244e-06 1 1.02226
1 1.81627e-05 1.08029e-08 7.90688e-07 -1.81627e-05 1 3.84953e-06 -1.10663e-06 -1.0733e-08 -3.84953e-06 1 1.04109
1 1.81669e-05 1.08085e-08 7.8861e-07 -1.81669e-05 1 3.85748e-06 -1.10481e-06 -1.07384e-08 -3.85748e-06 1 1.07771
1 -1.85887e-05 -7.87473e-09 -1.10231e-06 1.85887e-05 1 -3.86364e-06 -8.67958e-06 7.94655e-09 3.86364e-06 1 1.11293
1 1.81739e-05 1.08178e-08 7.85169e-07 -1.81739e-05 1 3.87071e-06 -1.10179e-06 -1.07475e-08 -3.87071e-06 1 1.15664
1 -1.85957e-05 -7.87252e-09 -1.10648e-06 1.85957e-05 1 -3.87686e-06 -8.6826e-06 7.94461e-09 3.87686e-06 1 1.18735
1 1.81809e-05 1.08271e-08 7.81719e-07 -1.81809e-05 1 3.88392e-06 -1.09877e-06 -1.07565e-08 -3.88392e-06 1 1.23241
1 -1.86027e-05 -7.8703e-09 -1.11063e-06 1.86027e-05 1 -3.89006e-06 -8.68561e-06 7.94267e-09 3.89006e-06 1 1.27407
1 -1.86062e-05 -7.86919e-09 -1.1127e-06 1.86062e-05 1 -3.89665e-06 -8.68712e-06 7.9417e-09 3.89665e-06 1 1.324
1 -1.86096e-05 -7.86808e-09 -1.11477e-06 1.86096e-05 1 -3.90324e-06 -8.68862e-06 7.94072e-09 3.90324e-06 1 1.37235
1 1.81948e-05 1.08457e-08 7.74849e-07 -1.81948e-05 1 3.91028e-06 -1.09275e-06 -1.07745e-08 -3.91028e-06 1 1.41087
1 -1.86166e-05 -7.86586e-09 -1.11895e-06 1.86166e-05 1 -3.91639e-06 -8.69162e-06 7.93877e-09 3.91639e-06 1 1.43795
1 -1.862e-05 -7.86475e-09 -1.12104e-06 1.862e-05 1 -3.92296e-06 -8.69312e-06 7.93779e-09 3.92296e-06 1 1.47566
1 -1.86235e-05 -7.86363e-09 -1.12312e-06 1.86235e-05 1 -3.92953e-06 -8.69462e-06 7.93681e-09 3.92952e-06 1 1.51958
1 1.821e-05 1.0866e-08 7.67255e-07 -1.821e-05 1 3.93916e-06 -1.08616e-06 -1.07943e-08 -3.93916e-06 1 1.59346
1 -1.86297e-05 -7.86163e-09 -1.12684e-06 1.86297e-05 1 -3.94133e-06 -8.69731e-06 7.93505e-09 3.94133e-06 1 1.60908
1 -1.86338e-05 -7.86029e-09 -1.12932e-06 1.86338e-05 1 -3.94918e-06 -8.6991e-06 7.93388e-09 3.94918e-06 1 1.67357
1 -1.8638e-05 -7.85895e-09 -1.1318e-06 1.8638e-05 1 -3.95703e-06 -8.70089e-06 7.9327e-09 3.95703e-06 1 1.7405
1 1.82224e-05 1.08826e-08 7.61103e-07 -1.82224e-05 1 3.96272e-06 -1.0808e-06 -1.08104e-08 -3.96272e-06 1 1.79181
1 -1.86442e-05 -7.85694e-09 -1.1355e-06 1.86442e-05 1 -3.96879e-06 -8.70357e-06 7.93093e-09 3.96879e-06 1 1.84381
1 -1.86483e-05 -7.8556e-09 -1.13797e-06 1.86483e-05 1 -3.97662e-06 -8.70535e-06 7.92975e-09 3.97662e-06 1 1.9139
1 1.82327e-05 1.08964e-08 7.55975e-07 -1.82327e-05 1 3.98229e-06 -1.07634e-06 -1.08238e-08 -3.98229e-06 1 1.96121
1 -1.86544e-05 -7.85358e-09 -1.14171e-06 1.86544e-05 1 -3.98836e-06 -8.70802e-06 7.92798e-09 3.98836e-06 1 2.00094
1 -1.86578e-05 -7.85246e-09 -1.14378e-06 1.86578e-05 1 -3.99487e-06 -8.7095e-06 7.927e-09 3.99487e-06 1 2.04896
1 1.82429e-05 1.09102e-08 7.50801e-07 -1.82429e-05 1 4.00182e-06 -1.0719e-06 -1.08372e-08 -4.00182e-06 1 2.1056
1 1.82457e-05 1.09139e-08 7.49427e-07 -1.82457e-05 1 4.00702e-06 -1.07071e-06 -1.08408e-08 -4.00702e-06 1 2.14862
1 1.82491e-05 1.09184e-08 7.47712e-07 -1.82491e-05 1 4.01351e-06 -1.06924e-06 -1.08452e-08 -4.01351e-06 1 2.20397
1 1.82531e-05 1.09239e-08 7.45647e-07 -1.82531e-05 1 4.0213e-06 -1.06747e-06 -1.08505e-08 -4.0213e-06 1 2.26638
1 1.82565e-05 1.09285e-08 7.4391e-07 -1.82565e-05 1 4.02778e-06 -1.066e-06 -1.0855e-08 -4.02778e-06 1 2.30929
1 -1.86776e-05 -7.84596e-09 -1.15581e-06 1.86776e-05 1 -4.03251e-06 -8.71806e-06 7.92128e-09 4.03251e-06 1 2.34202
1 1.82626e-05 1.09367e-08 7.40799e-07 -1.82626e-05 1 4.03944e-06 -1.06335e-06 -1.08629e-08 -4.03944e-06 1 2.39713
1 -1.86857e-05 -7.84326e-09 -1.16078e-06 1.86857e-05 1 -4.04804e-06 -8.72158e-06 7.9189e-09 4.04804e-06 1 2.46642
1 -1.8689e-05 -7.84214e-09 -1.16286e-06 1.8689e-05 1 -4.0545e-06 -8.72305e-06 7.91791e-09 4.0545e-06 1 2.51469
1 -1.86917e-05 -7.84124e-09 -1.16453e-06 1.86917e-05 1 -4.05966e-06 -8.72422e-06 7.91712e-09 4.05966e-06 1 2.5435
1 1.82768e-05 1.09558e-08 7.33496e-07 -1.82768e-05 1 4.06656e-06 -1.05719e-06 -1.08815e-08 -4.06656e-06 1 2.5783
1 -1.86985e-05 -7.83898e-09 -1.16873e-06 1.86985e-05 1 -4.07256e-06 -8.72715e-06 7.91513e-09 4.07256e-06 1 2.61337
1 -1.87018e-05 -7.83786e-09 -1.17082e-06 1.87018e-05 1 -4.079e-06 -8.72861e-06 7.91414e-09 4.079e-06 1 2.65793
1 -1.87059e-05 -7.8365e-09 -1.17331e-06 1.87059e-05 1 -4.08672e-06 -8.73036e-06 7.91295e-09 4.08672e-06 1 2.71696
1 1.82896e-05 1.09731e-08 7.26893e-07 -1.82896e-05 1 4.09102e-06 -1.05165e-06 -1.08983e-08 -4.09102e-06 1 2.75344
1 1.82936e-05 1.09785e-08 7.24812e-07 -1.82936e-05 1 4.09873e-06 -1.0499e-06 -1.09035e-08 -4.09873e-06 1 2.81278
1 -1.87152e-05 -7.83334e-09 -1.17914e-06 1.87152e-05 1 -4.1047e-06 -8.73443e-06 7.91016e-09 4.1047e-06 1 2.84957
1 -1.87186e-05 -7.83221e-09 -1.18122e-06 1.87186e-05 1 -4.11111e-06 -8.73589e-06 7.90917e-09 4.11111e-06 1 2.89518
1 -1.87219e-05 -7.83108e-09 -1.1833e-06 1.87219e-05 1 -4.11752e-06 -8.73734e-06 7.90817e-09 4.11752e-06 1 2.94481
1 1.83062e-05 1.09957e-08 7.18201e-07 -1.83062e-05 1 4.12309e-06 -1.04438e-06 -1.09202e-08 -4.12309e-06 1 2.99197
1 2.17112e-06 -1.30946e-06 2.17467e-06 -2.17115e-06 1 -2.17044e-05 -9.95049e-06 1.30942e-06 2.17044e-05 1 3.05178
1 -1.11466e-05 -2.6923e-06 4.15792e-06 1.11466e-05 1 1.35686e-10 -7.25506e-06 2.6923e-06 -1.65696e-10 1 3.0976
1 1.07245e-05 -3.27801e-06 6.82705e-06 -1.07245e-05 1 -3.74522e-10 -2.52888e-06 3.27801e-06 4.09677e-10 1 3.13946
1 -1.11393e-05 -3.61996e-06 6.82832e-06 1.11393e-05 1 5.58221e-10 -7.25314e-06 3.61996e-06 -5.98545e-10 1 3.18441
1 -1.11352e-05 -3.81782e-06 7.69976e-06 1.11352e-05 1 7.94536e-10 -7.25207e-06 3.81782e-06 -8.37049e-10 1 3.23703
1 -1.11311e-05 -3.92054e-06 8.28817e-06 1.11311e-05 1 1.0312e-09 -7.25101e-06 3.92054e-06 -1.07484e-09 1 3.28732
1 -2.09376e-07 1.52429e-05 1.54411e-05 2.09376e-07 1 1.24573e-10 1.35189e-08 -1.52429e-05 -1.21382e-10 1 3.32735
1 -2.09228e-07 8.52001e-05 4.05075e-05 2.09228e-07 1 1.44759e-10 1.35323e-08 -8.52001e-05 -1.26932e-10 1 3.3661
1 -2.09041e-07 0.000101488 4.80164e-05 2.09041e-07 1 1.19681e-11 1.35012e-08 -0.000101488 9.24717e-12 1 3.38552
1 2.55007e-06 0.00012307 6.15203e-05 -2.55132e-06 1 1.01663e-05 -1.65209e-07 -0.00012307 -1.01667e-05 1 3.43353
1 2.75025e-05 0.0001348 7.56971e-05 -2.75039e-05 1 1.03311e-05 -1.7771e-06 -0.0001348 -1.03348e-05 1 3.49713
1 -2.7926e-05 0.000137207 7.74103e-05 2.79274e-05 1 -1.03373e-05 -8.00718e-06 -0.000137207 1.03411e-05 1 3.52302
1 2.75206e-05 0.000140836 9.16625e-05 -2.7522e-05 1 1.03534e-05 -1.77226e-06 -0.000140836 -1.03572e-05 1 3.59302
1 -2.09222e-07 0.000140926 0.000100898 2.09222e-07 1 1.15427e-10 1.35325e-08 -0.000140926 -8.59418e-11 1 3.6488
1 -2.09222e-07 0.000140123 0.000112748 2.09222e-07 1 1.15216e-10 1.3535e-08 -0.000140123 -8.58988e-11 1 3.70576
1 -2.09222e-07 0.000139678 0.000124715 2.09222e-07 1 -8.33637e-11 1.35197e-08 -0.000139678 1.12587e-10 1 3.76938
1 -2.09222e-07 0.00013949 0.000133891 2.09222e-07 1 1.14997e-10 1.35394e-08 -0.00013949 -8.58129e-11 1 3.82198
1 -2.09222e-07 0.000139378 0.000142994 2.09222e-07 1 1.14931e-10 1.35413e-08 -0.000139378 -8.57701e-11 1 3.87644
1 -2.09222e-07 0.000139316 0.000150214 2.09222e-07 1 -8.33108e-11 1.35251e-08 -0.000139316 1.12459e-10 1 3.91974
1 -2.09222e-07 0.000139292 0.000154057 2.09222e-07 1 -8.32815e-11 1.35259e-08 -0.000139292 1.12424e-10 1 3.94277
1 -2.09222e-07 0.000139274 0.000157432 2.09222e-07 1 1.14781e-10 1.35444e-08 -0.000139274 -8.56414e-11 1 3.96239
1 -2.09222e-07 0.000139264 0.000157502 2.09222e-07 1 1.14727e-10 1.35444e-08 -0.000139264 -8.559e-11 1 3.95942
1 -2.09222e-07 0.000139262 0.000156216 2.09222e-07 1 -8.31593e-11 1.35264e-08 -0.000139262 1.12296e-10 1 3.94872
1 -2.09222e-07 0.000139259 0.000152391 2.09222e-07 1 -8.31085e-11 1.35256e-08 -0.000139259 1.12245e-10 1 3.91939
1 -2.09222e-07 0.000139258 0.000146193 2.09222e-07 1 -8.30488e-11 1.35243e-08 -0.000139258 1.12185e-10 1 3.87345
1 -2.09222e-07 0.000139257 0.000144413 2.09222e-07 1 -8.30232e-11 1.35239e-08 -0.000139257 1.12159e-10 1 3.86022
1 -2.09222e-07 0.000139257 0.000144023 2.09222e-07 1 -8.29805e-11 1.35238e-08 -0.000139257 1.12116e-10 1 3.85686
1 -2.09222e-07 0.000139257 0.000145777 2.09222e-07 1 1.14477e-10 1.35419e-08 -0.000139257 -8.53419e-11 1 3.86908
1 -2.09222e-07 0.000139257 0.00014943 2.09222e-07 1 1.14435e-10 1.35427e-08 -0.000139257 -8.52992e-11 1 3.89501
1 -2.09222e-07 0.000139257 0.000153315 2.09222e-07 1 1.14401e-10 1.35435e-08 -0.000139257 -8.52651e-11 1 3.92273
1 -2.09222e-07 0.000139257 0.000159689 2.09222e-07 1 1.14349e-10 1.35448e-08 -0.000139257 -8.52139e-11 1 3.96831
1 -2.09222e-07 0.000139257 0.000163605 2.09222e-07 1 1.14307e-10 1.35456e-08 -0.000139257 -8.51712e-11 1 3.99631
1 -2.09222e-07 0.000139257 0.0001661 2.09222e-07 1 -8.27075e-11 1.35285e-08 -0.000139257 1.11843e-10 1 4.01412
1 -2.09222e-07 0.000139257 0.000165596 2.09222e-07 1 -8.2682e-11 1.35284e-08 -0.000139257 1.11818e-10 1 4.01047
1 -2.09222e-07 0.000139257 0.000163652 2.09222e-07 1 1.14179e-10 1.35456e-08 -0.000139257 -8.50433e-11 1 3.99647
1 -2.09222e-07 0.000139257 0.000160214 2.09222e-07 1 1.14136e-10 1.35449e-08 -0.000139257 -8.50008e-11 1 3.97175
1 -2.09222e-07 0.000139257 0.00015531 2.09222e-07 1 -8.25542e-11 1.35263e-08 -0.000139257 1.1169e-10 1 3.9365
1 -2.09222e-07 0.000139257 0.000150783 2.09222e-07 1 -8.25117e-11 1.35253e-08 -0.000139257 1.11647e-10 1 3.90398
1 -2.09222e-07 0.000139257 0.000148377 2.09222e-07 1 1.14009e-10 1.35424e-08 -0.000139257 -8.48731e-11 1 3.88669
1 -2.09222e-07 0.000139257 0.00014859 2.09222e-07 1 1.13966e-10 1.35424e-08 -0.000139257 -8.48306e-11 1 3.88822
1 -2.09222e-07 0.000139257 0.000150741 2.09222e-07 1 -8.23926e-11 1.35253e-08 -0.000139257 1.11528e-10 1 3.90366
1 -2.09222e-07 0.000139257 0.000154259 2.09222e-07 1 1.1389e-10 1.35436e-08 -0.000139257 -8.47541e-11 1 3.92892
1 -2.09222e-07 0.000139257 0.000160488 2.09222e-07 1 1.13839e-10 1.35449e-08 -0.000139257 -8.47032e-11 1 3.97364
0.999942 4.65603e-05 -0.0107572 -0.001529 -4.65494e-05 1 1.2649e-06 -1.15542e-06 0.0107572 -7.64084e-07 0.999942 4.01941
0.999186 -2.09117e-07 -0.0403503 -0.00607685 2.09176e-07 1 -2.75856e-09 1.30614e-08 0.0403503 -5.68398e-09 0.999186 4.04503
0.997454 1.43663e-06 -0.0713136 -0.0107505 2.36476e-07 1 2.34527e-05 9.86847e-09 0.0713136 -2.34099e-05 0.997454 4.05928
0.992847 3.48432e-06 -0.119392 -0.0178519 -1.05043e-06 1 2.04486e-05 -7.22131e-08 0.119392 -2.0177e-05 0.992847 4.07224
0.986149 3.06104e-05 -0.16586 -0.0245415 -3.10316e-05 1 5.15442e-08 -4.01807e-06 0.16586 5.09609e-06 0.986149 4.07909
0.9788 -5.07162e-06 -0.204818 -0.0299871 9.54072e-06 1 2.08323e-05 6.10864e-07 0.204818 -2.23448e-05 0.9788 4.08333
0.974293 -1.96659e-05 -0.225284 -0.0316868 1.83457e-05 1 -7.95371e-06 -3.34506e-06 0.225284 3.61625e-06 0.974293 4.08235
0.971784 -2.0847e-07 -0.235871 -0.0291933 2.02597e-07 1 -4.91344e-08 7.47086e-09 0.235871 -3.87082e-11 0.971784 4.06869
0.970536 -2.09197e-07 -0.240955 -0.0244319 2.0318e-07 1 -4.98161e-08 8.48523e-09 0.240955 -6.08783e-10 0.970536 4.04818
0.969777 -2.08808e-07 -0.243992 -0.0171773 2.02457e-07 1 -5.11074e-08 9.91142e-09 0.243992 1.64738e-10 0.969777 4.01865
0.969352 -2.09188e-07 -0.245676 -0.00868052 2.02746e-07 1 -5.15102e-08 1.16708e-08 0.245676 1.21552e-10 0.969352 3.98479
0.969157 -2.09189e-07 -0.246442 -0.00303204 2.02723e-07 1 -5.16073e-08 1.28773e-08 0.246442 5.60715e-11 0.969157 3.9625
0.967353 -2.09862e-07 -0.253432 -0.000219498 2.02271e-07 1 -5.60111e-08 1.306e-08 0.253432 2.92057e-09 0.967353 3.94716
0.960166 -5.14372e-06 -0.27943 -0.00073339 1.91333e-07 1 -1.77504e-05 -5.29353e-06 0.27943 1.69899e-05 0.960166 3.93254
0.941871 1.92923e-05 -0.335975 -0.00524728 -1.76814e-05 1 7.85396e-06 -6.49205e-06 0.335975 -1.45691e-06 0.941871 3.91434
0.932466 -1.0841e-05 -0.361257 -0.00768456 1.95171e-05 1 2.03678e-05 1.26875e-06 0.361257 -2.60429e-05 0.932466 3.90801
0.914471 -2.04802e-07 -0.404652 -0.0121009 1.86472e-07 1 -8.47123e-08 1.05628e-08 0.404652 2.01066e-09 0.914471 3.89831
0.899004 3.15593e-05 -0.437941 -0.0154602 -3.7102e-05 1 -4.10006e-06 -3.61824e-06 0.437941 1.99345e-05 0.899004 3.89109
0.888976 -2.07646e-07 -0.457954 -0.0171894 1.84175e-07 1 -9.59023e-08 9.85677e-09 0.457954 9.11259e-10 0.888976 3.88607
0.883992 -2.0936e-07 -0.467503 -0.01783 1.84504e-07 1 -9.89513e-08 9.64256e-09 0.467503 1.21583e-09 0.883992 3.88324
0.880753 2.53777e-05 -0.473577 -0.0180784 -2.88666e-05 1 -9.83717e-08 -1.87117e-06 0.473577 1.37572e-05 0.880753 3.88108
0.879374 2.99679e-05 -0.476131 -0.0196356 -2.50261e-05 1 1.67193e-05 -1.62271e-06 0.476131 -2.78675e-06 0.879374 3.88281
0.878546 6.31853e-07 -0.477657 -0.0280707 -1.56402e-06 1 -1.55385e-06 -1.05706e-07 0.477657 2.11219e-06 0.878546 3.89767
0.878032 -2.09122e-07 -0.478602 -0.0471563 1.83641e-07 1 -1.0004e-07 3.66522e-09 0.478602 -5.30305e-11 0.878032 3.93235
0.877891 -6.22126e-06 -0.47886 -0.0601924 7.03189e-06 1 -1.0029e-07 -1.26427e-06 0.47886 -3.27925e-06 0.877891 3.95618
0.87447 4.31778e-05 -0.48508 -0.0821048 -4.9423e-05 1 -8.48467e-08 -6.46107e-07 0.48508 2.40483e-05 0.87447 3.99408
0.861125 -2.10366e-07 -0.508394 -0.0990817 1.81463e-07 1 -1.06421e-07 -7.32907e-09 0.508394 -6.13105e-10 0.861125 4.01657
0.841194 -5.83368e-06 -0.540733 -0.113089 2.00059e-05 1 2.03339e-05 1.27926e-06 0.540733 -2.79226e-05 0.841194 4.03028
0.819345 -2.04852e-07 -0.573301 -0.12351 1.71356e-07 1 -1.12424e-07 -1.12475e-08 0.573301 -6.12445e-09 0.819345 4.03733
0.788865 -2.08007e-07 -0.614566 -0.133927 1.66892e-07 1 -1.24237e-07 -1.39916e-08 0.614566 -4.55965e-09 0.788865 4.04109
0.761431 -2.44281e-05 -0.648246 -0.140902 3.01854e-05 1 -2.22747e-06 -5.57369e-06 0.648246 -1.78715e-05 0.761431 4.04132
0.72533 1.72689e-06 -0.688401 -0.147903 -2.18022e-05 1 -2.04632e-05 -2.04871e-06 0.688401 2.98512e-05 0.72533 4.0391
0.697497 -2.25875e-05 -0.716588 -0.15213 3.21187e-05 1 -2.57897e-07 -5.94067e-06 0.716588 -2.2836e-05 0.697497 4.0362
0.657265 1.61992e-05 -0.753659 -0.154942 -1.35045e-06 1 2.03164e-05 -1.18399e-07 0.753659 -1.23355e-05 0.657265 4.02911
0.599082 -2.12879e-07 -0.800688 -0.140102 1.30771e-07 1 -1.68027e-07 -1.62171e-08 0.800688 -4.0448e-09 0.599082 4.00322
0.566618 -1.79083e-05 -0.823981 -0.124839 3.05739e-05 1 -7.09422e-07 -5.64032e-06 0.823981 -2.47904e-05 0.566618 3.98401
0.529 -1.72251e-05 -0.848622 -0.10295 -1.64886e-06 1 -2.13256e-05 -6.03748e-06 0.848622 1.26805e-05 0.529 3.95971
0.493587 1.81031e-05 -0.869697 -0.0776953 1.40688e-07 1 2.08953e-05 -3.49195e-06 0.869697 -1.0436e-05 0.493587 3.93457
0.463597 1.22009e-05 -0.886046 -0.0575352 2.09917e-05 1 2.47533e-05 -6.1882e-06 0.886046 -3.00752e-05 0.463597 3.91448
0.435306 -1.2798e-05 -0.900282 -0.0469159 2.88517e-05 1 -2.65085e-07 -5.31065e-06 0.900282 -2.58593e-05 0.435306 3.90158
0.395108 -2.13691e-07 -0.918635 -0.0369391 8.25892e-08 1 -1.97096e-07 5.08034e-09 0.918635 2.0049e-09 0.395108 3.88713
0.351526 1.66126e-05 -0.936178 -0.0295069 8.50805e-06 1 2.09398e-05 -5.02058e-06 0.936178 -1.53259e-05 0.351526 3.87425
0.312292 -1.69659e-05 -0.949986 -0.0238296 -1.508e-05 1 -2.28164e-05 -3.97617e-06 0.949986 2.14512e-05 0.312292 3.86374
0.292467 -2.11786e-07 -0.956276 -0.0199886 6.10714e-08 1 -2.02792e-07 8.96163e-09 0.956276 9.08821e-10 0.292467 3.85798
0.279731 -2.08743e-07 -0.960079 -0.020355 5.75988e-08 1 -2.00641e-07 9.32694e-09 0.960079 8.26102e-10 0.279731 3.85489
0.273147 -2.31685e-05 -0.961972 -0.0407801 -8.08601e-06 1 -2.63803e-05 -1.03315e-05 0.961972 1.49842e-05 0.273147 3.85897
0.270691 -2.0912e-07 -0.962666 -0.0668099 5.67614e-08 1 -2.01269e-07 -4.29763e-10 0.962666 -1.6069e-10 0.270691 3.86564
0.26912 2.03237e-05 -0.963107 -0.107428 2.53628e-05 1 2.81893e-05 -4.68409e-06 0.963107 -3.20134e-05 0.26912 3.87659
0.268405 -9.58128e-06 -0.963306 -0.150428 3.49734e-05 1 -2.01651e-07 -6.46888e-06 0.963306 -3.3636e-05 0.268405 3.8884
0.26809 -1.43088e-05 -0.963394 -0.183742 5.26483e-05 1 -2.01735e-07 -9.74116e-06 0.963394 -5.06669e-05 0.26809 3.8976
0.26787 -1.3874e-05 -0.963455 -0.21495 5.10683e-05 1 -2.01664e-07 -9.45584e-06 0.963455 -4.9148e-05 0.26787 3.90624
0.267756 1.20412e-05 -0.963487 -0.237464 2.80072e-05 1 2.02808e-05 -5.20023e-06 0.963487 -3.24149e-05 0.267756 3.91247
0.262924 -2.08869e-07 -0.964817 -0.252231 5.33781e-08 1 -2.0194e-07 -3.91725e-08 0.964817 1.59472e-09 0.262924 3.91577
0.235487 1.67204e-05 -0.971878 -0.264797 1.55251e-05 1 2.0966e-05 -6.34877e-06 0.971878 -2.00257e-05 0.235487 3.91472
0.206522 -9.0357e-06 -0.978442 -0.273185 7.48416e-06 1 -7.65509e-06 -3.65341e-06 0.978442 -5.74187e-06 0.206522 3.91227
0.15552 -2.08237e-07 -0.987833 -0.299862 2.69397e-08 1 -2.06561e-07 -4.88848e-08 0.987833 5.51252e-09 0.15552 3.91021
0.109206 3.92518e-06 -0.994019 -0.33241 -3.77444e-05 1 -1.97933e-07 -2.49991e-06 0.994019 3.75403e-05 0.109206 3.9093
0.0679093 -2.15155e-07 -0.997692 -0.371899 1.42423e-08 1 -2.14684e-07 -6.51206e-08 0.997692 3.69558e-10 0.0679093 3.90934
0.0455736 -2.10164e-07 -0.998961 -0.417286 7.19558e-09 1 -2.10054e-07 -7.38122e-08 0.998961 2.3848e-09 0.0455736 3.91183
0.0244063 -2.03974e-07 -0.999702 -0.471584 4.65174e-09 1 -2.03921e-07 -8.43498e-08 0.999702 3.26606e-10 0.0244063 3.91411
-0.0056401 -3.52665e-07 -0.999984 -0.517603 -3.08128e-05 1 -1.7888e-07 -2.08542e-06 0.999984 3.08113e-05 -0.0056401 3.91312
-0.0423398 -1.50502e-06 -0.999103 -0.564624 -3.14494e-05 1 -1.73615e-07 -2.13525e-06 0.999103 3.14139e-05 -0.0423398 3.91016
-0.0919263 2.00721e-05 -0.995766 -0.618627 -1.2023e-06 1 2.02684e-05 -2.02887e-07 0.995766 3.06041e-06 -0.0919263 3.90456
-0.148772 -2.24635e-05 -0.988871 -0.658543 -9.13902e-06 1 -2.13413e-05 -4.78065e-06 0.988871 5.86232e-06 -0.148772 3.89759
-0.177427 2.88543e-07 -0.984134 -0.675004 3.04053e-05 1 -5.18849e-06 -5.76359e-06 0.984134 -3.08434e-05 -0.177427 3.89409
-0.216332 1.38432e-05 -0.97632 -0.696948 3.60964e-05 1 6.18075e-06 -5.684e-06 0.97632 -3.39045e-05 -0.216332 3.88949
-0.24287 -2.13058e-07 -0.970059 -0.704239 -5.55394e-08 1 -2.05729e-07 -1.33969e-07 0.970059 3.91107e-09 -0.24287 3.88616
-0.293696 -2.02229e-07 -0.955899 -0.711446 -6.08021e-08 1 -1.92878e-07 -1.34354e-07 0.955899 1.47307e-09 -0.293696 3.87968
-0.342883 -2.11009e-07 -0.939378 -0.713784 -7.6845e-08 1 -1.96577e-07 -1.35549e-07 0.939378 4.78351e-09 -0.342883 3.87347
-0.379064 -1.17665e-05 -0.925371 -0.713633 -3.06257e-05 1 -1.70042e-07 -4.29896e-06 0.925371 2.82757e-05 -0.379064 3.86898
-0.420612 -2.07781e-07 -0.907241 -0.712593 -8.41739e-08 1 -1.90001e-07 -1.35986e-07 0.907241 -3.55062e-09 -0.420612 3.86398
-0.438499 2.72475e-05 -0.898732 -0.712738 1.59352e-05 1 2.25428e-05 9.03555e-07 0.898732 -4.43654e-06 -0.438499 3.86198
-0.44834 -2.07897e-07 -0.893863 -0.713301 -9.31657e-08 1 -1.85853e-07 -1.35619e-07 0.893863 -4.8107e-11 -0.44834 3.86098
-0.454201 1.95232e-05 -0.890899 -0.714052 4.33577e-05 1 -1.90683e-07 -7.13283e-06 0.890899 -3.8714e-05 -0.454201 3.86045
-0.457235 -2.09675e-07 -0.889346 -0.714763 -9.58107e-08 1 -1.86504e-07 -1.36064e-07 0.889346 -6.7365e-11 -0.457235 3.86023
-0.458916 -3.65394e-06 -0.88848 -0.715417 -7.60231e-06 1 -1.85847e-07 -6.22163e-07 0.88848 6.66921e-06 -0.458916 3.86016
-0.469431 -2.04591e-07 -0.882969 -0.714594 -9.8231e-08 1 -1.79483e-07 -1.35201e-07 0.882969 2.47998e-09 -0.469431 3.85895
-0.492626 -2.04553e-07 -0.870241 -0.71158 -1.05371e-07 1 -1.75405e-07 -1.34252e-07 0.870241 5.28887e-09 -0.492626 3.85616
-0.526107 -2.17336e-07 -0.850418 -0.7068 -1.10028e-07 1 -1.87496e-07 -1.3573e-07 0.850418 -5.0729e-09 -0.526107 3.85223
-0.563205 -2.89013e-05 -0.826317 -0.701081 -1.43536e-05 1 -2.51928e-05 -5.00589e-06 0.826317 -2.32807e-06 -0.563205 3.84802
-0.597588 2.44282e-05 -0.801803 -0.695401 -6.95134e-09 1 3.04718e-05 -7.57274e-07 0.801803 1.82151e-05 -0.597588 3.84426
-0.635637 -2.1228e-07 -0.771988 -0.692136 -1.3794e-07 1 -1.61402e-07 -1.31e-07 0.771988 3.89477e-09 -0.635637 3.83758
-0.67279 -2.58704e-05 -0.739834 -0.699932 -1.29981e-05 1 -2.31476e-05 -4.65258e-06 0.739834 -5.95706e-06 -0.67279 3.82171
-0.70861 -2.13798e-07 -0.7056 -0.715694 -1.50259e-07 1 -1.52102e-07 -1.36764e-07 0.7056 -1.75843e-09 -0.70861 3.79832
-0.759292 -2.1432e-07 -0.65075 -0.748338 -1.56744e-07 1 -1.46455e-07 -1.44632e-07 0.65075 -9.20134e-09 -0.759292 3.75256
-0.772128 -1.5609e-05 -0.635467 -0.758133 -2.71787e-07 1 -2.42329e-05 -7.36845e-06 0.635467 -1.85382e-05 -0.772128 3.73861
-0.801783 -2.05923e-07 -0.597615 -0.784647 -1.63534e-07 1 -1.25171e-07 -1.50939e-07 0.597615 -2.62948e-09 -0.801783 3.70098
-0.819383 -1.87505e-05 -0.573247 -0.802568 -2.28424e-05 1 -5.89871e-08 -2.10024e-06 0.573247 1.3046e-05 -0.819383 3.67615
-0.841003 -2.1211e-07 -0.54103 -0.812718 -1.77834e-07 1 -1.15615e-07 -1.56786e-07 0.54103 -1.01842e-09 -0.841003 3.65775
-0.861769 -2.30328e-05 -0.507301 -0.817122 -1.30997e-05 1 -2.31498e-05 -4.68107e-06 0.507301 -1.33043e-05 -0.861769 3.64539
-0.891163 -9.51596e-06 -0.453683 -0.818131 -2.02236e-07 1 -2.05777e-05 -9.96677e-06 0.453683 -1.82463e-05 -0.891163 3.63278
-0.910143 -2.03622e-07 -0.414295 -0.816278 -1.84403e-07 1 -8.63847e-08 -1.58023e-07 0.414295 -2.22528e-09 -0.910143 3.62681
-0.927595 -2.7072e-05 -0.373588 -0.812991 -2.91566e-05 1 -7.09105e-08 -2.03083e-06 0.373588 1.08268e-05 -0.927595 3.62256
-0.944969 -6.88894e-06 -0.327159 -0.808128 -2.14059e-07 1 -2.04385e-05 -9.96463e-06 0.327159 -1.92438e-05 -0.944969 3.61942
-0.960078 -2.07094e-07 -0.279732 -0.802369 -2.00747e-07 1 -5.13408e-08 -1.53332e-07 0.279732 6.86415e-09 -0.960078 3.61762
-0.973976 -2.14752e-07 -0.22665 -0.795336 -2.09437e-07 1 -4.7494e-08 -1.52585e-07 0.22665 1.21094e-09 -0.973976 3.61688
-0.982252 2.95454e-05 -0.187566 -0.789911 3.02216e-05 1 -7.45604e-07 -5.77425e-06 0.187566 -6.40092e-06 -0.982252 3.61701
-0.991073 -2.03034e-07 -0.133321 -0.782188 -2.01617e-07 1 -2.41298e-08 -1.49949e-07 0.133321 2.96531e-09 -0.991073 3.61798
-0.996496 -2.11645e-07 -0.0836369 -0.775016 -2.1052e-07 1 -2.2266e-08 -1.49195e-07 0.0836369 -4.58073e-09 -0.996496 3.61954
-0.999587 3.73313e-05 -0.0287395 -0.767066 3.72347e-05 1 3.89578e-06 -6.35773e-06 0.0287395 2.82406e-06 -0.999587 3.62191
-0.999774 -2.03932e-07 0.0212509 -0.759861 -2.03883e-07 1 4.47816e-09 -1.45802e-07 -0.0212509 1.44464e-10 -0.999774 3.6246
-0.997686 3.65699e-05 0.0679925 -0.753309 3.59722e-05 1 -1.00151e-05 -6.82931e-06 -0.0679925 -7.54606e-06 -0.997686 3.62749
-0.996585 1.57393e-06 0.0825698 -0.751085 -2.26928e-07 1 -2.18007e-05 -6.68789e-06 -0.0825698 -2.1745e-05 -0.996585 3.62406
-0.995437 -2.09217e-07 0.095417 -0.747757 -2.08398e-07 1 1.85471e-08 -1.43109e-07 -0.095417 -1.42226e-09 -0.995437 3.60315
-0.994904 1.01685e-05 0.100831 -0.744709 9.41182e-06 1 -7.98004e-06 -1.9196e-06 -0.100831 -6.99037e-06 -0.994904 3.57563
-0.99457 -2.08769e-07 0.104067 -0.740801 -2.07661e-07 1 2.14835e-08 -1.41574e-07 -0.104067 -2.43841e-10 -0.99457 3.53722
-0.994406 -1.25228e-05 0.105624 -0.736816 -1.52109e-05 1 -2.46444e-05 -4.76882e-06 -0.105624 -2.61132e-05 -0.994406 3.4975
-0.994282 -3.49543e-05 0.106786 -0.729865 -3.51529e-05 1 2.24358e-08 -2.4018e-06 -0.106786 -3.73155e-06 -0.994282 3.42893
-0.994259 -2.09382e-07 0.107003 -0.727199 -2.08165e-07 1 2.25445e-08 -1.38613e-07 -0.107003 1.40895e-10 -0.994259 3.40298
-0.994228 3.442e-06 0.107289 -0.721078 3.4644e-06 1 2.24508e-08 1.00441e-07 -0.107289 3.94013e-07 -0.994228 3.34396
-0.994211 -2.09175e-07 0.107444 -0.713489 -2.07965e-07 1 2.24726e-08 -1.35766e-07 -0.107444 -2.02165e-12 -0.994211 3.27168
-0.994205 -3.86034e-06 0.1075 -0.707465 -3.88041e-06 1 2.24772e-08 5.43973e-07 -0.1075 -3.94796e-07 -0.994205 3.2148
-0.994203 -4.42475e-05 0.107516 -0.704408 -4.4503e-05 1 2.24935e-08 -3.0019e-06 -0.107516 -4.76244e-06 -0.994203 3.18606
-0.9942 1.29609e-06 0.107544 -0.695095 1.30608e-06 1 2.24878e-08 -3.38766e-08 -0.107544 1.62818e-07 -0.9942 3.09894
-0.9942 3.21443e-05 0.107551 -0.689436 3.23342e-05 1 2.24943e-08 -6.14288e-06 -0.107551 3.49994e-06 -0.9942 3.04621
-0.994199 -9.1419e-06 0.107555 -0.683742 -9.19281e-06 1 2.24791e-08 -7.1137e-07 -0.107555 -9.66381e-07 -0.994199 2.99323
-0.994199 -3.78936e-07 0.107557 -0.677379 -3.78713e-07 1 2.25028e-08 -1.39228e-07 -0.107557 -1.8361e-08 -0.994199 2.93415
-0.994199 4.71985e-05 0.107558 -0.67099 4.74764e-05 1 2.24894e-08 -8.93646e-06 -0.107558 5.12884e-06 -0.994199 2.87492
-0.995247 -2.12703e-07 0.0973816 -0.667106 -2.11744e-07 1 2.01799e-08 -1.25898e-07 -0.0973816 -5.35987e-10 -0.995247 2.82397
-0.999809 3.74282e-05 0.0195602 -0.672994 3.73472e-05 1 -4.50448e-06 -8.4203e-06 -0.0195602 -3.7731e-06 -0.999809 2.76369
-0.999049 1.15582e-05 -0.043591 -0.680434 1.02998e-05 1 2.90916e-05 -2.0712e-06 0.043591 2.86149e-05 -0.999049 2.73825
-0.988725 -2.11359e-07 -0.149743 -0.695576 -2.06963e-07 1 -4.49381e-08 -1.3397e-07 0.149743 -1.34401e-08 -0.988725 2.70116
-0.982428 -1.99274e-07 -0.186643 -0.701851 -1.95406e-07 1 -3.91202e-08 -1.33973e-07 0.186643 -1.96163e-09 -0.982428 2.6862
-0.952151 -2.04845e-07 -0.305628 -0.727593 -1.9771e-07 1 -5.42981e-08 -1.37403e-07 0.305628 8.72562e-09 -0.952151 2.62286
-0.941442 2.59914e-05 -0.337175 -0.739427 2.5352e-05 1 6.29933e-06 -2.95113e-06 0.337175 -2.61759e-06 -0.941442 2.58585
-0.933355 -4.79282e-06 -0.358955 -0.754254 -1.49457e-05 1 2.55098e-05 2.58212e-06 0.358955 2.91745e-05 -0.933355 2.53715
-0.928958 -1.55098e-05 -0.370186 -0.770124 -1.99879e-05 1 8.26103e-06 -1.42983e-06 0.370186 1.50734e-05 -0.928958 2.48645
-0.928703 1.62897e-06 -0.370824 -0.784689 1.7849e-06 1 -7.7306e-08 -2.233e-08 0.370824 -7.33678e-07 -0.928703 2.43959
-0.9376 4.65133e-06 -0.347716 -0.800053 7.43115e-06 1 -6.66094e-06 -1.5633e-06 0.347716 -8.82923e-06 -0.9376 2.38117
-0.952114 2.45692e-05 -0.305743 -0.815063 1.92665e-05 1 2.03611e-05 1.1027e-06 0.305743 1.34955e-05 -0.952114 2.31652
-0.960913 -2.0552e-07 -0.27685 -0.82219 -1.96732e-07 1 -5.95196e-08 -1.59294e-07 0.27685 -2.72808e-09 -0.960913 2.28159
-0.975846 -4.86426e-06 -0.218461 -0.828701 -2.74361e-07 1 -2.10405e-05 -6.45407e-06 0.218461 -2.04723e-05 -0.975846 2.23511
-0.983335 1.21557e-05 -0.181805 -0.832756 1.61572e-05 1 -2.05289e-05 -8.91056e-06 0.181805 -2.31243e-05 -0.983335 2.20407
-0.985649 5.86817e-06 -0.168809 -0.836873 9.79538e-06 1 -2.24315e-05 -8.7283e-06 0.168809 -2.37631e-05 -0.985649 2.18156
-0.989485 9.33875e-06 -0.144633 -0.846328 9.05586e-06 1 2.61429e-06 -8.58021e-06 0.144633 1.27702e-06 -0.989485 2.12559
-0.992944 2.93256e-05 -0.11858 -0.850001 2.9539e-05 1 -4.20522e-08 -8.05088e-06 0.11858 -3.54449e-06 -0.992944 2.08798
-0.997246 -4.91554e-07 -0.074166 -0.852909 -2.07109e-07 1 -3.84293e-06 -1.64125e-07 0.074166 -3.81699e-06 -0.997246 2.03358
-0.999705 -3.43279e-05 -0.0242947 -0.85328 -3.45881e-05 1 1.02913e-05 6.96348e-07 0.0242947 1.11286e-05 -0.999705 1.98265
-0.99985 -2.063e-07 0.0173438 -0.852704 -2.06277e-07 1 3.07978e-09 -1.65162e-07 -0.0173438 -4.98314e-10 -0.99985 1.94708
-0.999178 -3.92237e-05 0.0405331 -0.852328 -3.92554e-05 1 1.51057e-08 -2.69207e-06 -0.0405331 -1.57605e-06 -0.999178 1.92834
-0.996567 -2.02836e-07 0.0827934 -0.849177 -2.02646e-07 1 1.07048e-08 -1.65454e-07 -0.0827934 -6.10964e-09 -0.996567 1.91083
-0.988712 -2.08539e-07 0.149825 -0.840667 -2.0715e-07 1 2.48767e-08 -1.63291e-07 -0.149825 -6.44038e-09 -0.988712 1.88349
-0.977851 -2.12534e-07 0.209303 -0.82827 -2.07874e-07 1 4.42615e-08 -1.59534e-07 -0.209303 -2.27545e-10 -0.977851 1.83868
