1 0 0 -4.44089e-16 -2.77556e-17 1 4.33681e-19 1.11022e-16 0 -4.33681e-19 1 2.22045e-16
0.999992 0.00196187 0.00338655 0.00298007 -0.00198201 0.99998 0.00595429 -0.000705657 -0.0033748 -0.00596096 0.999977 0.00130812
0.999995 0.00157777 0.00287108 0.00251754 -0.00159242 0.999986 0.00510776 -0.000653812 -0.00286298 -0.0051123 0.999983 0.00110436
1 0.000723162 0.000302503 0.000428307 -0.000723587 0.999999 0.00140873 -5.70337e-05 -0.000301484 -0.00140895 0.999999 0.000203423
0.99999 0.00342172 0.00300844 0.00358937 -0.00343836 0.999979 0.00554273 -0.000818917 -0.00298941 -0.00555302 0.99998 0.00159744
0.999988 0.00344566 0.00347164 0.00362987 -0.00346967 0.99997 0.00693404 -0.000832857 -0.00344764 -0.006946 0.99997 0.00159669
0.999986 0.00420465 0.00310332 0.00401439 -0.00422715 0.999965 0.00728122 -0.000885259 -0.0030726 -0.00729424 0.999969 0.00177299
0.99999 0.00330005 0.00301129 0.00362502 -0.00332152 0.999969 0.00715284 -0.00083181 -0.00298759 -0.00716277 0.99997 0.00161447
0.99999 0.00314716 0.00327853 0.00338132 -0.00316854 0.999974 0.0065352 -0.000775622 -0.00325788 -0.00654553 0.999973 0.00149918
0.999992 0.00265552 0.0029257 0.0033472 -0.00267224 0.99998 0.00572836 -0.000764121 -0.00291043 -0.00573613 0.999979 0.00146349
0.999991 0.00285701 0.00300299 0.00353289 -0.0028741 0.99998 0.00570349 -0.000801718 -0.00298664 -0.00571208 0.999979 0.00154715
0.999999 -0.00139494 1.69874e-05 -0.000639749 0.00139496 0.999998 -0.00115933 0.000117419 -1.53702e-05 0.00115936 0.999999 -0.000319792
0.999993 0.00212245 0.00303862 0.00269469 -0.00213904 0.999983 0.005465 -0.000666806 -0.00302697 -0.00547146 0.99998 0.00118802
0.999993 0.00105029 0.0034857 0.00199409 -0.00106844 0.999986 0.00520923 -0.000544682 -0.00348018 -0.00521292 0.99998 0.00087096
0.999992 0.00221219 0.00339529 0.00304498 -0.00222975 0.999984 0.00517843 -0.000704769 -0.00338378 -0.00518596 0.999981 0.00132813
0.999994 -0.00336199 -0.000196357 -0.00186966 0.00336142 0.99999 -0.00286074 0.000321971 0.000205972 0.00286006 0.999996 -0.000862619
0.999992 0.00240045 0.00304218 0.00305948 -0.00241485 0.999986 0.0047392 -0.000717098 -0.00303076 -0.00474652 0.999984 0.00131805
0.999994 -0.00334576 0.000308009 -0.00156271 0.00334614 0.999994 -0.00125391 0.000285435 -0.000303812 0.00125493 0.999999 -0.000734769
0.999989 0.00335242 0.00339544 0.00370932 -0.00337515 0.999972 0.0067109 -0.000844189 -0.00337285 -0.00672228 0.999972 0.00163909
0.999993 0.00286164 0.00247944 0.00329264 -0.00287344 0.999985 0.00476734 -0.000743509 -0.00246576 -0.00477443 0.999986 0.00143543
0.999991 0.00273379 0.00314573 0.00354094 -0.0027542 0.999975 0.00650177 -0.000822057 -0.00312788 -0.00651038 0.999974 0.00154089
0.999992 0.00218888 0.00326976 0.00318444 -0.00220625 0.999983 0.00531805 -0.000721486 -0.00325806 -0.00532523 0.999981 0.00140006
0.999999 -0.00111513 0.000439825 -0.000296184 0.00111524 0.999999 -0.000252379 6.33189e-05 -0.000439543 0.00025287 1 -0.000187193
0.999999 -0.00108287 0.000666135 -0.000217431 0.0010826 0.999999 0.000399892 2.07994e-05 -0.000666568 -0.000399171 1 -0.000151875
0.999997 -0.00261076 -8.04844e-05 -0.00117115 0.00261059 0.999995 -0.00201554 0.000223356 8.5746e-05 0.00201533 0.999998 -0.000547665
0.999983 0.0046153 0.00342078 0.00449616 -0.00464411 0.999953 0.00846432 -0.00102255 -0.00338156 -0.00848006 0.999958 0.00199207
0.999991 0.00265122 0.00333876 0.00344122 -0.00267382 0.999973 0.00678257 -0.000786889 -0.00332069 -0.00679144 0.999971 0.0015115
0.999991 0.00301788 0.00311065 0.00365328 -0.00303725 0.999976 0.00624302 -0.000817275 -0.00309173 -0.00625241 0.999976 0.00162037
0.99999 0.00346997 0.00292345 0.00357363 -0.00348779 0.999975 0.00611128 -0.000813646 -0.00290217 -0.00612141 0.999977 0.00156141
0.999991 0.00330416 0.00258415 0.00350279 -0.00331563 0.999985 0.00444631 -0.000798702 -0.00256942 -0.00445483 0.999987 0.00154266
0.999988 0.00347345 0.00347324 0.00369875 -0.00349638 0.999972 0.00661763 -0.000843327 -0.00345016 -0.0066297 0.999972 0.00161685
0.999992 0.0015707 0.00365705 0.00270439 -0.0015949 0.999977 0.00662614 -0.000667193 -0.00364656 -0.00663192 0.999971 0.00117761
0.999992 0.00298766 0.0027963 0.00355624 -0.00300406 0.999978 0.00588233 -0.000809655 -0.00277867 -0.00589068 0.999979 0.00156442
0.999993 0.00212973 0.00314644 0.00305883 -0.00214381 0.999988 0.00447848 -0.000728451 -0.00313686 -0.0044852 0.999985 0.00132793
0.999993 0.00227492 0.00286204 0.00301068 -0.00228663 0.999989 0.00409592 -0.000708318 -0.00285269 -0.00410243 0.999988 0.00128959
0.999989 0.00277066 0.00365352 0.00371008 -0.00279513 0.999974 0.00671198 -0.000844045 -0.00363483 -0.00672212 0.999971 0.00162144
0.999989 0.00340964 0.00316205 0.00384393 -0.00343168 0.99997 0.00698967 -0.000841015 -0.00313812 -0.00700045 0.999971 0.00168864
0.99999 0.00301866 0.00337333 0.00375541 -0.00304101 0.999973 0.00664059 -0.000851213 -0.0033532 -0.00665078 0.999972 0.0016442
0.999988 0.00365681 0.00337356 0.00398396 -0.00367837 0.999973 0.00640637 -0.000886686 -0.00335004 -0.0064187 0.999974 0.00174291
0.999992 0.00203386 0.00331466 0.00312624 -0.0020509 0.999985 0.00514656 -0.000740055 -0.00330414 -0.00515332 0.999981 0.00134966
0.999992 0.00224014 0.00329373 0.00280876 -0.00226211 0.999975 0.00668238 -0.000686367 -0.00327868 -0.00668978 0.999972 0.00120356
0.999998 -0.00209072 0.000671819 -0.00109095 0.00208994 0.999997 0.00114587 0.000204202 -0.000674213 -0.00114446 0.999999 -0.000532275
0.999992 0.00206153 0.0035501 0.00294683 -0.00208643 0.999973 0.00702431 -0.000722076 -0.00353552 -0.00703166 0.999969 0.00127304
0.999992 0.00236922 0.00325557 0.0033133 -0.00238387 0.999987 0.00450405 -0.000769404 -0.00324485 -0.00451177 0.999985 0.00142499
0.999999 -0.00119362 6.3003e-05 -0.000610122 0.00119366 0.999999 -0.000726324 0.000149716 -6.21359e-05 0.000726398 1 -0.000291123
0.999992 0.00235842 0.00309404 0.00327716 -0.00237254 0.999987 0.00456665 -0.000761238 -0.00308323 -0.00457395 0.999985 0.00142433
0.999998 -0.0019357 0.000119103 -0.000858167 0.00193598 0.999995 -0.00234583 0.000160276 -0.000114561 0.00234606 0.999997 -0.000435615
0.999989 0.00371415 0.00298569 0.00365904 -0.00373448 0.99997 0.00683404 -0.000811095 -0.00296022 -0.00684511 0.999972 0.00161903
0.999993 0.00246641 0.00298439 0.00316918 -0.0024848 0.999978 0.00617464 -0.00076511 -0.00296909 -0.00618201 0.999976 0.00136904
0.999995 0.00140469 0.00269523 0.00238164 -0.00141425 0.999993 0.00355041 -0.000627092 -0.00269022 -0.00355421 0.99999 0.00100613
0.999993 0.00167237 0.0033582 0.00314598 -0.00168765 0.999988 0.00455423 -0.000737368 -0.00335054 -0.00455987 0.999984 0.00136393
1 -0.000621253 0.000218795 -0.000683538 0.000621132 1 0.000555815 0.000135329 -0.00021914 -0.000555679 1 -0.000302766
0.999938 0.0109756 0.00160278 0.00256919 -0.0109669 0.999926 -0.00530668 -0.000266977 -0.0016609 0.00528878 0.999985 0.00220025
0.999973 0.00632651 0.00364053 0.00381385 -0.00629924 0.999952 -0.00745537 -0.000260425 -0.00368753 0.00743224 0.999966 0.00608725
0.999909 0.00878366 0.0102198 -0.00102546 -0.00892957 0.999858 0.0143205 0.00110842 -0.0100925 -0.0144104 0.999845 0.00751272
0.999918 0.00510924 0.0117278 -0.000637759 -0.00526533 0.999897 0.0133169 0.00104605 -0.0116586 -0.0133776 0.999843 0.0101024
0.999934 0.000889011 0.0114884 -0.00261434 -0.000999041 0.999954 0.00957527 0.00143686 -0.0114793 -0.00958611 0.999888 0.0128911
0.999931 -0.00131654 0.0116944 -0.00299496 0.00124101 0.999978 0.00646324 0.00155532 -0.0117027 -0.00644828 0.999911 0.0158858
0.99992 0.00126346 0.0125815 -0.00221798 -0.00136965 0.999963 0.00843496 0.00147959 -0.0125704 -0.00845152 0.999885 0.0199353
0.999892 0.000798063 0.0146869 -0.000280102 -0.00102951 0.999875 0.015758 0.001232 -0.0146725 -0.0157714 0.999768 0.0242811
0.999888 0.00306815 0.0146642 0.000420839 -0.00335099 0.999808 0.0193018 0.00118358 -0.0146022 -0.0193488 0.999706 0.0280683
0.999867 0.00263018 0.016115 0.00260527 -0.00306777 0.999626 0.0271898 0.000836931 -0.0160375 -0.0272356 0.9995 0.0323699
0.999887 -0.00162032 0.0149733 9.28297e-05 0.00139356 0.999884 0.0151419 0.0014078 -0.0149961 -0.0151194 0.999773 0.0347042
0.999828 0.00688004 0.0172295 0.00514213 -0.00747034 0.999379 0.0344343 0.000592091 -0.0169818 -0.0345571 0.999258 0.040341
0.999844 0.00462357 0.0170188 0.0018898 -0.00508197 0.999623 0.026991 0.00119229 -0.0168876 -0.0270733 0.999491 0.0422979
0.999859 0.00343306 0.0164072 0.00113745 -0.00381718 0.999718 0.023438 0.00151769 -0.0163221 -0.0234973 0.999591 0.0453761
0.999852 0.0030634 0.0169108 0.000542691 -0.00343869 0.999747 0.0222082 0.0016853 -0.0168385 -0.022263 0.99961 0.0485351
0.999876 0.000136346 0.0157455 -0.000771788 -0.000410583 0.999848 0.0174149 0.00212087 -0.0157407 -0.0174192 0.999724 0.0512782
0.999878 -0.00288985 0.0153525 -0.00207927 0.00263169 0.999855 0.0168091 0.00247603 -0.0153989 -0.0167667 0.999741 0.0541189
0.999874 -0.00521318 0.0149869 -0.00212176 0.00499475 0.999881 0.0145758 0.00268265 -0.0150611 -0.0144991 0.999781 0.0578206
0.999877 -0.00424668 0.0150692 -0.00112422 0.00393761 0.999783 0.0204804 0.0025804 -0.0151529 -0.0204185 0.999677 0.0617833
0.999879 -0.00462166 0.0148851 -0.000211637 0.00423958 0.999663 0.0255983 0.00254585 -0.0149984 -0.0255321 0.999561 0.0656558
0.999859 -0.00195429 0.0166728 0.00256011 0.00139099 0.99943 0.0337306 0.00206345 -0.0167292 -0.0337026 0.999292 0.0702131
0.999887 -0.000916959 0.0149794 0.00259537 0.000398274 0.999401 0.0345929 0.00216818 -0.0150022 -0.034583 0.999289 0.0737269
0.999898 -0.00242485 0.0140516 -0.000906549 0.00207258 0.999685 0.0250304 0.00290463 -0.0141078 -0.0249987 0.999588 0.075659
0.999915 -0.00836986 0.0099793 -0.00285431 0.00823486 0.999875 0.0134937 0.00335932 -0.010091 -0.0134103 0.999859 0.0782599
0.999924 -0.007659 0.00962597 -0.00247157 0.00758421 0.999941 0.00778207 0.00344299 -0.009685 -0.00770848 0.999923 0.0818046
0.999895 -0.0121588 0.00786218 -0.00617873 0.0121594 0.999926 -3.3202e-05 0.00416547 -0.00786119 0.000128798 0.999969 0.0838428
0.99995 -0.00455806 0.00887482 -0.00125163 0.00456544 0.999989 -0.000811398 0.00340604 -0.00887103 0.000851875 0.99996 0.0891807
0.999935 -0.00810573 0.00802014 -0.00176929 0.00812501 0.999964 -0.00237534 0.00354257 -0.0080006 0.00244035 0.999965 0.0928444
0.99979 -0.0180589 0.00970997 -0.00630855 0.0180137 0.999827 0.00473076 0.00480078 -0.00979372 -0.00455485 0.999942 0.094508
0.999938 -0.00941748 0.00589587 -0.000783361 0.009437 0.99995 -0.00329077 0.00344049 -0.00586458 0.0033462 0.999977 0.10025
0.99995 -0.00796782 0.00601712 0.000215721 0.00795916 0.999967 0.00146145 0.00331484 -0.00602856 -0.00141348 0.999981 0.104118
0.999973 0.000272631 0.00740825 0.0022977 -0.000319494 0.99998 0.00632529 0.00292302 -0.00740638 -0.00632748 0.999953 0.108587
0.999815 -0.01755 0.00783268 -0.00375952 0.0174367 0.999746 0.0142945 0.0041704 -0.00808155 -0.0141553 0.999867 0.109464
0.999768 -0.0171693 0.0130394 -0.00154614 0.0168754 0.999608 0.0223259 0.00388983 -0.0134176 -0.0221007 0.999666 0.113764
0.99966 -0.0248349 0.00788673 -0.007743 0.0247842 0.999672 0.00646459 0.00521638 -0.00804469 -0.00626692 0.999948 0.1147
0.99963 -0.0259513 0.00809627 -0.00746694 0.0259061 0.999648 0.00564932 0.0052154 -0.00824004 -0.00543749 0.999951 0.118321
0.999634 -0.0241259 0.012202 -0.00819768 0.0239839 0.999644 0.0116559 0.005413 -0.0124788 -0.0113589 0.999858 0.121418
0.999597 -0.0260864 0.0112117 -0.00868834 0.0260376 0.999651 0.00448068 0.0055394 -0.0113247 -0.00418695 0.999927 0.1247
0.999537 -0.0277507 0.0124585 -0.00739724 0.0276533 0.999586 0.00792425 0.00538623 -0.0126732 -0.00757606 0.999891 0.129054
0.999612 -0.0236599 0.0146679 -0.00675418 0.0234565 0.999628 0.0138913 0.00537038 -0.0149911 -0.0135419 0.999796 0.132966
0.999571 -0.0247168 0.0157114 -0.00442954 0.024418 0.999523 0.0189328 0.00497898 -0.0161718 -0.0185411 0.999697 0.137547
