1 6.77626e-21 0 -6.93889e-18 6.77626e-21 1 3.30872e-24 0 0 0 1 0
1 -5.19513e-05 -2.63793e-08 -2.66926e-06 5.19513e-05 1 -1.77638e-11 -1.50443e-06 2.63793e-08 1.63934e-11 1 -1.57906e-09
1 -2.87664e-05 -1.45646e-08 -1.47673e-06 2.87664e-05 1 1.35234e-12 2.77895e-06 1.45646e-08 -1.77132e-12 1 -8.69676e-10
1 1.86371e-05 9.56288e-09 9.60223e-07 -1.86371e-05 1 -1.25679e-11 -1.2066e-06 -9.56288e-09 1.23897e-11 1 5.82982e-10
1 1.64091e-06 8.5524e-10 8.1927e-08 -1.64091e-06 1 2.93568e-12 -1.06226e-07 -8.55241e-10 -2.93708e-12 1 6.47423e-11
1 1.87978e-06 9.77504e-10 9.32452e-08 -1.87978e-06 1 2.97161e-12 -1.21693e-07 -9.77503e-10 -2.97345e-12 1 7.60043e-11
1 -2.14251e-05 -1.08212e-08 -1.10322e-06 2.14251e-05 1 -9.48717e-13 1.38722e-06 1.08212e-08 7.16872e-13 1 -6.27437e-10
1 -1.19324e-05 -5.99974e-09 -6.17363e-07 1.19324e-05 1 5.01302e-12 7.72608e-07 5.99974e-09 -5.08462e-12 1 -3.31302e-10
1 -1.25711e-05 -6.28956e-09 -6.49265e-07 1.25711e-05 1 -1.7106e-11 8.14009e-07 6.28956e-09 1.70269e-11 1 -3.44343e-10
1 -8.34827e-05 -4.2395e-08 -4.29682e-06 8.34827e-05 1 -1.41934e-11 -7.32984e-06 4.2395e-08 1.06542e-11 1 -2.50921e-09
1 -2.87664e-05 -1.45645e-08 -1.486e-06 2.87664e-05 1 1.35239e-12 2.77895e-06 1.45645e-08 -1.77136e-12 1 -8.33222e-10
1 -1.03728e-05 -5.21876e-09 -5.4162e-07 1.03728e-05 1 5.3826e-12 6.71626e-07 5.21876e-09 -5.43673e-12 1 -2.69451e-10
1 -3.24393e-05 -1.64203e-08 -1.67598e-06 3.24393e-05 1 -1.02143e-12 2.10037e-06 1.64203e-08 4.88766e-13 1 -9.37303e-10
1 -4.53366e-05 -2.29706e-08 -2.33904e-06 4.53366e-05 1 4.02543e-12 -5.15667e-06 2.29706e-08 -5.06683e-12 1 -1.32775e-09
1 -4.94464e-17 1.17351e-13 -1.39121e-08 4.94464e-17 1 -3.23355e-19 -4.51299e-13 -1.17351e-13 3.2315e-19 1 5.46811e-11
1 1.96779e-06 1.02305e-09 8.75324e-08 -1.96779e-06 1 2.99437e-12 -1.27392e-07 -1.02305e-09 -2.99638e-12 1 1.19116e-10
1 1.86371e-05 9.563e-09 9.46311e-07 -1.86371e-05 1 -1.25679e-11 -1.2066e-06 -9.563e-09 1.23897e-11 1 6.37663e-10
1 -3.01564e-05 -1.52937e-08 -1.56539e-06 3.01564e-05 1 -7.04388e-12 2.52213e-06 1.52937e-08 6.58268e-12 1 -8.49747e-10
1 -8.34827e-05 -4.23949e-08 -4.3061e-06 8.34827e-05 1 -1.41934e-11 -7.32984e-06 4.23949e-08 1.06542e-11 1 -2.47276e-09
1 1.87978e-06 9.77621e-10 7.93332e-08 -1.87978e-06 1 2.97159e-12 -1.21693e-07 -9.77621e-10 -2.97343e-12 1 1.30685e-10
1 -9.38315e-07 -3.51081e-10 -6.14444e-08 9.38315e-07 1 -1.63268e-11 6.08375e-08 3.51081e-10 1.63264e-11 1 5.66029e-11
1 -5.20926e-05 -2.64502e-08 -2.69603e-06 5.20926e-05 1 -1.77637e-11 -1.53054e-06 2.64502e-08 1.63858e-11 1 -1.50649e-09
1 -1.23399e-05 -6.1728e-09 -6.50337e-07 1.23399e-05 1 -1.70978e-11 7.99039e-07 6.1728e-09 1.70217e-11 1 -2.86592e-10
1 -1.25711e-05 -6.28944e-09 -6.63177e-07 1.25711e-05 1 -1.71059e-11 8.14009e-07 6.28944e-09 1.70269e-11 1 -2.89662e-10
1 -1.70443e-16 1.94622e-13 -2.31868e-08 1.7045e-16 1 4.59274e-17 -7.52155e-13 -1.94622e-13 -4.59297e-17 1 9.11352e-11
1 1.96779e-06 1.02313e-09 7.82577e-08 -1.96779e-06 1 2.99442e-12 -1.27392e-07 -1.02313e-09 -2.99643e-12 1 1.5557e-10
1 -2.91126e-05 -1.47395e-08 -1.51867e-06 2.91126e-05 1 -6.53975e-12 2.71497e-06 1.47395e-08 6.11064e-12 1 -7.84718e-10
1 -8.34462e-05 -4.23768e-08 -4.31252e-06 8.34462e-05 1 -1.41269e-11 -7.3231e-06 4.23768e-08 1.05908e-11 1 -2.43915e-09
1 1.64091e-06 8.55435e-10 5.87402e-08 -1.64091e-06 1 2.93563e-12 -1.06227e-07 -8.55435e-10 -2.93704e-12 1 1.55878e-10
1 -1.26564e-05 -6.332e-09 -6.73157e-07 1.26564e-05 1 -1.71088e-11 8.19529e-07 6.332e-09 1.70287e-11 1 -2.7006e-10
1 -2.14251e-05 -1.0821e-08 -1.12641e-06 2.14251e-05 1 -9.4874e-13 1.38722e-06 1.0821e-08 7.16899e-13 1 -5.36302e-10
1 5.52407e-07 4.17811e-10 5.64735e-09 -5.52407e-07 1 -1.6247e-11 -3.56797e-08 -4.17811e-10 1.62468e-11 1 1.42396e-10
1 -6.69802e-05 -3.39395e-08 -3.46728e-06 6.69802e-05 1 1.89263e-12 -4.28108e-06 3.39395e-08 -4.16591e-12 1 -1.91688e-09
1 -1.25711e-05 -6.28937e-09 -6.72452e-07 1.25711e-05 1 -1.71059e-11 8.14009e-07 6.28937e-09 1.70269e-11 1 -2.53208e-10
1 -3.59807e-05 -1.82206e-08 -1.87858e-06 3.59807e-05 1 -6.46312e-12 2.32966e-06 1.82206e-08 5.80753e-12 1 -9.64295e-10
1 1.96779e-06 1.02321e-09 6.8983e-08 -1.96779e-06 1 2.99437e-12 -1.27392e-07 -1.02321e-09 -2.99639e-12 1 1.92024e-10
1 -2.11804e-05 -1.06825e-08 -1.11843e-06 2.11804e-05 1 -1.74738e-11 1.37142e-06 1.06825e-08 1.72476e-11 1 -5.06417e-10
1 -4.946e-05 -2.50833e-08 -2.57416e-06 4.946e-05 1 2.48942e-12 -5.46846e-06 2.50833e-08 -3.73004e-12 1 -1.36654e-09
1 -3.24393e-05 -1.64195e-08 -1.70005e-06 3.24393e-05 1 -1.4318e-11 2.10032e-06 1.64195e-08 1.37853e-11 1 -8.41877e-10
1 -1.70701e-16 3.13527e-13 -3.70988e-08 1.70714e-16 1 4.96457e-17 -1.20345e-12 -3.13527e-13 -4.96501e-17 1 1.45817e-10
1 1.86588e-05 9.57369e-09 9.25213e-07 -1.86588e-05 1 -1.26071e-11 -1.20801e-06 -9.57369e-09 1.24284e-11 1 7.25501e-10
1 -1.03728e-05 -5.21853e-09 -5.69444e-07 1.03728e-05 1 5.3826e-12 6.71625e-07 5.21853e-09 -5.43673e-12 1 -1.60088e-10
1 -6.69802e-05 -3.39394e-08 -3.47656e-06 6.69802e-05 1 1.89259e-12 -4.28108e-06 3.39394e-08 -4.16586e-12 1 -1.88042e-09
1 -2.90275e-05 -1.4695e-08 -1.52915e-06 2.90275e-05 1 -6.4636e-12 2.73069e-06 1.4695e-08 6.03704e-12 1 -7.23447e-10
1 -3.04559e-05 -1.54078e-08 -1.60272e-06 3.04559e-05 1 1.32033e-11 -7.34316e-06 1.54078e-08 -1.36725e-11 1 -7.62573e-10
1 -6.73631e-05 -3.41359e-08 -3.49896e-06 6.73631e-05 1 5.3393e-13 -4.35182e-06 3.41359e-08 -2.83343e-12 1 -1.88177e-09
1 -8.05334e-05 -4.08467e-08 -4.17735e-06 8.05334e-05 1 -9.17679e-12 -6.785e-06 4.08467e-08 5.88726e-12 1 -2.28076e-09
1 -1.19324e-05 -5.99942e-09 -6.54462e-07 1.19324e-05 1 5.01303e-12 7.72607e-07 5.99942e-09 -5.08462e-12 1 -1.85485e-10
1 -4.53366e-05 -2.29703e-08 -2.3715e-06 4.53366e-05 1 4.02543e-12 -5.15667e-06 2.29703e-08 -5.06682e-12 1 -1.20016e-09
1 -3.24394e-05 -1.64129e-08 -1.70991e-06 3.24394e-05 1 1.40839e-12 2.10037e-06 1.64129e-08 -1.94081e-12 1 -8.02269e-10
1 -3.44229e-05 -1.74247e-08 -1.81247e-06 3.44229e-05 1 -1.03898e-11 1.7339e-06 1.74247e-08 9.79e-12 1 -8.60587e-10
1 -1.03728e-05 -5.21845e-09 -5.78719e-07 1.03728e-05 1 5.38255e-12 6.71624e-07 5.21845e-09 -5.43668e-12 1 -1.23634e-10
1 -1.19324e-05 -5.99939e-09 -6.59099e-07 1.19324e-05 1 5.01305e-12 7.72607e-07 5.99939e-09 -5.08464e-12 1 -1.67258e-10
1 1.64091e-06 8.55631e-10 3.55534e-08 -1.64091e-06 1 2.93566e-12 -1.06228e-07 -8.55631e-10 -2.93706e-12 1 2.47013e-10
1 -8.34827e-05 -4.23947e-08 -4.33856e-06 8.34827e-05 1 -1.41934e-11 -7.32984e-06 4.23947e-08 1.06542e-11 1 -2.34517e-09
1 -2.87664e-05 -1.45641e-08 -1.52774e-06 2.87664e-05 1 1.35239e-12 2.77895e-06 1.45641e-08 -1.77135e-12 1 -6.69178e-10
1 5.52407e-07 4.18007e-10 -1.75394e-08 -5.52407e-07 1 -1.6247e-11 -3.56805e-08 -4.18007e-10 1.62468e-11 1 2.33532e-10
1 -2.90275e-05 -1.46949e-08 -1.54306e-06 2.90275e-05 1 -6.46358e-12 2.73069e-06 1.46949e-08 6.03703e-12 1 -6.68766e-10
1 -8.27152e-05 -4.20241e-08 -4.30494e-06 8.27152e-05 1 -1.2932e-11 -7.18805e-06 4.20241e-08 9.45599e-12 1 0.00146421
1 -3.24393e-05 -1.6388e-08 -1.72521e-06 3.24393e-05 1 -2.70238e-12 2.10037e-06 1.6388e-08 2.17076e-12 1 0.00786523
1 -5.20926e-05 -2.64296e-08 -2.7361e-06 5.20926e-05 1 -1.7763e-11 -1.53054e-06 2.64296e-08 1.63862e-11 1 0.021859
1 1.86371e-05 9.63373e-09 8.97511e-07 -1.86371e-05 1 -1.25656e-11 -1.2066e-06 -9.63373e-09 1.23861e-11 1 0.0260977
1 -3.50948e-05 -7.32223e-05 -1.3331e-05 3.50948e-05 1 -2.46739e-09 1.60938e-06 7.32223e-05 -1.02336e-10 1 0.0335993
1 -7.06952e-05 -0.000953675 -0.000153179 7.06975e-05 1 2.42039e-06 -4.97309e-06 0.000953675 -2.48781e-06 1 0.0416778
0.999995 -1.93569e-05 -0.00326884 -0.000519228 1.93566e-05 1 -1.04702e-07 -4.61607e-07 0.00326884 4.14276e-08 0.999995 0.0575459
0.999986 -7.58922e-05 -0.00530977 -0.000851398 7.58923e-05 1 -1.72403e-07 -5.9552e-06 0.00530977 -2.3057e-07 0.999986 0.0746169
0.999983 -3.57668e-05 -0.00590912 -0.000961034 3.57663e-05 1 -1.91666e-07 2.2847e-06 0.00590912 -1.96846e-08 0.999983 0.0855038
0.999981 -3.24393e-05 -0.00622279 -0.00108546 3.24386e-05 1 -2.01862e-07 2.06522e-06 0.00622279 -4.89804e-13 0.999981 0.104791
0.99998 1.0562e-05 -0.00633534 -0.0011764 -1.05635e-05 1 -2.05505e-07 -7.22072e-07 0.00633534 2.72424e-07 0.99998 0.121231
0.99998 -3.31991e-05 -0.0063783 -0.00125175 3.31984e-05 1 -2.06903e-07 1.91947e-06 0.0063783 -4.85116e-09 0.99998 0.134414
0.99998 -3.24394e-05 -0.00639748 -0.00136348 3.24387e-05 1 -2.07531e-07 2.05619e-06 0.00639748 1.46106e-12 0.99998 0.153403
0.999979 -2.16348e-05 -0.00640479 -0.00145867 2.16339e-05 1 -2.0777e-07 -5.76071e-06 0.00640479 6.92051e-08 0.999979 0.169384
0.999979 -1.29004e-05 -0.00640805 -0.00154948 1.28994e-05 1 -2.07889e-07 7.85062e-07 0.00640805 1.25225e-07 0.999979 0.184392
0.999979 -3.53977e-05 -0.00640917 -0.001645 3.53971e-05 1 -2.07915e-07 2.23861e-06 0.00640917 -1.89555e-08 0.999979 0.199532
0.999979 -5.3024e-05 -0.00640937 -0.00167419 5.30238e-05 1 -2.07911e-07 -1.75696e-06 0.00640937 -1.31943e-07 0.999979 0.204037
0.999979 2.24541e-06 -0.00640989 -0.00178222 -2.24679e-06 1 -2.07929e-07 -2.03228e-07 0.00640989 2.22327e-07 0.999979 0.221684
0.999979 -2.87682e-05 -0.00641011 -0.00188105 2.87675e-05 1 -2.07945e-07 2.71764e-06 0.00641011 2.35384e-08 0.999979 0.237071
0.999979 -3.55015e-05 -0.00641018 -0.00199526 3.55009e-05 1 -2.07948e-07 2.23397e-06 0.00641018 -1.96238e-08 0.999979 0.254958
0.999979 2.65254e-06 -0.0064102 -0.00211983 -2.65392e-06 1 -2.07939e-07 -2.40542e-07 0.0064102 2.24947e-07 0.999979 0.274801
0.999979 2.42761e-06 -0.00641021 -0.00238763 -2.429e-06 1 -2.07941e-07 -2.34668e-07 0.00641021 2.23507e-07 0.999979 0.316668
0.999979 -3.24393e-05 -0.00641023 -0.00246963 3.24387e-05 1 -2.07956e-07 2.02027e-06 0.00641023 1.25785e-11 0.999979 0.329194
0.999979 -3.5979e-05 -0.00641023 -0.00257931 3.59784e-05 1 -2.07949e-07 2.24594e-06 0.00641023 -2.26848e-08 0.999979 0.346283
0.999979 -7.49688e-05 -0.00641025 -0.00268617 7.4969e-05 1 -2.07943e-07 -5.84416e-06 0.00641025 -2.72632e-07 0.999979 0.362645
0.999979 1.64676e-06 -0.00641021 -0.00278439 -1.64813e-06 1 -2.0794e-07 -1.96975e-07 0.00641021 2.18501e-07 0.999979 0.378584
0.999979 -8.34466e-05 -0.00641026 -0.00286769 8.34469e-05 1 -2.07957e-07 -7.41624e-06 0.00641026 -3.26963e-07 0.999979 0.390897
0.999979 -1.2899e-05 -0.00641022 -0.002995 1.28979e-05 1 -2.0796e-07 7.38079e-07 0.00641022 1.25277e-07 0.999979 0.411326
0.999979 1.29084e-05 -0.00641021 -0.00307132 -1.291e-05 1 -2.07946e-07 -9.35474e-07 0.00641021 2.90698e-07 0.999979 0.423439
0.999979 -8.25801e-05 -0.00641025 -0.00310665 8.25804e-05 1 -2.07957e-07 -7.2639e-06 0.00641025 -3.21409e-07 0.999979 0.428184
0.999979 -7.75933e-05 -0.00641025 -0.00319293 7.75935e-05 1 -2.0796e-07 -6.34536e-06 0.00641025 -2.89438e-07 0.999979 0.441684
0.999979 1.88194e-06 -0.00641021 -0.00339397 -1.88332e-06 1 -2.0794e-07 -2.31977e-07 0.00641021 2.20008e-07 0.999979 0.473685
0.999979 -4.02201e-05 -0.00641023 -0.00349376 4.02196e-05 1 -2.0794e-07 5.4957e-07 0.00641023 -4.98815e-08 0.999979 0.488915
0.999979 -2.89695e-05 -0.00641023 -0.00353217 2.89688e-05 1 -2.07949e-07 2.6269e-06 0.00641023 2.22487e-08 0.999979 0.494997
0.999979 -4.52078e-05 -0.00641024 -0.00362009 4.52074e-05 1 -2.07939e-07 -5.26884e-06 0.00641024 -8.18554e-08 0.999979 0.508582
0.999979 -8.36076e-05 -0.00641026 -0.00379555 8.3608e-05 1 -2.07957e-07 -7.4761e-06 0.00641026 -3.27996e-07 0.999979 0.535645
0.999979 -7.64167e-05 -0.00641025 -0.00390457 7.64169e-05 1 -2.0796e-07 -6.15107e-06 0.00641025 -2.81896e-07 0.999979 0.552709
0.999979 -2.94817e-05 -0.00641023 -0.00400612 2.94809e-05 1 -2.07949e-07 2.5169e-06 0.00641023 1.8965e-08 0.999979 0.568928
0.999979 -5.16695e-05 -0.00641024 -0.00412001 5.16693e-05 1 -2.07961e-07 -1.58601e-06 0.00641024 -1.23256e-07 0.999979 0.586517
0.999979 -3.61116e-05 -0.00641023 -0.00420249 3.6111e-05 1 -2.07949e-07 2.20188e-06 0.00641023 -2.35355e-08 0.999979 0.599509
0.999979 -3.57833e-05 -0.00641023 -0.00425029 3.57827e-05 1 -2.0795e-07 2.17906e-06 0.00641023 -2.143e-08 0.999979 0.606967
0.999979 -3.33764e-05 -0.00641023 -0.00444689 3.33758e-05 1 -2.07946e-07 1.78303e-06 0.00641023 -6.00517e-09 0.999979 0.637656
0.999979 3.81786e-06 -0.00641021 -0.00453385 -3.81927e-06 1 -2.07943e-07 -3.94318e-07 0.00641021 2.32421e-07 0.999979 0.651519
0.999979 1.29084e-05 -0.00641021 -0.0045798 -1.291e-05 1 -2.07946e-07 -9.84407e-07 0.00641021 2.90698e-07 0.999979 0.658761
0.999979 -5.19555e-05 -0.00641024 -0.00472202 5.19552e-05 1 -2.07961e-07 -1.65837e-06 0.00641024 -1.25089e-07 0.999979 0.680427
0.999979 1.85739e-05 -0.0064102 -0.00482879 -1.85756e-05 1 -2.07955e-07 -1.35925e-06 0.0064102 3.27025e-07 0.999979 0.697648
0.999979 1.28878e-05 -0.00641021 -0.00495645 -1.28894e-05 1 -2.07946e-07 -9.95287e-07 0.00641021 2.90565e-07 0.999979 0.717517
0.999979 -2.89695e-05 -0.00641023 -0.00499637 2.89688e-05 1 -2.07949e-07 2.5794e-06 0.00641023 2.22487e-08 0.999979 0.723409
0.999979 -4.52078e-05 -0.00641024 -0.00507478 4.52074e-05 1 -2.07939e-07 -5.31602e-06 0.00641024 -8.18554e-08 0.999979 0.735511
0.999979 -4.14515e-05 -0.00641023 -0.00524401 4.1451e-05 1 -2.0794e-07 2.65302e-07 0.00641023 -5.77744e-08 0.999979 0.761941
0.999979 1.29084e-05 -0.00641021 -0.00531455 -1.291e-05 1 -2.07946e-07 -1.00824e-06 0.00641021 2.90698e-07 0.999979 0.77338
0.999979 1.8657e-05 -0.0064102 -0.00541787 -1.86588e-05 1 -2.07956e-07 -1.38374e-06 0.0064102 3.27558e-07 0.999979 0.789545
0.999979 -6.65678e-05 -0.00641025 -0.00554986 6.65679e-05 1 -2.07941e-07 -4.38493e-06 0.00641025 -2.1878e-07 0.999979 0.809451
0.999979 1.88194e-06 -0.00641021 -0.00565067 -1.88332e-06 1 -2.0794e-07 -3.0518e-07 0.00641021 2.20008e-07 0.999979 0.825726
0.999979 -8.34821e-05 -0.00641026 -0.00573277 8.34825e-05 1 -2.07957e-07 -7.51574e-06 0.00641026 -3.27191e-07 0.999979 0.837849
0.999979 -2.89695e-05 -0.00641023 -0.00578727 2.89688e-05 1 -2.07949e-07 2.55374e-06 0.00641023 2.22487e-08 0.999979 0.846787
0.999979 -3.33764e-05 -0.00641023 -0.00596975 3.33758e-05 1 -2.07946e-07 1.73363e-06 0.00641023 -6.00517e-09 0.999979 0.87522
0.999979 -4.02204e-05 -0.00641023 -0.00605763 4.02199e-05 1 -2.07937e-07 4.66354e-07 0.00641023 -4.98862e-08 0.999979 0.888874
0.999979 -1.3078e-05 -0.00641022 -0.00615424 1.3077e-05 1 -2.0796e-07 6.47191e-07 0.00641022 1.2413e-07 0.999979 0.904162
0.999979 -2.5087e-05 -0.00641023 -0.00625004 2.50861e-05 1 -2.07957e-07 1.42163e-06 0.00641023 4.71453e-08 0.999979 0.919012
0.999979 -4.42632e-05 -0.00641024 -0.00635834 4.42628e-05 1 -2.07938e-07 -5.67439e-06 0.00641024 -7.58014e-08 0.999979 0.935752
0.999979 -8.34821e-05 -0.00641026 -0.00651286 8.34825e-05 1 -2.07957e-07 -7.54105e-06 0.00641026 -3.27191e-07 0.999979 0.959541
0.999979 2.21709e-06 -0.00641021 -0.00660639 -2.21847e-06 1 -2.0794e-07 -3.57883e-07 0.00641021 2.22156e-07 0.999979 0.974818
0.999979 -8.3532e-05 -0.00641026 -0.006689 8.35324e-05 1 -2.07957e-07 -7.55598e-06 0.00641026 -3.27511e-07 0.999979 0.987018
0.999979 -8.36076e-05 -0.00641026 -0.00684872 8.3608e-05 1 -2.07957e-07 -7.57514e-06 0.00641026 -3.27996e-07 0.999979 1.01193
0.999979 -2.87665e-05 -0.00641023 -0.00694631 2.87658e-05 1 -2.07942e-07 2.55365e-06 0.00641023 2.35419e-08 0.999979 1.0276
0.999979 -5.22898e-05 -0.00641024 -0.00708929 5.22895e-05 1 -2.07961e-07 -1.79691e-06 0.00641024 -1.27232e-07 0.999979 1.04971
0.999979 -8.35062e-05 -0.00641026 -0.00718025 8.35066e-05 1 -2.07957e-07 -7.56715e-06 0.00641026 -3.27345e-07 0.999979 1.06365
0.999979 -2.89695e-05 -0.00641023 -0.00732759 2.89688e-05 1 -2.07949e-07 2.50378e-06 0.00641023 2.22487e-08 0.999979 1.08708
0.999979 -2.46586e-05 -0.00641023 -0.00746395 2.46577e-05 1 -2.07951e-07 -6.51418e-06 0.00641023 4.98847e-08 0.999979 1.10838
0.999979 -3.24393e-05 -0.00641023 -0.00753476 3.24386e-05 1 -2.07956e-07 1.85597e-06 0.00641023 1.29772e-11 0.999979 1.11937
0.999979 -8.36076e-05 -0.00641026 -0.00762394 8.3608e-05 1 -2.07957e-07 -7.60028e-06 0.00641026 -3.27996e-07 0.999979 1.13287
0.999979 -1.47001e-05 -0.00641022 -0.00777714 1.4699e-05 1 -2.0796e-07 6.99569e-07 0.00641022 1.13731e-07 0.999979 1.15732
0.999979 -2.94817e-05 -0.00641023 -0.00784722 2.94809e-05 1 -2.07949e-07 2.3923e-06 0.00641023 1.8965e-08 0.999979 1.16813
0.999979 -5.16695e-05 -0.00641024 -0.00793323 5.16693e-05 1 -2.07961e-07 -1.70971e-06 0.00641024 -1.23256e-07 0.999979 1.18137
0.999979 -3.61116e-05 -0.00641023 -0.00799634 3.6111e-05 1 -2.07949e-07 2.07881e-06 0.00641023 -2.35355e-08 0.999979 1.19134
0.999979 -2.90266e-05 -0.00641023 -0.00815594 2.90258e-05 1 -2.07949e-07 2.46636e-06 0.00641023 2.18828e-08 0.999979 1.2163
0.999979 -8.36076e-05 -0.00641026 -0.00831526 8.3608e-05 1 -2.07957e-07 -7.62271e-06 0.00641026 -3.27996e-07 0.999979 1.24071
0.999979 1.8657e-05 -0.0064102 -0.00843953 -1.86588e-05 1 -2.07956e-07 -1.48176e-06 0.0064102 3.27558e-07 0.999979 1.26092
0.999979 -6.65678e-05 -0.00641025 -0.00854481 6.65679e-05 1 -2.07941e-07 -4.48209e-06 0.00641025 -2.1878e-07 0.999979 1.27666
0.999979 -3.58573e-05 -0.00641023 -0.00863461 3.58567e-05 1 -2.07949e-07 2.04164e-06 0.00641023 -2.19048e-08 0.999979 1.29091
0.999979 -4.13541e-05 -0.00641023 -0.00868463 4.13536e-05 1 -2.07937e-07 1.71698e-07 0.00641023 -5.71532e-08 0.999979 1.29867
0.999979 -4.02201e-05 -0.00641023 -0.00877592 4.02196e-05 1 -2.0794e-07 3.78225e-07 0.00641023 -4.98815e-08 0.999979 1.31292
0.999979 -2.911e-05 -0.00641023 -0.00895795 2.91092e-05 1 -2.07949e-07 2.42494e-06 0.00641023 2.13483e-08 0.999979 1.34141
0.999979 -4.02024e-05 -0.00641023 -0.00903668 4.02019e-05 1 -2.07934e-07 -7.47624e-06 0.00641023 -4.9774e-08 0.999979 1.3536
0.999979 -5.19552e-05 -0.00641024 -0.009127 5.19549e-05 1 -2.07961e-07 -1.8012e-06 0.00641024 -1.25087e-07 0.999979 1.3676
0.999979 1.88176e-06 -0.00641021 -0.00922432 -1.88313e-06 1 -2.0794e-07 -4.21091e-07 0.00641021 2.20007e-07 0.999979 1.38321
0.999979 -8.34821e-05 -0.00641026 -0.00930855 8.34825e-05 1 -2.07957e-07 -7.63173e-06 0.00641026 -3.27191e-07 0.999979 1.39567
0.999979 -2.87951e-05 -0.00641023 -0.00934428 2.87943e-05 1 -2.07949e-07 2.47058e-06 0.00641023 2.33667e-08 0.999979 1.40168
0.999979 1.85739e-05 -0.0064102 -0.0094554 -1.85756e-05 1 -2.07955e-07 -1.50933e-06 0.0064102 3.27024e-07 0.999979 1.41939
0.999979 -3.24393e-05 -0.00641023 -0.00966147 3.24387e-05 1 -2.07945e-07 1.78702e-06 0.00641023 1.63492e-12 0.999979 1.45113
0.999979 -5.16579e-05 -0.00641024 -0.00983095 5.16576e-05 1 -2.07961e-07 -1.7691e-06 0.00641024 -1.23181e-07 0.999979 1.47741
0.999979 -1.47001e-05 -0.00641022 -0.00992932 1.4699e-05 1 -2.0796e-07 6.29755e-07 0.00641022 1.13731e-07 0.999979 1.49305
0.999979 -3.24393e-05 -0.00641023 -0.0099775 3.24387e-05 1 -2.07945e-07 1.77676e-06 0.00641023 1.63505e-12 0.999979 1.50043
0.999979 -8.25801e-05 -0.00641026 -0.0101211 8.25804e-05 1 -2.07957e-07 -7.49143e-06 0.00641026 -3.21409e-07 0.999979 1.52242
0.999979 -1.96154e-05 -0.00641022 -0.0103822 1.96145e-05 1 -2.07938e-07 -3.95152e-06 0.00641022 8.22009e-08 0.999979 1.56366
0.999979 -3.24393e-05 -0.00641023 -0.0105414 3.24386e-05 1 -2.07956e-07 1.75844e-06 0.00641023 1.29772e-11 0.999979 1.5884
0.999979 -3.24393e-05 -0.00641023 -0.0106771 3.24386e-05 1 -2.07957e-07 1.75403e-06 0.00641023 1.39759e-11 0.999979 1.60957
0.999979 -3.28725e-05 -0.00641023 -0.0107807 3.28718e-05 1 -2.07913e-07 -8.03113e-06 0.00641023 -2.80752e-09 0.999979 1.62573
0.999979 -8.36109e-05 -0.00641026 -0.0108771 8.36113e-05 1 -2.07957e-07 -7.70642e-06 0.00641026 -3.28017e-07 0.999979 1.64036
0.999979 -3.24394e-05 -0.00641023 -0.0110113 3.24387e-05 1 -2.07953e-07 1.7432e-06 0.00641023 9.49134e-12 0.999979 1.66171
0.999979 -4.1775e-05 -0.00641023 -0.0110876 4.17745e-05 1 -2.0794e-07 1.59683e-08 0.00641023 -5.98486e-08 0.999979 1.67352
0.999979 -2.33358e-05 -0.00641022 -0.0112148 2.33349e-05 1 -2.07957e-07 1.14719e-06 0.00641022 5.83703e-08 0.999979 1.69352
0.999979 -2.88983e-05 -0.00641023 -0.01135 2.88976e-05 1 -2.07949e-07 2.38645e-06 0.00641023 2.2705e-08 0.999979 1.71457
0.999979 -2.87682e-05 -0.00641023 -0.0114524 2.87674e-05 1 -2.07949e-07 2.40717e-06 0.00641023 2.35391e-08 0.999979 1.73054
0.999979 -6.65563e-05 -0.00641025 -0.0115704 6.65563e-05 1 -2.07944e-07 -4.57811e-06 0.00641025 -2.18703e-07 0.999979 1.74864
0.999979 -3.57665e-05 -0.00641023 -0.0117545 3.57659e-05 1 -2.0795e-07 1.93456e-06 0.00641023 -2.13226e-08 0.999979 1.77762
0.999979 1.53073e-05 -0.00641021 -0.0118153 -1.5309e-05 1 -2.0795e-07 -1.37441e-06 0.00641021 3.06079e-07 0.999979 1.7875
0.999979 1.85668e-05 -0.0064102 -0.0119283 -1.85685e-05 1 -2.07955e-07 -1.58908e-06 0.0064102 3.26979e-07 0.999979 1.80516
0.999979 -5.30465e-05 -0.00641024 -0.0119978 5.30462e-05 1 -2.07938e-07 -2.09599e-06 0.00641024 -1.32105e-07 0.999979 1.81544
0.999979 1.8234e-05 -0.0064102 -0.0120877 -1.82357e-05 1 -2.07955e-07 -1.57271e-06 0.0064102 3.24845e-07 0.999979 1.83003
0.999979 -1.30929e-05 -0.00641022 -0.0121997 1.30919e-05 1 -2.0796e-07 4.52052e-07 0.00641022 1.24034e-07 0.999979 1.84724
0.999979 -4.44844e-05 -0.00641024 -0.0123563 4.4484e-05 1 -2.07939e-07 -5.50884e-06 0.00641024 -7.72188e-08 0.999979 1.87142
0.999979 1.82309e-05 -0.0064102 -0.0124519 -1.82326e-05 1 -2.07955e-07 -1.58432e-06 0.0064102 3.24825e-07 0.999979 1.88684
0.999979 -1.84036e-05 -0.00641022 -0.0126018 1.84027e-05 1 -2.07939e-07 -4.04167e-06 0.00641022 8.99691e-08 0.999979 1.90993
0.999979 -4.42329e-05 -0.00641024 -0.0126625 4.42325e-05 1 -2.07961e-07 -4.89187e-07 0.00641024 -7.55841e-08 0.999979 1.91918
0.999979 -3.57665e-05 -0.00641023 -0.012845 3.57659e-05 1 -2.0795e-07 1.89918e-06 0.00641023 -2.13226e-08 0.999979 1.94773
0.999979 1.29304e-05 -0.00641021 -0.0129715 -1.2932e-05 1 -2.07946e-07 -1.25804e-06 0.00641021 2.90839e-07 0.999979 1.96786
0.999979 -6.65563e-05 -0.00641025 -0.0130444 6.65563e-05 1 -2.07944e-07 -4.62593e-06 0.00641025 -2.18703e-07 0.999979 1.97859
0.999979 1.8574e-05 -0.0064102 -0.013069 -1.85757e-05 1 -2.07955e-07 -1.62655e-06 0.0064102 3.27025e-07 0.999979 1.98311
0.999979 -3.57665e-05 -0.00641023 -0.0132212 3.57659e-05 1 -2.0795e-07 1.88698e-06 0.00641023 -2.13226e-08 0.999979 2.00642
0.999979 -2.97783e-05 -0.00641023 -0.0134645 2.97776e-05 1 -2.07954e-07 1.49135e-06 0.00641023 1.70681e-08 0.999979 2.04442
0.999979 -5.24213e-05 -0.00641024 -0.0135842 5.2421e-05 1 -2.07961e-07 -2.0319e-06 0.00641024 -1.28075e-07 0.999979 2.06291
0.999979 -6.53341e-05 -0.00641025 -0.0136566 6.53341e-05 1 -2.0796e-07 -4.41991e-06 0.00641025 -2.10852e-07 0.999979 2.0741
0.999979 -2.33358e-05 -0.00641022 -0.0137845 2.33349e-05 1 -2.07957e-07 1.06383e-06 0.00641022 5.83703e-08 0.999979 2.09439
0.999979 -8.36286e-05 -0.00641026 -0.0139303 8.3629e-05 1 -2.07957e-07 -7.80872e-06 0.00641026 -3.2813e-07 0.999979 2.11665
0.999979 -6.53341e-05 -0.00641025 -0.0140412 6.53341e-05 1 -2.0796e-07 -4.43238e-06 0.00641025 -2.10852e-07 0.999979 2.1341
0.999979 -8.35326e-05 -0.00641026 -0.0141594 8.3533e-05 1 -2.07957e-07 -7.79842e-06 0.00641026 -3.27515e-07 0.999979 2.15239
0.999979 -5.30465e-05 -0.00641024 -0.0142773 5.30462e-05 1 -2.07938e-07 -2.16993e-06 0.00641024 -1.32105e-07 0.999979 2.17103
0.999979 1.06527e-05 -0.00641021 -0.0143943 -1.06542e-05 1 -2.07947e-07 -1.15671e-06 0.00641021 2.76238e-07 0.999979 2.18979
0.999979 -3.61122e-05 -0.00641023 -0.0145285 3.61116e-05 1 -2.07942e-07 1.86696e-06 0.00641023 -2.35461e-08 0.999979 2.21036
0.999979 -8.36214e-05 -0.00641026 -0.0146862 8.36218e-05 1 -2.07957e-07 -7.83192e-06 0.00641026 -3.28084e-07 0.999979 2.23456
0.999979 1.8234e-05 -0.0064102 -0.014809 -1.82357e-05 1 -2.07955e-07 -1.66098e-06 0.0064102 3.24845e-07 0.999979 2.25454
0.999979 -1.84036e-05 -0.00641022 -0.0149418 1.84027e-05 1 -2.07939e-07 -4.11757e-06 0.00641022 8.99691e-08 0.999979 2.27496
0.999979 1.8574e-05 -0.0064102 -0.0150765 -1.85757e-05 1 -2.07955e-07 -1.69167e-06 0.0064102 3.27025e-07 0.999979 2.29627
0.999979 -8.36286e-05 -0.00641026 -0.0151746 8.3629e-05 1 -2.07957e-07 -7.84908e-06 0.00641026 -3.2813e-07 0.999979 2.31076
0.999979 2.42761e-06 -0.00641021 -0.0152227 -2.429e-06 1 -2.07941e-07 -6.51018e-07 0.00641021 2.23507e-07 0.999979 2.31896
0.999979 -4.1775e-05 -0.00641023 -0.0153351 4.17745e-05 1 -2.0794e-07 -1.21815e-07 0.00641023 -5.98486e-08 0.999979 2.33613
0.999979 1.8574e-05 -0.0064102 -0.0155643 -1.85757e-05 1 -2.07955e-07 -1.70749e-06 0.0064102 3.27025e-07 0.999979 2.37237
0.999979 -3.24394e-05 -0.00641023 -0.0157026 3.24387e-05 1 -2.07953e-07 1.59102e-06 0.00641023 9.49137e-12 0.999979 2.39354
0.999979 -7.51231e-05 -0.00641025 -0.0158055 7.51233e-05 1 -2.07943e-07 -6.29823e-06 0.00641025 -2.7362e-07 0.999979 2.40925
0.999979 -2.8767e-05 -0.00641023 -0.015849 2.87662e-05 1 -2.07948e-07 2.26477e-06 0.00641023 2.35453e-08 0.999979 2.41641
0.999979 -8.36214e-05 -0.00641026 -0.0161183 8.36218e-05 1 -2.07957e-07 -7.87837e-06 0.00641026 -3.28084e-07 0.999979 2.45798
0.999979 -8.35471e-05 -0.00641026 -0.016271 8.35475e-05 1 -2.07957e-07 -7.8696e-06 0.00641026 -3.27608e-07 0.999979 2.48179
0.999979 -8.35326e-05 -0.00641026 -0.0164399 8.3533e-05 1 -2.07957e-07 -7.87239e-06 0.00641026 -3.27515e-07 0.999979 2.50814
0.999979 -3.24393e-05 -0.00641023 -0.0166316 3.24387e-05 1 -2.07944e-07 1.56092e-06 0.00641023 1.24216e-13 0.999979 2.53845
0.999979 1.82309e-05 -0.0064102 -0.0166922 -1.82326e-05 1 -2.07955e-07 -1.72187e-06 0.0064102 3.24825e-07 0.999979 2.54831
0.999979 -4.1775e-05 -0.00641023 -0.0167546 4.17745e-05 1 -2.0794e-07 -1.67861e-07 0.00641023 -5.98486e-08 0.999979 2.55757
0.999979 -4.42329e-05 -0.00641024 -0.0169161 4.42325e-05 1 -2.07961e-07 -6.27169e-07 0.00641024 -7.55841e-08 0.999979 2.58275
0.999979 -8.36286e-05 -0.00641026 -0.0170619 8.3629e-05 1 -2.07957e-07 -7.9103e-06 0.00641026 -3.2813e-07 0.999979 2.60517
0.999979 -6.53341e-05 -0.00641025 -0.0171792 6.53341e-05 1 -2.0796e-07 -4.53417e-06 0.00641025 -2.10852e-07 0.999979 2.62362
0.999979 -8.35362e-05 -0.00641026 -0.0172596 8.35366e-05 1 -2.07957e-07 -7.89966e-06 0.00641026 -3.27538e-07 0.999979 2.63602
0.999979 -3.61119e-05 -0.00641023 -0.0173841 3.61113e-05 1 -2.07942e-07 1.77432e-06 0.00641023 -2.35439e-08 0.999979 2.65581
0.999977 -2.64125e-05 -0.00680918 -0.0175672 2.64116e-05 1 -2.20752e-07 1.14034e-06 0.00680918 4.09052e-08 0.999977 2.67471
0.99997 -3.24393e-05 -0.00772078 -0.0177729 3.24383e-05 1 -2.50015e-07 1.52395e-06 0.00772078 -4.41796e-10 0.99997 2.68442
0.999963 -2.09896e-05 -0.0085789 -0.0179561 2.07915e-05 1 -2.31709e-05 -9.04604e-06 0.0085789 2.29917e-05 0.999963 2.69188
0.999947 -3.24392e-05 -0.0103117 -0.0183252 3.24375e-05 1 -3.34856e-07 1.50595e-06 0.0103117 3.52804e-10 0.999947 2.70585
0.999918 -5.2081e-05 -0.0127961 -0.0188759 5.20799e-05 1 -4.15818e-07 -2.141e-06 0.0127961 -2.50637e-07 0.999918 2.72684
0.999838 -3.24392e-05 -0.018007 -0.0201122 3.2434e-05 1 -5.84e-07 1.44801e-06 0.018007 -1.33475e-10 0.999838 2.76817
0.999793 -4.70521e-05 -0.0203641 -0.0207257 4.68873e-05 1 -8.56884e-06 -1.24242e-06 0.0203641 7.61225e-06 0.999793 2.78638
0.999746 -2.29729e-05 -0.0225541 -0.0213157 2.29623e-05 1 -7.31426e-07 -6.65166e-06 0.0225541 2.13347e-07 0.999746 2.80212
0.999704 -7.04731e-05 -0.0243377 -0.0218659 7.0534e-05 1 1.64315e-06 -5.22179e-06 0.0243377 -3.3593e-06 0.999704 2.81857
0.999684 -3.54945e-05 -0.0251342 -0.0223447 3.54852e-05 1 -8.15313e-07 1.57347e-06 0.0251342 -7.68374e-08 0.999684 2.83701
0.999682 -3.24391e-05 -0.0252288 -0.0224538 3.24287e-05 1 -8.18539e-07 1.37179e-06 0.0252288 1.41435e-10 0.999682 2.84148
0.999676 -5.16948e-05 -0.025438 -0.0228235 5.16905e-05 1 -8.25261e-07 -2.19847e-06 0.025438 -4.8991e-07 0.999676 2.85676
0.999672 -3.24394e-05 -0.025617 -0.0235097 3.24287e-05 1 -8.31002e-07 1.33779e-06 0.025617 2.15986e-12 0.999672 2.88559
0.999671 -3.24393e-05 -0.0256439 -0.0239839 3.24286e-05 1 -8.31881e-07 1.32239e-06 0.0256439 1.14523e-11 0.999671 2.90484
0.999677 -8.34663e-05 -0.0254273 -0.0244437 8.34723e-05 1 -8.24527e-07 -8.12259e-06 0.0254273 -1.29821e-06 0.999677 2.92475
0.999729 -3.24389e-05 -0.0232874 -0.0246117 3.24301e-05 1 -7.55395e-07 1.30204e-06 0.0232874 -2.20263e-11 0.999729 2.94498
0.999783 -1.32995e-05 -0.0208323 -0.0247421 1.32883e-05 1 -6.76164e-07 5.82737e-08 0.0208323 3.99191e-07 0.999783 2.96581
0.999814 -3.24394e-05 -0.0192691 -0.0249164 3.24334e-05 1 -6.24755e-07 1.29219e-06 0.0192691 -3.23501e-10 0.999814 2.98291
0.999856 -3.18904e-05 -0.0169729 -0.0249132 3.24342e-05 1 3.17636e-05 1.29233e-06 0.0169729 -3.23095e-05 0.999856 2.99931
0.999894 -6.65569e-06 -0.0145365 -0.0249065 6.49831e-06 1 -1.08742e-05 -6.84618e-06 0.0145365 1.07785e-05 0.999894 3.01774
0.999916 -3.24392e-05 -0.0129711 -0.0249532 3.24365e-05 1 -4.20691e-07 1.29098e-06 0.0129711 -8.18899e-11 0.999916 3.03248
0.999933 -3.24445e-05 -0.0115818 -0.0249033 3.24372e-05 1 -8.10868e-07 1.29264e-06 0.0115818 4.35132e-07 0.999933 3.04242
0.999961 1.10125e-05 -0.00878369 -0.0247588 -1.10154e-05 1 -2.85628e-07 -1.51628e-06 0.00878369 3.82373e-07 0.999961 3.06215
0.999975 -5.34371e-05 -0.00700925 -0.0247058 5.32625e-05 1 -2.51008e-05 -4.81469e-06 0.00700925 2.47269e-05 0.999975 3.07781
0.999991 -2.91897e-05 -0.00434034 -0.0244934 2.91739e-05 1 -3.70167e-06 2.62108e-08 0.00434034 3.57501e-06 0.999991 3.09698
0.999998 -3.24392e-05 -0.00179556 -0.024268 3.24391e-05 1 -5.81605e-08 1.31323e-06 0.00179556 -8.60082e-11 0.999998 3.11653
1 -5.995e-05 -0.000767433 -0.0242185 5.995e-05 1 -2.43667e-08 -3.7676e-06 0.000767433 -2.1641e-08 1 3.13018
1 -8.48699e-05 -0.000308298 -0.0242326 8.48699e-05 1 -9.9208e-09 -8.37201e-06 0.000308298 -1.62445e-08 1 3.14885
1 -3.24392e-05 -0.00011715 -0.0242602 3.24392e-05 1 -3.81968e-09 1.31343e-06 0.00011715 1.94103e-11 1 3.16881
1 -3.24393e-05 -9.08061e-05 -0.0242679 3.24393e-05 1 -3.078e-09 1.31316e-06 9.08061e-05 1.3231e-10 1 3.17325
1 -2.62037e-05 -2.23887e-05 -0.0243028 2.62038e-05 1 5.18469e-06 2.46344e-06 2.23886e-05 -5.18527e-06 1 3.20565
1 -2.61974e-05 -1.07047e-05 -0.0243164 2.61974e-05 1 5.18885e-06 2.46196e-06 1.07045e-05 -5.18913e-06 1 3.22232
1 -3.86891e-05 -5.49004e-06 -0.0243276 3.86891e-05 1 -5.19413e-06 -9.64789e-06 5.49024e-06 5.19392e-06 1 3.24128
1 -3.87018e-05 -3.34747e-06 -0.0243366 3.87018e-05 1 -5.2017e-06 -9.64612e-06 3.34767e-06 5.20157e-06 1 3.27583
1 -3.24397e-05 -1.14399e-05 -0.0243392 3.24393e-05 1 -3.18738e-05 -8.4989e-06 1.14409e-05 3.18734e-05 1 3.30225
1 -3.24399e-05 -2.46324e-05 -0.0243389 3.24391e-05 1 -3.18573e-05 -8.49616e-06 2.46335e-05 3.18565e-05 1 3.31797
1 -3.24393e-05 -3.17178e-05 -0.0243381 3.24393e-05 1 -1.05192e-09 1.31089e-06 3.17178e-05 2.30129e-11 1 3.33324
1 -3.24391e-05 -3.40432e-05 -0.0243376 3.24391e-05 1 -1.25055e-09 1.31091e-06 3.40432e-05 1.46215e-10 1 3.35534
1 -5.15684e-05 -3.45522e-05 -0.0243386 5.15684e-05 1 -1.13793e-09 -2.22311e-06 3.45522e-05 -6.43873e-10 1 3.36698
1 -1.99912e-05 -3.47083e-05 -0.0243369 1.99912e-05 1 -1.0308e-09 -4.4338e-06 3.47083e-05 3.36943e-10 1 3.37211
1 -4.64622e-06 -3.49643e-05 -0.0243362 4.64658e-06 1 1.03238e-05 -4.85074e-07 3.49643e-05 -1.0324e-05 1 3.38772
1 -6.02554e-05 -3.51276e-05 -0.0243397 6.02551e-05 1 -1.03547e-05 -6.70927e-06 3.51282e-05 1.03525e-05 1 3.41874
1 -4.6103e-06 -3.51221e-05 -0.0243371 4.61066e-06 1 1.03684e-05 -4.75405e-07 3.51221e-05 -1.03686e-05 1 3.43151
1 -6.02813e-05 -3.51592e-05 -0.0243405 6.02809e-05 1 -1.03868e-05 -6.71629e-06 3.51598e-05 1.03847e-05 1 3.4481
1 -4.58645e-06 -3.51351e-05 -0.0243381 4.58682e-06 1 1.0398e-05 -4.68993e-07 3.51351e-05 -1.03982e-05 1 3.46354
1 -6.03091e-05 -3.5165e-05 -0.0242579 6.03087e-05 1 -1.04213e-05 -6.72111e-06 3.51657e-05 1.04191e-05 1 3.48094
1 -4.06566e-05 -3.51554e-05 -0.0234938 4.06558e-05 1 -2.49295e-05 -5.60814e-06 3.51564e-05 2.4928e-05 1 3.5035
1 -3.24393e-05 -3.51547e-05 -0.0230395 3.24393e-05 1 -1.15024e-09 1.35303e-06 3.51547e-05 9.85185e-12 1 3.51427
1 -4.64387e-06 -3.5142e-05 -0.022838 4.64424e-06 1 1.03062e-05 -4.40122e-07 3.51419e-05 -1.03064e-05 1 3.51902
1 -6.71246e-05 -3.51751e-05 -0.0222919 6.71246e-05 1 -1.13803e-09 -5.03075e-06 3.51751e-05 -1.22309e-09 1 3.53098
1 -2.33048e-05 -3.51553e-05 -0.020751 2.33048e-05 1 -1.13709e-09 8.35852e-07 3.51553e-05 3.17799e-10 1 3.55985
1 -4.50129e-05 -3.51649e-05 -0.020095 4.50129e-05 1 -1.16545e-09 -2.62631e-06 3.51649e-05 -4.17429e-10 1 3.57165
1 -2.87886e-05 -3.51565e-05 -0.0197239 2.87886e-05 1 -1.14627e-09 2.13507e-06 3.51565e-05 1.34164e-10 1 3.57786
1 -3.24393e-05 -3.51605e-05 -0.0180219 3.24393e-05 1 -1.09994e-09 1.5158e-06 3.51605e-05 -4.06399e-11 1 3.6051
1 -3.22544e-05 -3.51914e-05 -0.0174784 3.22535e-05 1 -2.57174e-05 -6.14708e-06 3.51923e-05 2.57163e-05 1 3.61371
1 -2.48017e-05 -0.000170901 -0.0171679 2.47998e-05 1 -1.11726e-05 -3.95202e-07 0.000170901 1.11684e-05 1 3.61937
0.999722 -3.52824e-05 -0.0235807 -0.0254031 3.57288e-05 1 1.85059e-05 -3.3605e-06 0.0235807 -1.93433e-05 0.999722 3.62686
0.997546 -3.24413e-05 -0.0700123 -0.0443904 3.23617e-05 1 -2.27103e-06 6.60148e-07 0.0700123 -2.64255e-10 0.997546 3.63836
0.995022 -3.84343e-05 -0.0996553 -0.0599276 3.91196e-05 1 4.92289e-06 5.98778e-07 0.0996553 -8.79686e-06 0.995022 3.64764
0.991088 -3.24426e-05 -0.133211 -0.0776479 3.21531e-05 1 -4.32435e-06 -4.19043e-07 0.133211 2.66457e-09 0.991088 3.65453
0.988158 -2.63604e-05 -0.153437 -0.0896116 2.21103e-05 1 -2.94054e-05 -6.29805e-06 0.153437 2.56646e-05 0.988158 3.65907
0.983539 -3.24364e-05 -0.180695 -0.107388 3.19024e-05 1 -5.8617e-06 -1.383e-06 0.180695 5.94714e-10 0.983539 3.6658
0.974629 -3.24405e-05 -0.223825 -0.130768 3.16164e-05 1 -7.26542e-06 -2.14229e-06 0.223825 4.54574e-09 0.974629 3.6714
0.969407 -1.04302e-05 -0.24546 -0.143765 2.75544e-06 1 -3.16101e-05 -1.15153e-05 0.24546 2.99667e-05 0.969407 3.67453
0.96047 -8.56029e-06 -0.278384 -0.164766 4.85926e-06 1 -1.39847e-05 -6.43391e-06 0.278384 1.20791e-05 0.96047 3.67967
0.953638 -3.24413e-05 -0.300957 -0.176916 3.0935e-05 1 -9.77065e-06 -3.63967e-06 0.300957 7.55028e-09 0.953638 3.68168
0.947599 -7.99237e-05 -0.319462 -0.186795 8.08399e-05 1 -1.0392e-05 -1.05287e-05 0.319462 -1.59778e-05 0.947599 3.68311
0.94075 -3.24376e-05 -0.339101 -0.198783 3.05157e-05 1 -1.09996e-05 -4.34779e-06 0.339101 -4.38012e-11 0.94075 3.68526
0.928018 -3.24379e-05 -0.372536 -0.220325 3.01044e-05 1 -1.20808e-05 -5.04619e-06 0.372536 -3.73127e-09 0.928018 3.68929
0.903032 -3.2438e-05 -0.429572 -0.254281 2.92937e-05 1 -1.39322e-05 -6.14786e-06 0.429572 -2.5161e-09 0.903032 3.69384
0.89735 -4.96933e-05 -0.44132 -0.263307 3.98684e-05 1 -3.1536e-05 -1.35948e-05 0.44132 1.07041e-05 0.89735 3.69561
0.871819 -1.93131e-05 -0.489828 -0.29122 2.83059e-05 1 1.09518e-05 -7.34787e-06 0.489828 -2.3413e-05 0.871819 3.69827
0.852997 -3.24384e-05 -0.521917 -0.31316 2.76705e-05 1 -1.69289e-05 -8.05802e-06 0.521917 -1.39239e-09 0.852997 3.70112
0.832193 -3.42337e-05 -0.554486 -0.334707 4.47236e-05 1 5.38335e-06 -7.60635e-06 0.554486 -2.92786e-05 0.832193 3.70332
0.810424 -3.31408e-05 -0.585844 -0.35399 4.42354e-05 1 4.62352e-06 -8.21832e-06 0.585844 -2.96621e-05 0.810424 3.70425
0.798158 -3.24393e-05 -0.602448 -0.367899 2.58917e-05 1 -1.9543e-05 -9.83399e-06 0.602448 9.82008e-12 0.798158 3.70613
0.784866 -3.24392e-05 -0.619666 -0.381394 2.54615e-05 1 -2.01001e-05 -1.02716e-05 0.619666 -1.74006e-09 0.784866 3.70695
0.760225 -3.02797e-05 -0.64966 -0.401989 1.59165e-05 1 -2.79833e-05 -1.13971e-05 0.64966 1.09333e-05 0.760225 3.70591
0.747165 -3.24404e-05 -0.664639 -0.415003 2.4239e-05 1 -2.15604e-05 -1.13621e-05 0.664639 -9.85309e-10 0.747165 3.70584
0.736084 -3.24408e-05 -0.67689 -0.426713 2.388e-05 1 -2.19579e-05 -1.1742e-05 0.67689 -1.24083e-09 0.736084 3.70601
0.713278 -9.83891e-06 -0.700881 -0.443474 -1.7288e-05 1 -3.16316e-05 -1.75725e-05 0.700881 3.4679e-05 0.713278 3.70443
0.694047 -3.24376e-05 -0.719929 -0.457947 2.25119e-05 1 -2.33541e-05 -1.27549e-05 0.719929 1.84649e-09 0.694047 3.70317
0.681748 -5.89987e-05 -0.731587 -0.469642 6.107e-05 1 -2.37352e-05 -2.03317e-05 0.731587 -2.84966e-05 0.681748 3.70288
0.675423 -2.13429e-05 -0.737431 -0.474519 3.08719e-05 1 -6.66315e-07 -1.27149e-05 0.737431 -2.23158e-05 0.675423 3.70226
0.654099 -4.27477e-05 -0.756409 -0.489509 1.25422e-05 1 -4.56682e-05 -1.85181e-05 0.756409 2.03845e-05 0.654099 3.69946
0.621463 -3.24416e-05 -0.783443 -0.516114 2.01616e-05 1 -2.54159e-05 -1.46423e-05 0.783443 -4.50948e-10 0.621463 3.69532
0.599686 -5.1226e-05 -0.800235 -0.529498 5.07475e-05 1 -2.59841e-05 -2.08612e-05 0.800235 -2.50276e-05 0.599686 3.69223
0.579374 -1.57075e-05 -0.815062 -0.543324 1.96932e-05 1 -5.27291e-06 -1.91502e-05 0.815062 -1.29962e-05 0.579374 3.68952
0.567138 -2.11988e-05 -0.823623 -0.551824 2.67689e-05 1 -7.30563e-06 -1.5258e-05 0.823623 -1.79042e-05 0.567138 3.68807
0.54164 -1.3087e-05 -0.840611 -0.563881 1.35744e-05 1 -6.82197e-06 -1.64504e-05 0.840611 -7.71571e-06 0.54164 3.68473
0.516399 -3.24384e-05 -0.856348 -0.5759 1.67523e-05 1 -2.77778e-05 -1.65812e-05 0.856348 -1.39746e-09 0.516399 3.6816
0.495625 -3.2441e-05 -0.868537 -0.588378 1.60795e-05 1 -2.81757e-05 -1.69864e-05 0.868537 -1.11076e-09 0.495625 3.67841
0.475862 -3.24386e-05 -0.87952 -0.600138 1.54352e-05 1 -2.8531e-05 -1.73675e-05 0.87952 1.27006e-09 0.475862 3.67363
0.465063 -4.96506e-05 -0.885278 -0.608447 5.39199e-05 1 -2.7759e-05 -2.46427e-05 0.885278 -3.48244e-05 0.465063 3.67062
0.451261 -4.70131e-05 -0.892392 -0.616492 4.50992e-05 1 -2.98765e-05 -2.35261e-05 0.892392 -2.67641e-05 0.451261 3.66755
0.41655 -4.89631e-05 -0.909113 -0.627685 1.13767e-06 1 -5.33368e-05 -2.31378e-05 0.909113 2.11832e-05 0.41655 3.66178
0.395488 -3.2441e-05 -0.918471 -0.635711 1.28295e-05 1 -2.97964e-05 -1.85218e-05 0.918471 5.67881e-10 0.395488 3.65861
0.380867 -2.81965e-05 -0.92463 -0.642218 8.45425e-06 1 -2.70125e-05 -1.80907e-05 0.92463 2.47111e-06 0.380867 3.65655
0.364772 -3.2439e-05 -0.931097 -0.647538 1.18322e-05 1 -3.0204e-05 -1.89052e-05 0.931097 6.15362e-10 0.364772 3.65409
0.33575 -2.33291e-05 -0.941951 -0.657267 2.44255e-06 1 -2.38961e-05 -1.777e-05 0.941951 5.72237e-06 0.33575 3.64966
0.323046 -4.55179e-05 -0.946383 -0.662935 -1.10251e-05 1 -5.18601e-05 -2.17778e-05 0.946383 2.71872e-05 0.323046 3.64784
0.30125 -5.0344e-05 -0.953545 -0.670439 2.27184e-06 1 -5.20789e-05 -2.46061e-05 0.953545 1.35225e-05 0.30125 3.64411
0.277781 -3.24414e-05 -0.960644 -0.678334 9.01091e-06 1 -3.11649e-05 -1.99045e-05 0.960644 7.46471e-10 0.277781 3.6398
0.266689 -1.7987e-05 -0.963783 -0.68396 2.84721e-05 1 -1.07843e-05 -1.88034e-05 0.963783 -2.45648e-05 0.266689 3.63775
0.259768 -3.24401e-05 -0.965671 -0.687939 8.42685e-06 1 -3.13265e-05 -2.0216e-05 0.965671 5.77339e-11 0.259768 3.63602
0.248351 -3.24415e-05 -0.96867 -0.693966 8.05693e-06 1 -3.14251e-05 -2.04117e-05 0.96867 -5.20063e-11 0.248351 3.63249
0.236842 -3.24387e-05 -0.971548 -0.700991 7.68287e-06 1 -3.15158e-05 -2.06392e-05 0.971548 -3.01861e-11 0.236842 3.62838
0.231305 -3.24377e-05 -0.972881 -0.705036 7.50332e-06 1 -3.1558e-05 -2.07702e-05 0.972881 -3.06767e-10 0.231305 3.62615
0.214289 -5.46386e-05 -0.97677 -0.71471 -2.93289e-06 1 -5.65814e-05 -2.67271e-05 0.97677 1.49895e-05 0.214289 3.61963
0.202136 -3.24389e-05 -0.979358 -0.72308 6.55668e-06 1 -3.17694e-05 -2.13557e-05 0.979358 3.98035e-10 0.202136 3.61431
0.188597 -6.25388e-05 -0.982055 -0.728446 1.59287e-05 1 -6.06227e-05 -3.07042e-05 0.982055 -4.20955e-06 0.188597 3.60994
0.174415 -2.92929e-05 -0.984672 -0.732827 -3.19286e-05 1 -3.54044e-05 -2.51463e-05 0.984672 3.76142e-05 0.174415 3.60583
0.161853 -3.24381e-05 -0.986815 -0.737703 5.25055e-06 1 -3.20103e-05 -2.183e-05 0.986815 -3.62652e-10 0.161853 3.60185
0.14862 -4.3483e-05 -0.988894 -0.742368 1.78156e-05 1 -4.12939e-05 -2.43824e-05 0.988894 -1.14806e-05 0.14862 3.59779
0.130441 -3.1713e-05 -0.991456 -0.747008 -3.3592e-05 1 -3.64058e-05 -2.58545e-05 0.991456 3.80538e-05 0.130441 3.59276
0.114692 -3.24406e-05 -0.993401 -0.752401 3.72093e-06 1 -3.22265e-05 -2.23071e-05 0.993401 -2.65274e-10 0.114692 3.58786
0.103416 -3.38743e-05 -0.994638 -0.75629 1.72015e-05 1 -3.22684e-05 -2.49917e-05 0.994638 -1.37722e-05 0.103416 3.58423
0.086303 -3.24402e-05 -0.996269 -0.762373 2.79918e-06 1 -3.23192e-05 -2.26305e-05 0.996269 5.03018e-10 0.086303 3.5785
0.0787042 -2.93269e-05 -0.996898 -0.765654 -3.69194e-05 1 -3.23329e-05 -2.52534e-05 0.996898 3.93496e-05 0.0787042 3.57584
