1 0 -1.0842e-19 -6.93889e-18 0 1 1.44113e-29 0 1.0842e-19 1.52264e-29 1 -2.77556e-17
1 5.96918e-19 -1.0842e-19 -6.93889e-18 -5.96918e-19 1 -4.99638e-18 -7.13638e-19 1.0842e-19 4.99638e-18 1 -2.77556e-17
1 -1.28304e-17 -1.0842e-19 -6.93889e-18 1.28304e-17 1 -1.75529e-18 -1.03312e-18 1.0842e-19 1.75529e-18 1 -2.77556e-17
1 1.51699e-18 -1.0842e-19 -6.93889e-18 -1.51699e-18 1 -2.53252e-18 -2.88851e-19 1.0842e-19 2.53252e-18 1 -2.77556e-17
1 2.0551e-18 -1.0842e-19 -6.93889e-18 -2.0551e-18 1 -1.08628e-17 -1.5061e-18 1.0842e-19 1.08628e-17 1 -2.77556e-17
1 2.49068e-18 -1.0842e-19 -6.93889e-18 -2.49068e-18 1 -5.74694e-20 1.40819e-19 1.0842e-19 5.74694e-20 1 -2.77556e-17
1 3.13363e-18 -1.0842e-19 -6.93889e-18 -3.13363e-18 1 -5.00227e-18 -5.62324e-19 1.0842e-19 5.00227e-18 1 -2.77556e-17
1 3.30727e-18 -1.0842e-19 -6.93889e-18 -3.30727e-18 1 2.34362e-18 5.49989e-19 1.0842e-19 -2.34362e-18 1 -2.77556e-17
1 -2.40006e-17 -1.0842e-19 -6.93889e-18 2.40006e-17 1 -2.59487e-18 -1.82926e-18 1.0842e-19 2.59487e-18 1 -2.77556e-17
1 4.19324e-18 -1.0842e-19 -6.93889e-18 -4.19324e-18 1 -7.05604e-18 -8.06812e-19 1.0842e-19 7.05604e-18 1 -2.77556e-17
1 -9.47958e-18 -1.0842e-19 -6.93889e-18 9.47958e-18 1 3.95809e-18 2.49478e-20 1.0842e-19 -3.95809e-18 1 -2.77556e-17
1 -9.02065e-18 -1.0842e-19 -6.93889e-18 9.02065e-18 1 -1.13469e-18 -7.11442e-19 1.0842e-19 1.13469e-18 1 -2.77556e-17
1 -8.78907e-18 -1.0842e-19 -6.93889e-18 8.78907e-18 1 -9.59939e-18 -1.96725e-18 1.0842e-19 9.59939e-18 1 -2.77556e-17
1 5.27846e-18 -1.0842e-19 -6.93889e-18 -5.27846e-18 1 -2.51159e-18 -6.99893e-18 1.0842e-19 2.51159e-18 1 -2.77556e-17
1 5.63771e-18 -1.0842e-19 -6.93889e-18 -5.63771e-18 1 -3.65056e-18 -7.14822e-18 1.0842e-19 3.65056e-18 1 -2.77556e-17
1 -8.08843e-18 -1.0842e-19 -6.93889e-18 8.08843e-18 1 -4.55379e-18 -1.16838e-18 1.0842e-19 4.55379e-18 1 -2.77556e-17
1 -2.17188e-17 -1.0842e-19 -6.93889e-18 2.17188e-17 1 -5.45481e-18 -2.12135e-18 1.0842e-19 5.45481e-18 1 -2.77556e-17
1 -7.69351e-18 -1.0842e-19 -6.93889e-18 7.69351e-18 1 1.57019e-18 -2.26078e-19 1.0842e-19 -1.57019e-18 1 -2.77556e-17
1 -2.14118e-17 -1.0842e-19 -6.93889e-18 2.14118e-17 1 -3.26437e-18 -1.77436e-18 1.0842e-19 3.26437e-18 1 -2.77556e-17
1 -7.30206e-18 -1.0842e-19 -6.93889e-18 7.30206e-18 1 -4.16936e-18 -1.06353e-18 1.0842e-19 4.16936e-18 1 -2.77556e-17
1 6.75779e-18 -1.0842e-19 -6.93889e-18 -6.75779e-18 1 -1.14076e-18 -6.70453e-18 1.0842e-19 1.14076e-18 1 -2.77556e-17
1 -2.07688e-17 -1.0842e-19 0 2.07688e-17 1 1.65788e-18 1.18518e-15 1.0842e-19 -1.65788e-18 1 0.000174472
1 -2.03918e-17 -1.0842e-19 0 2.03918e-17 1 1.19711e-18 2.40783e-14 1.0842e-19 -1.19711e-18 1 0.00352217
1 -6.07484e-18 -1.0842e-19 -6.93889e-18 6.07484e-18 1 6.03851e-19 1.04107e-13 1.0842e-19 -6.03851e-19 1 0.0152238
1 -5.7552e-18 -1.0842e-19 0 5.7552e-18 1 2.12651e-19 1.81688e-13 1.0842e-19 -2.12651e-19 1 0.0265686
1 8.32468e-18 -1.0842e-19 0 -8.32468e-18 1 -1.53909e-19 3.26046e-13 1.0842e-19 1.53909e-19 1 0.0476792
1 8.90661e-18 -1.0842e-19 6.93889e-18 -8.90661e-18 1 -4.90575e-18 5.78547e-13 1.0842e-19 4.90575e-18 1 0.084603
1 -4.51646e-18 -1.0842e-19 0 4.51646e-18 1 -5.4053e-18 7.75093e-13 1.0842e-19 5.4053e-18 1 0.113343
1 -4.14128e-18 -1.0842e-19 6.93889e-18 4.14128e-18 1 -6.08887e-18 1.05623e-12 1.0842e-19 6.08887e-18 1 0.154454
1 -3.97856e-18 -1.0842e-19 1.38778e-17 3.97856e-18 1 -6.4127e-18 1.20287e-12 1.0842e-19 6.4127e-18 1 0.175899
1 1.01353e-17 -1.0842e-19 2.08167e-17 -1.01353e-17 1 -3.12388e-18 1.40314e-12 1.0842e-19 3.12388e-18 1 0.205184
1 -1.75404e-17 -1.0842e-19 2.08167e-17 1.75404e-17 1 3.91575e-18 1.65936e-12 1.0842e-19 -3.91575e-18 1 0.242651
1 -3.63267e-18 -1.0842e-19 2.77556e-17 3.63267e-18 1 -4.38967e-18 1.94672e-12 1.0842e-19 4.38967e-18 1 0.284672
1 -1.75118e-17 -1.0842e-19 2.77556e-17 1.75118e-17 1 2.96019e-18 2.13179e-12 1.0842e-19 -2.96019e-18 1 0.311736
1 -1.73702e-17 -1.0842e-19 4.16334e-17 1.73702e-17 1 2.27e-18 2.45196e-12 1.0842e-19 -2.27e-18 1 0.358554
1 -3.28624e-18 -1.0842e-19 4.85723e-17 3.28624e-18 1 -6.01531e-18 2.74777e-12 1.0842e-19 6.01531e-18 1 0.401811
1 1.07438e-17 -1.0842e-19 5.55112e-17 -1.07438e-17 1 -2.35853e-18 2.96389e-12 1.0842e-19 2.35853e-18 1 0.433415
1 -1.67988e-17 -1.0842e-19 5.55112e-17 1.67988e-17 1 -6.46167e-18 3.15353e-12 1.0842e-19 6.46167e-18 1 0.461145
1 -2.32235e-18 -1.0842e-19 6.93889e-17 2.32235e-18 1 -6.95474e-18 3.56104e-12 1.0842e-19 6.95474e-18 1 0.520737
1 -2.15993e-18 -1.0842e-19 6.93889e-17 2.15993e-18 1 5.84094e-19 3.66991e-12 1.0842e-19 -5.84094e-19 1 0.536657
1 -1.74979e-18 -1.0842e-19 8.32667e-17 1.74979e-18 1 -3.77731e-18 4.02417e-12 1.0842e-19 3.77731e-18 1 0.588461
1 -1.56416e-18 -1.0842e-19 9.02056e-17 1.56416e-18 1 -1.09246e-19 4.16056e-12 1.0842e-19 1.09246e-19 1 0.608406
1 -1.18876e-18 -1.0842e-19 9.71445e-17 1.18876e-18 1 -6.31287e-19 4.48811e-12 1.0842e-19 6.31287e-19 1 0.656303
1 -8.78577e-19 -1.0842e-19 9.71445e-17 8.78577e-19 1 2.80047e-18 4.78856e-12 1.0842e-19 -2.80047e-18 1 0.700239
1 -5.6588e-19 -1.0842e-19 1.04083e-16 5.6588e-19 1 -5.14604e-18 5.00716e-12 1.0842e-19 5.14604e-18 1 0.732205
1 -1.42151e-17 -1.0842e-19 1.11022e-16 1.42151e-17 1 2.29569e-18 5.19829e-12 1.0842e-19 -2.29569e-18 1 0.760154
1 -1.37898e-17 -1.0842e-19 1.17961e-16 1.37898e-17 1 1.8342e-18 5.46396e-12 1.0842e-19 -1.8342e-18 1 0.799004
1 6.13364e-19 -1.0842e-19 1.31839e-16 -6.13364e-19 1 9.03557e-18 5.65554e-12 1.0842e-19 -9.03557e-18 1 0.827019
1 -1.27078e-17 -1.0842e-19 1.38778e-16 1.27078e-17 1 8.53976e-18 5.79583e-12 1.0842e-19 -8.53976e-18 1 0.847534
1 -1.26915e-17 -1.0842e-19 1.38778e-16 1.26915e-17 1 -1.09419e-17 5.82928e-12 1.0842e-19 1.09419e-17 1 0.852425
1 1.18889e-18 -1.0842e-19 1.45717e-16 -1.18889e-18 1 -7.52736e-18 5.87262e-12 1.0842e-19 7.52736e-18 1 0.858763
1 1.24232e-18 -1.0842e-19 1.38778e-16 -1.24232e-18 1 -4.23009e-18 5.91644e-12 1.0842e-19 4.23009e-18 1 0.865171
1 -1.26903e-17 -1.0842e-19 1.52656e-16 1.26903e-17 1 -8.40702e-19 5.93975e-12 1.0842e-19 8.40702e-19 1 0.86858
1 -1.25487e-17 -1.0842e-19 1.52656e-16 1.25487e-17 1 -5.55869e-18 5.96676e-12 1.0842e-19 5.55869e-18 1 0.87253
1 1.51519e-18 -1.0842e-19 1.52656e-16 -1.51519e-18 1 5.6803e-18 5.97585e-12 1.0842e-19 -5.6803e-18 1 0.873859
1 -1.23724e-17 -1.0842e-19 1.52656e-16 1.23724e-17 1 -1.01511e-17 5.98444e-12 1.0842e-19 1.01511e-17 1 0.875114
1 1.52522e-18 -1.0842e-19 1.59595e-16 -1.52522e-18 1 -1.10611e-17 5.99737e-12 1.0842e-19 1.10611e-17 1 0.877006
1 -1.23085e-17 -1.0842e-19 1.45717e-16 1.23085e-17 1 7.98174e-18 5.99988e-12 1.0842e-19 -7.98174e-18 1 0.877372
1 1.60309e-18 -1.0842e-19 1.59595e-16 -1.60309e-18 1 -3.14704e-19 6.0053e-12 1.0842e-19 3.14704e-19 1 0.878165
1 -1.23637e-17 -1.0842e-19 1.52656e-16 1.23637e-17 1 -7.98298e-19 6.0085e-12 1.0842e-19 7.98298e-19 1 0.878632
1 -1.25246e-17 -1.0842e-19 1.59595e-16 1.25246e-17 1 -1.42553e-18 6.01153e-12 1.0842e-19 1.42553e-18 1 0.879076
1 -1.25227e-17 -1.0842e-19 1.59595e-16 1.25227e-17 1 -1.73806e-18 6.01265e-12 1.0842e-19 1.73806e-18 1 0.87924
1 -1.26148e-17 -1.0842e-19 1.52656e-16 1.26148e-17 1 1.53011e-18 6.01422e-12 1.0842e-19 -1.53011e-18 1 0.879469
1 1.30375e-18 -1.0842e-19 1.59595e-16 -1.30375e-18 1 8.89617e-18 6.01496e-12 1.0842e-19 -8.89617e-18 1 0.879578
1 1.17756e-18 -1.0842e-19 1.52656e-16 -1.17756e-18 1 4.37573e-18 6.01596e-12 1.0842e-19 -4.37573e-18 1 0.879724
1 -1.27089e-17 -1.0842e-19 1.52656e-16 1.27089e-17 1 3.85396e-18 6.01644e-12 1.0842e-19 -3.85396e-18 1 0.879794
1 1.11829e-18 -1.0842e-19 1.52656e-16 -1.11829e-18 1 -5.2009e-19 6.01683e-12 1.0842e-19 5.2009e-19 1 0.879851
1 1.14102e-18 -1.0842e-19 1.52656e-16 -1.14102e-18 1 2.73232e-18 6.01714e-12 1.0842e-19 -2.73232e-18 1 0.879896
1 -1.27876e-17 -1.0842e-19 1.59595e-16 1.27876e-17 1 6.24062e-18 6.0173e-12 1.0842e-19 -6.24062e-18 1 0.87992
1 1.09528e-18 -1.0842e-19 1.59595e-16 -1.09528e-18 1 -1.76348e-18 6.01738e-12 1.0842e-19 1.76348e-18 1 0.879932
1 -1.27205e-17 -1.0842e-19 1.52656e-16 1.27205e-17 1 5.386e-18 6.01755e-12 1.0842e-19 -5.386e-18 1 0.879956
1 -1.29481e-17 -1.0842e-19 1.59595e-16 1.29481e-17 1 1.17589e-18 6.01761e-12 1.0842e-19 -1.17589e-18 1 0.879965
1 8.85137e-19 -1.0842e-19 1.59595e-16 -8.85137e-19 1 -1.07169e-17 6.01765e-12 1.0842e-19 1.07169e-17 1 0.879971
1 8.46271e-19 -1.0842e-19 1.59595e-16 -8.46271e-19 1 -2.31328e-19 6.01775e-12 1.0842e-19 2.31328e-19 1 0.879985
1 -1.30939e-17 -1.0842e-19 1.52656e-16 1.30939e-17 1 3.22088e-18 6.01777e-12 1.0842e-19 -3.22088e-18 1 0.879989
1 -1.31592e-17 -1.0842e-19 1.59595e-16 1.31592e-17 1 6.47558e-18 6.01779e-12 1.0842e-19 -6.47558e-18 1 0.879992
1 6.39555e-19 -1.0842e-19 1.59595e-16 -6.39555e-19 1 -2.00771e-18 6.01782e-12 1.0842e-19 2.00771e-18 1 0.879995
1 6.98509e-19 -1.0842e-19 1.59595e-16 -6.98509e-19 1 5.47509e-18 6.01782e-12 1.0842e-19 -5.47509e-18 1 0.879996
1 -1.31508e-17 -1.0842e-19 1.59595e-16 1.31508e-17 1 -1.03226e-17 6.01783e-12 1.0842e-19 1.03226e-17 1 0.879997
1 8.99249e-19 -1.0842e-19 1.59595e-16 -8.99249e-19 1 8.379e-18 6.01783e-12 1.0842e-19 -8.379e-18 1 0.879998
1 -1.31785e-17 -1.0842e-19 1.59595e-16 1.31785e-17 1 7.97846e-18 6.01784e-12 1.0842e-19 -7.97846e-18 1 0.879998
1 6.12929e-19 -1.0842e-19 1.52656e-16 -6.12929e-19 1 -1.17882e-17 6.01784e-12 1.0842e-19 1.17882e-17 1 0.879999
1 -1.34598e-17 -1.0842e-19 1.52656e-16 1.34598e-17 1 3.12537e-18 6.01784e-12 1.0842e-19 -3.12537e-18 1 0.879999
1 -1.36607e-17 -1.0842e-19 1.52656e-16 1.36607e-17 1 -1.07129e-18 6.01784e-12 1.0842e-19 1.07129e-18 1 0.879999
1 2.55841e-19 -1.0842e-19 1.59595e-16 -2.55841e-19 1 5.89026e-18 6.01904e-12 1.0842e-19 -5.89026e-18 1 0.880174
1 -1.37238e-17 -1.0842e-19 1.59595e-16 1.37238e-17 1 -6.00524e-18 6.04193e-12 1.0842e-19 6.00524e-18 1 0.883522
1 1.184e-19 -1.0842e-19 1.59595e-16 -1.184e-19 1 -2.49645e-18 6.11074e-12 1.0842e-19 2.49645e-18 1 0.893584
1 1.33376e-19 -1.0842e-19 1.59595e-16 -1.33376e-19 1 6.84183e-19 6.25999e-12 1.0842e-19 -6.84183e-19 1 0.915409
1 1.02949e-19 -1.0842e-19 1.59595e-16 -1.02949e-19 1 -3.81387e-18 6.49421e-12 1.0842e-19 3.81387e-18 1 0.949659
1 -1.38223e-17 -1.0842e-19 1.59595e-16 1.38223e-17 1 7.42921e-18 6.61749e-12 1.0842e-19 -7.42921e-18 1 0.967687
1 2.84478e-19 -1.0842e-19 1.66533e-16 -2.84478e-19 1 -9.57065e-19 6.86144e-12 1.0842e-19 9.57065e-19 1 1.00336
1 2.48278e-19 -1.0842e-19 1.73472e-16 -2.48278e-19 1 -5.17175e-18 7.026e-12 1.0842e-19 5.17175e-18 1 1.02742
1 -1.37975e-17 -1.0842e-19 1.73472e-16 1.37975e-17 1 5.82391e-18 7.32025e-12 1.0842e-19 -5.82391e-18 1 1.07045
1 -1.40251e-17 -1.0842e-19 1.73472e-16 1.40251e-17 1 1.64522e-18 7.49725e-12 1.0842e-19 -1.64522e-18 1 1.09634
1 -4.52588e-19 -1.0842e-19 1.8735e-16 4.52588e-19 1 1.0202e-18 7.88573e-12 1.0842e-19 -1.0202e-18 1 1.15314
1 -3.62605e-19 -1.0842e-19 1.8735e-16 3.62605e-19 1 7.09873e-19 8.0437e-12 1.0842e-19 -7.09873e-19 1 1.17624
1 -3.37145e-19 -1.0842e-19 1.94289e-16 3.37145e-19 1 -1.13024e-17 8.28265e-12 1.0842e-19 1.13024e-17 1 1.21119
1 -2.53112e-19 -1.0842e-19 2.01228e-16 2.53112e-19 1 -8.02762e-18 8.57716e-12 1.0842e-19 8.02762e-18 1 1.25425
1 -1.39521e-17 -1.0842e-19 2.08167e-16 1.39521e-17 1 -6.19511e-19 8.76562e-12 1.0842e-19 6.19511e-19 1 1.28181
1 -1.3627e-17 -1.0842e-19 2.08167e-16 1.3627e-17 1 6.59101e-18 9.03588e-12 1.0842e-19 -6.59101e-18 1 1.32133
1 -1.33026e-17 -1.0842e-19 2.22045e-16 1.33026e-17 1 -9.28322e-18 9.30706e-12 1.0842e-19 9.28322e-18 1 1.36099
1 8.80088e-19 -1.0842e-19 2.22045e-16 -8.80088e-19 1 -1.99581e-18 9.49728e-12 1.0842e-19 1.99581e-18 1 1.3888
1 9.93262e-19 -1.0842e-19 2.35922e-16 -9.93262e-19 1 -6.19037e-18 9.68776e-12 1.0842e-19 6.19037e-18 1 1.41666
1 1.13904e-18 -1.0842e-19 2.42861e-16 -1.13904e-18 1 -1.06481e-17 1.0042e-11 1.0842e-19 1.06481e-17 1 1.46846
1 -1.26794e-17 -1.0842e-19 2.42861e-16 1.26794e-17 1 8.38802e-18 1.01511e-11 1.0842e-19 -8.38802e-18 1 1.48442
1 -1.24185e-17 -1.0842e-19 2.56739e-16 1.24185e-17 1 -3.99077e-18 1.05606e-11 1.0842e-19 3.99077e-18 1 1.54429
1 -1.22787e-17 -1.0842e-19 2.63678e-16 1.22787e-17 1 -4.24953e-18 1.07245e-11 1.0842e-19 4.24953e-18 1 1.56825
1 1.86781e-18 -1.0842e-19 2.70617e-16 -1.86781e-18 1 2.84652e-18 1.10797e-11 1.0842e-19 -2.84652e-18 1 1.6202
1 1.80141e-18 -1.0842e-19 2.70617e-16 -1.80141e-18 1 -9.13659e-18 1.13257e-11 1.0842e-19 9.13659e-18 1 1.65617
1 1.85073e-18 -1.0842e-19 2.84495e-16 -1.85073e-18 1 2.04354e-18 1.15717e-11 1.0842e-19 -2.04354e-18 1 1.69215
1 -1.18631e-17 -1.0842e-19 2.91434e-16 1.18631e-17 1 -2.31991e-18 1.18451e-11 1.0842e-19 2.31991e-18 1 1.73213
1 -1.18196e-17 -1.0842e-19 2.84495e-16 1.18196e-17 1 9.1032e-18 1.19272e-11 1.0842e-19 -9.1032e-18 1 1.74413
1 2.48299e-18 -1.0842e-19 3.05311e-16 -2.48299e-18 1 -6.95962e-18 1.22827e-11 1.0842e-19 6.95962e-18 1 1.79612
1 -1.13802e-17 -1.0842e-19 3.1225e-16 1.13802e-17 1 -1.12849e-17 1.25562e-11 1.0842e-19 1.12849e-17 1 1.83611
1 -1.12811e-17 -1.0842e-19 3.1225e-16 1.12811e-17 1 -1.18215e-19 1.28023e-11 1.0842e-19 1.18215e-19 1 1.8721
1 2.86908e-18 -1.0842e-19 3.19189e-16 -2.86908e-18 1 6.87463e-18 1.31579e-11 1.0842e-19 -6.87463e-18 1 1.9241
1 2.94371e-18 -1.0842e-19 3.26128e-16 -2.94371e-18 1 6.54187e-18 1.3322e-11 1.0842e-19 -6.54187e-18 1 1.9481
1 -1.08508e-17 -1.0842e-19 3.40006e-16 1.08508e-17 1 6.05147e-18 1.35682e-11 1.0842e-19 -6.05147e-18 1 1.9841
1 -1.06878e-17 -1.0842e-19 3.40006e-16 1.06878e-17 1 -2.15745e-18 1.3787e-11 1.0842e-19 2.15745e-18 1 2.01609
1 -1.03667e-17 -1.0842e-19 3.46945e-16 1.03667e-17 1 8.88431e-19 1.40879e-11 1.0842e-19 -8.88431e-19 1 2.06009
1 3.7321e-18 -1.0842e-19 3.53884e-16 -3.7321e-18 1 3.28928e-19 1.43341e-11 1.0842e-19 -3.28928e-19 1 2.09609
1 -9.97823e-18 -1.0842e-19 3.67761e-16 9.97823e-18 1 -4.25437e-18 1.46076e-11 1.0842e-19 4.25437e-18 1 2.13609
1 -9.95138e-18 -1.0842e-19 3.747e-16 9.95138e-18 1 -8.87584e-18 1.49632e-11 1.0842e-19 8.87584e-18 1 2.18809
1 -9.91162e-18 -1.0842e-19 3.747e-16 9.91162e-18 1 -1.42668e-18 1.50726e-11 1.0842e-19 1.42668e-18 1 2.20409
1 4.14655e-18 -1.0842e-19 3.88578e-16 -4.14655e-18 1 5.51237e-18 1.54282e-11 1.0842e-19 -5.51237e-18 1 2.25609
1 4.27875e-18 -1.0842e-19 3.88578e-16 -4.27875e-18 1 1.22806e-18 1.56197e-11 1.0842e-19 -1.22806e-18 1 2.28409
1 -9.61676e-18 -1.0842e-19 3.95517e-16 9.61676e-18 1 -1.07303e-17 1.57838e-11 1.0842e-19 1.07303e-17 1 2.30809
1 4.09287e-18 -1.0842e-19 4.09395e-16 -4.09287e-18 1 -3.84044e-18 1.61394e-11 1.0842e-19 3.84044e-18 1 2.36009
1 -9.83951e-18 -1.0842e-19 4.16334e-16 9.83951e-18 1 -4.34424e-18 1.63856e-11 1.0842e-19 4.34424e-18 1 2.39609
1 -9.90895e-18 -1.0842e-19 4.23273e-16 9.90895e-18 1 2.7543e-18 1.66591e-11 1.0842e-19 -2.7543e-18 1 2.43609
1 -9.9664e-18 -1.0842e-19 4.30211e-16 9.9664e-18 1 -1.90302e-18 1.70147e-11 1.0842e-19 1.90302e-18 1 2.48809
1 -1.01064e-17 -1.0842e-19 4.30211e-16 1.01064e-17 1 1.64181e-18 1.71515e-11 1.0842e-19 -1.64181e-18 1 2.50809
1 -1.00798e-17 -1.0842e-19 4.44089e-16 1.00798e-17 1 8.88857e-19 1.74797e-11 1.0842e-19 -8.88857e-19 1 2.55609
1 -9.91666e-18 -1.0842e-19 4.51028e-16 9.91666e-18 1 -1.12379e-17 1.77259e-11 1.0842e-19 1.12379e-17 1 2.59209
1 3.99804e-18 -1.0842e-19 4.64906e-16 -3.99804e-18 1 -7.93557e-18 1.79447e-11 1.0842e-19 7.93557e-18 1 2.62409
1 -9.96914e-18 -1.0842e-19 4.57967e-16 9.96914e-18 1 -5.99123e-19 1.81362e-11 1.0842e-19 5.99123e-19 1 2.65209
1 -2.39706e-17 -1.0842e-19 4.64906e-16 2.39706e-17 1 -1.18141e-18 1.83824e-11 1.0842e-19 1.18141e-18 1 2.68809
1 -2.38597e-17 -1.0842e-19 4.78784e-16 2.38597e-17 1 -1.90972e-18 1.87107e-11 1.0842e-19 1.90972e-18 1 2.73609
1 -9.92938e-18 -1.0842e-19 4.85723e-16 9.92938e-18 1 -2.45344e-18 1.89568e-11 1.0842e-19 2.45344e-18 1 2.77209
1 3.97416e-18 -1.0842e-19 4.85723e-16 -3.97416e-18 1 -2.96126e-18 1.9203e-11 1.0842e-19 2.96126e-18 1 2.80809
1 -2.3659e-17 -1.0842e-19 4.92661e-16 2.3659e-17 1 -3.69906e-18 1.95313e-11 1.0842e-19 3.69906e-18 1 2.85609
1 -9.79205e-18 -1.0842e-19 5.13478e-16 9.79205e-18 1 -4.67418e-18 1.99416e-11 1.0842e-19 4.67418e-18 1 2.91609
1 4.06337e-18 -1.0842e-19 5.27356e-16 -4.06337e-18 1 -5.66501e-18 2.03519e-11 1.0842e-19 5.66501e-18 1 2.97609
1 4.00565e-18 -1.0842e-19 5.27356e-16 -4.00565e-18 1 -2.44172e-18 2.06528e-11 1.0842e-19 2.44172e-18 1 3.02009
1 4.10525e-18 -1.0842e-19 5.41234e-16 -4.10525e-18 1 -7.06546e-18 2.10084e-11 1.0842e-19 7.06546e-18 1 3.07209
1 -9.76993e-18 -1.0842e-19 5.41234e-16 9.76993e-18 1 -3.70077e-18 2.12272e-11 1.0842e-19 3.70077e-18 1 3.10409
1 -9.73593e-18 -1.0842e-19 5.55112e-16 9.73593e-18 1 -6.07646e-19 2.15281e-11 1.0842e-19 6.07646e-19 1 3.14809
1 -2.36338e-17 -1.0842e-19 5.55112e-16 2.36338e-17 1 -1.11146e-18 2.17743e-11 1.0842e-19 1.11146e-18 1 3.18409
1 4.1943e-18 -1.0842e-19 5.68989e-16 -4.1943e-18 1 -1.81008e-18 2.21025e-11 1.0842e-19 1.81008e-18 1 3.23209
1 -9.74816e-18 -1.0842e-19 5.75928e-16 9.74816e-18 1 5.0994e-18 2.24581e-11 1.0842e-19 -5.0994e-18 1 3.28409
1 4.1745e-18 -1.0842e-19 5.82867e-16 -4.1745e-18 1 4.57364e-18 2.27043e-11 1.0842e-19 -4.57364e-18 1 3.32009
1 4.10558e-18 -1.0842e-19 5.89806e-16 -4.10558e-18 1 -6.57331e-20 2.30599e-11 1.0842e-19 6.57331e-20 1 3.37209
1 -9.80164e-18 -1.0842e-19 5.96745e-16 9.80164e-18 1 -4.10534e-18 2.31693e-11 1.0842e-19 4.10534e-18 1 3.38809
1 -9.76713e-18 -1.0842e-19 6.03684e-16 9.76713e-18 1 -8.72681e-18 2.35249e-11 1.0842e-19 8.72681e-18 1 3.44009
1 -9.66839e-18 -1.0842e-19 6.17562e-16 9.66839e-18 1 2.18408e-18 2.37711e-11 1.0842e-19 -2.18408e-18 1 3.47609
1 4.26374e-18 -1.0842e-19 6.17562e-16 -4.26374e-18 1 1.27847e-18 2.41814e-11 1.0842e-19 -1.27847e-18 1 3.53609
1 -9.63244e-18 -1.0842e-19 6.38378e-16 9.63244e-18 1 3.45468e-19 2.45917e-11 1.0842e-19 -3.45468e-19 1 3.59609
1 -9.59235e-18 -1.0842e-19 6.38378e-16 9.59235e-18 1 -5.00891e-20 2.47559e-11 1.0842e-19 5.00891e-20 1 3.62009
1 -9.50427e-18 -1.0842e-19 6.52256e-16 9.50427e-18 1 -4.69626e-18 2.51115e-11 1.0842e-19 4.69626e-18 1 3.67209
1 -9.53913e-18 -1.0842e-19 6.52256e-16 9.53913e-18 1 -1.55599e-18 2.54124e-11 1.0842e-19 1.55599e-18 1 3.71609
1 -9.4861e-18 -1.0842e-19 6.66134e-16 9.4861e-18 1 5.49089e-18 2.56859e-11 1.0842e-19 -5.49089e-18 1 3.75609
1 4.51734e-18 -1.0842e-19 6.66134e-16 -4.51734e-18 1 -2.84822e-18 2.59868e-11 1.0842e-19 2.84822e-18 1 3.80009
1 4.64956e-18 -1.0842e-19 6.80012e-16 -4.64956e-18 1 -3.68717e-18 2.64791e-11 1.0842e-19 3.68717e-18 1 3.87209
1 -9.35583e-18 -1.0842e-19 6.8695e-16 9.35583e-18 1 3.70987e-18 2.66706e-11 1.0842e-19 -3.70987e-18 1 3.90009
1 4.60904e-18 -1.0842e-19 7.00828e-16 -4.60904e-18 1 3.25587e-18 2.69168e-11 1.0842e-19 -3.25587e-18 1 3.93609
1 4.50963e-18 -1.0842e-19 7.07767e-16 -4.50963e-18 1 -1.28702e-18 2.72724e-11 1.0842e-19 1.28702e-18 1 3.98809
1 4.39468e-18 -1.0842e-19 7.14706e-16 -4.39468e-18 1 -1.94568e-18 2.76007e-11 1.0842e-19 1.94568e-18 1 4.03609
1 4.45216e-18 -1.0842e-19 7.49401e-16 -4.45216e-18 1 -6.5694e-18 2.79563e-11 1.0842e-19 6.5694e-18 1 4.08809
1 -9.38855e-18 -1.0842e-19 7.14706e-16 9.38855e-18 1 -3.198e-18 2.81751e-11 1.0842e-19 3.198e-18 1 4.12009
1 -9.32366e-18 -1.0842e-19 7.28584e-16 9.32366e-18 1 7.6827e-20 2.8476e-11 1.0842e-19 -7.6827e-20 1 4.16409
1 -8.86819e-18 -1.0842e-19 7.35523e-16 8.86819e-18 1 3.3425e-18 2.87769e-11 1.0842e-19 -3.3425e-18 1 4.20809
1 -8.62084e-18 -1.0842e-19 7.35523e-16 8.62084e-18 1 -4.7857e-18 2.89957e-11 1.0842e-19 4.7857e-18 1 4.24009
1 5.7864e-18 -1.0842e-19 7.56339e-16 -5.7864e-18 1 -5.49635e-18 2.9406e-11 1.0842e-19 5.49635e-18 1 4.30009
1 -7.84341e-18 -1.0842e-19 7.63278e-16 7.84341e-18 1 -5.95991e-18 2.96522e-11 1.0842e-19 5.95991e-18 1 4.33609
1 -7.2447e-18 -1.0842e-19 7.70217e-16 7.2447e-18 1 4.81545e-18 3.00625e-11 1.0842e-19 -4.81545e-18 1 4.39609
1 7.10365e-18 -1.0842e-19 7.84095e-16 -7.10365e-18 1 -7.37215e-18 3.03907e-11 1.0842e-19 7.37215e-18 1 4.44409
1 7.49788e-18 -1.0842e-19 7.97973e-16 -7.49788e-18 1 -4.0885e-18 3.06916e-11 1.0842e-19 4.0885e-18 1 4.48809
1 -6.10511e-18 -1.0842e-19 8.04912e-16 6.10511e-18 1 -4.5431e-18 3.09378e-11 1.0842e-19 4.5431e-18 1 4.52409
1 -5.65728e-18 -1.0842e-19 8.04912e-16 5.65728e-18 1 -1.26396e-18 3.12387e-11 1.0842e-19 1.26396e-18 1 4.56809
1 -5.38158e-18 -1.0842e-19 8.18789e-16 5.38158e-18 1 -1.88691e-18 3.1567e-11 1.0842e-19 1.88691e-18 1 4.61609
1 -1.90688e-17 -1.0842e-19 8.25728e-16 1.90688e-17 1 -2.30558e-18 3.18132e-11 1.0842e-19 2.30558e-18 1 4.65209
1 -4.79757e-18 -1.0842e-19 8.32667e-16 4.79757e-18 1 -2.77991e-18 3.20593e-11 1.0842e-19 2.77991e-18 1 4.68809
1 -4.39546e-18 -1.0842e-19 8.46545e-16 4.39546e-18 1 -3.37151e-18 3.23876e-11 1.0842e-19 3.37151e-18 1 4.73609
1 -4.00467e-18 -1.0842e-19 8.53484e-16 4.00467e-18 1 -7.88098e-18 3.27432e-11 1.0842e-19 7.88098e-18 1 4.78809
1 -3.66401e-18 -1.0842e-19 8.67362e-16 3.66401e-18 1 -4.56814e-18 3.30441e-11 1.0842e-19 4.56814e-18 1 4.83209
1 1.05804e-17 -1.0842e-19 8.74301e-16 -1.05804e-17 1 -5.02451e-18 3.32903e-11 1.0842e-19 5.02451e-18 1 4.86809
1 -3.08408e-18 -1.0842e-19 8.8124e-16 3.08408e-18 1 -1.60384e-18 3.35091e-11 1.0842e-19 1.60384e-18 1 4.90009
1 -2.79281e-18 -1.0842e-19 9.36751e-16 2.79281e-18 1 -6.08185e-18 3.38647e-11 1.0842e-19 6.08185e-18 1 4.95209
1 -2.50597e-18 -1.0842e-19 9.92262e-16 2.50597e-18 1 1.12421e-18 3.41382e-11 1.0842e-19 -1.12421e-18 1 4.99209
1 -2.19595e-18 -1.0842e-19 1.04083e-15 2.19595e-18 1 4.43482e-18 3.44391e-11 1.0842e-19 -4.43482e-18 1 5.03609
1 -1.85868e-18 -1.0842e-19 1.11022e-15 1.85868e-18 1 -9.55979e-21 3.47947e-11 1.0842e-19 9.55979e-21 1 5.08809
1 -1.54425e-17 -1.0842e-19 1.15186e-15 1.54425e-17 1 -4.28273e-19 3.50409e-11 1.0842e-19 4.28273e-19 1 5.12409
1 -1.51167e-17 -1.0842e-19 1.22125e-15 1.51167e-17 1 -4.85919e-18 3.53965e-11 1.0842e-19 4.85919e-18 1 5.17609
1 -1.01788e-18 -1.0842e-19 1.26288e-15 1.01788e-18 1 -1.35276e-18 3.56153e-11 1.0842e-19 1.35276e-18 1 5.20809
1 -1.44849e-17 -1.0842e-19 1.33921e-15 1.44849e-17 1 -2.06386e-18 3.60256e-11 1.0842e-19 2.06386e-18 1 5.26809
1 -2.13611e-19 -1.0842e-19 1.38778e-15 2.13611e-19 1 -2.50006e-18 3.62718e-11 1.0842e-19 2.50006e-18 1 5.30409
1 3.92864e-19 -1.0842e-19 1.47105e-15 -3.92864e-19 1 8.35381e-18 3.66821e-11 1.0842e-19 -8.35381e-18 1 5.36409
1 -1.3053e-17 -1.0842e-19 1.51268e-15 1.3053e-17 1 7.95298e-18 3.69283e-11 1.0842e-19 -7.95298e-18 1 5.40009
1 1.16466e-18 -1.0842e-19 1.56125e-15 -1.16466e-18 1 7.56617e-18 3.71745e-11 1.0842e-19 -7.56617e-18 1 5.43609
1 1.48869e-18 -1.0842e-19 1.59595e-15 -1.48869e-18 1 -4.94764e-19 3.73933e-11 1.0842e-19 4.94764e-19 1 5.46809
1 -1.18788e-17 -1.0842e-19 1.67227e-15 1.18788e-17 1 2.76804e-18 3.77763e-11 1.0842e-19 -2.76804e-18 1 5.52409
1 2.48863e-18 -1.0842e-19 1.72778e-15 -2.48863e-18 1 -5.41421e-18 3.80772e-11 1.0842e-19 5.41421e-18 1 5.56809
1 -1.10492e-17 -1.0842e-19 1.77636e-15 1.10492e-17 1 -5.85313e-18 3.83234e-11 1.0842e-19 5.85313e-18 1 5.60409
1 -1.05172e-17 -1.0842e-19 1.82493e-15 1.05172e-17 1 1.41338e-18 3.85969e-11 1.0842e-19 -1.41338e-18 1 5.64409
1 -9.99663e-18 -1.0842e-19 1.88044e-15 9.99663e-18 1 4.69921e-18 3.88978e-11 1.0842e-19 -4.69921e-18 1 5.68809
1 -9.58284e-18 -1.0842e-19 1.94289e-15 9.58284e-18 1 2.07687e-19 3.92534e-11 1.0842e-19 -2.07687e-19 1 5.74009
1 4.62308e-18 -1.0842e-19 1.99146e-15 -4.62308e-18 1 3.64004e-18 3.94722e-11 1.0842e-19 -3.64004e-18 1 5.77209
1 5.10195e-18 -1.0842e-19 2.06085e-15 -5.10195e-18 1 -8.64981e-19 3.98278e-11 1.0842e-19 8.64981e-19 1 5.82409
1 -2.23128e-17 -1.0842e-19 2.11636e-15 2.23128e-17 1 -1.49969e-18 4.01561e-11 1.0842e-19 1.49969e-18 1 5.87209
1 -8.11051e-18 -1.0842e-19 2.17187e-15 8.11051e-18 1 -1.98296e-18 4.04023e-11 1.0842e-19 1.98296e-18 1 5.90809
1 -7.70076e-18 -1.0842e-19 2.23432e-15 7.70076e-18 1 -2.58803e-18 4.07305e-11 1.0842e-19 2.58803e-18 1 5.95609
1 6.55159e-18 -1.0842e-19 2.2829e-15 -6.55159e-18 1 -6.88824e-18 4.1004e-11 1.0842e-19 6.88824e-18 1 5.99609
1 -2.09744e-17 -1.0842e-19 2.33841e-15 2.09744e-17 1 -3.62298e-18 4.13049e-11 1.0842e-19 3.62298e-18 1 6.04009
1 -6.74758e-18 -1.0842e-19 2.40086e-15 6.74758e-18 1 3.41919e-18 4.16605e-11 1.0842e-19 -3.41919e-18 1 6.09209
1 -6.5963e-18 -1.0842e-19 2.42861e-15 6.5963e-18 1 3.12454e-18 4.18247e-11 1.0842e-19 -3.12454e-18 1 6.11609
1 -6.1749e-18 -1.0842e-19 2.50494e-15 6.1749e-18 1 -1.40289e-18 4.21803e-11 1.0842e-19 1.40289e-18 1 6.16809
1 -5.86446e-18 -1.0842e-19 2.57433e-15 5.86446e-18 1 -5.86969e-18 4.25359e-11 1.0842e-19 5.86969e-18 1 6.22009
1 -5.56208e-18 -1.0842e-19 2.62984e-15 5.56208e-18 1 -2.53889e-18 4.28368e-11 1.0842e-19 2.53889e-18 1 6.26409
1 -5.39132e-18 -1.0842e-19 2.66454e-15 5.39132e-18 1 -1.06693e-17 4.30556e-11 1.0842e-19 1.06693e-17 1 6.29609
1 -1.89622e-17 -1.0842e-19 2.73392e-15 1.89622e-17 1 -3.69717e-18 4.34112e-11 1.0842e-19 3.69717e-18 1 6.34809
1 -4.75994e-18 -1.0842e-19 2.78944e-15 4.75994e-18 1 -4.15352e-18 4.36574e-11 1.0842e-19 4.15352e-18 1 6.38409
1 -1.83074e-17 -1.0842e-19 2.85189e-15 1.83074e-17 1 -4.93638e-18 4.40677e-11 1.0842e-19 4.93638e-18 1 6.44409
1 -4.14344e-18 -1.0842e-19 2.9074e-15 4.14344e-18 1 -5.39496e-18 4.43139e-11 1.0842e-19 5.39496e-18 1 6.48009
1 1.01944e-17 -1.0842e-19 2.96985e-15 -1.01944e-17 1 1.64042e-18 4.46695e-11 1.0842e-19 -1.64042e-18 1 6.53209
1 1.04763e-17 -1.0842e-19 3.01842e-15 -1.04763e-17 1 -6.45862e-18 4.48883e-11 1.0842e-19 6.45862e-18 1 6.56409
1 1.06982e-17 -1.0842e-19 3.07393e-15 -1.06982e-17 1 -3.1233e-18 4.51892e-11 1.0842e-19 3.1233e-18 1 6.60809
1 1.0947e-17 -1.0842e-19 3.12944e-15 -1.0947e-17 1 1.69396e-19 4.54901e-11 1.0842e-19 -1.69396e-19 1 6.65209
1 -2.65967e-18 -1.0842e-19 3.17801e-15 2.65967e-18 1 -4.18512e-18 4.57636e-11 1.0842e-19 4.18512e-18 1 6.69209
1 -1.61267e-17 -1.0842e-19 3.25434e-15 1.61267e-17 1 -4.90969e-18 4.61739e-11 1.0842e-19 4.90969e-18 1 6.75209
1 -1.98973e-18 -1.0842e-19 3.28904e-15 1.98973e-18 1 2.52356e-18 4.63654e-11 1.0842e-19 -2.52356e-18 1 6.78009
1 -1.75605e-18 -1.0842e-19 3.35149e-15 1.75605e-18 1 1.9814e-18 4.66937e-11 1.0842e-19 -1.9814e-18 1 6.82809
1 -1.4536e-18 -1.0842e-19 3.41394e-15 1.4536e-18 1 5.35931e-18 4.69945e-11 1.0842e-19 -5.35931e-18 1 6.87209
1 1.2707e-17 -1.0842e-19 3.46945e-15 -1.2707e-17 1 -2.83405e-18 4.72954e-11 1.0842e-19 2.83405e-18 1 6.91609
1 -1.48895e-17 -1.0842e-19 3.4972e-15 1.48895e-17 1 -3.10454e-18 4.74596e-11 1.0842e-19 3.10454e-18 1 6.94009
1 -1.45101e-17 -1.0842e-19 3.56659e-15 1.45101e-17 1 -7.53773e-18 4.78152e-11 1.0842e-19 7.53773e-18 1 6.99209
1 -2.68262e-19 -1.0842e-19 3.6221e-15 2.68262e-19 1 7.36709e-18 4.81161e-11 1.0842e-19 -7.36709e-18 1 7.03609
1 1.32515e-19 -1.0842e-19 3.67761e-15 -1.32515e-19 1 -4.61847e-18 4.83622e-11 1.0842e-19 4.61847e-18 1 7.07209
1 -1.35318e-17 -1.0842e-19 3.70537e-15 1.35318e-17 1 -1.09236e-18 4.85811e-11 1.0842e-19 1.09236e-18 1 7.10409
1 -1.28177e-17 -1.0842e-19 3.78864e-15 1.28177e-17 1 2.01546e-18 4.90461e-11 1.0842e-19 -2.01546e-18 1 7.17209
1 -1.25439e-17 -1.0842e-19 3.82333e-15 1.25439e-17 1 1.72299e-18 4.92102e-11 1.0842e-19 -1.72299e-18 1 7.19609
1 -1.20843e-17 -1.0842e-19 3.88578e-15 1.20843e-17 1 1.14931e-18 4.95385e-11 1.0842e-19 -1.14931e-18 1 7.24409
0.999999 -1.43213e-14 -0.00108669 -0.000170259 1.43213e-14 1 -1.6185e-18 4.98385e-11 0.00108669 -1.39443e-17 0.999999 7.28803
0.999658 -1.82098e-13 -0.0261682 -0.00411857 1.82104e-13 1 -2.17203e-15 5.01563e-11 0.0261682 -2.59404e-15 0.999658 7.33447
0.997231 -5.09829e-13 -0.0743602 -0.0119889 5.09855e-13 1 -1.86407e-14 5.04896e-11 0.0743602 -1.93238e-14 0.997231 7.38319
0.996566 -5.67388e-13 -0.0828042 -0.013424 5.67417e-13 1 -2.31846e-14 5.05402e-11 0.0828042 -2.38795e-14 0.996566 7.39057
0.986363 -1.12578e-12 -0.164583 -0.026675 1.12585e-12 1 -9.28635e-14 5.08721e-11 0.164583 -9.36979e-14 0.986363 7.43911
0.979271 -1.3853e-12 -0.202555 -0.0324131 1.38539e-12 1 -1.41352e-13 5.09573e-11 0.202555 -1.42194e-13 0.979271 7.45156
0.966916 -1.74444e-12 -0.255095 -0.0400275 1.74455e-12 1 -2.25829e-13 5.10321e-11 0.255095 -2.26666e-13 0.966916 7.4625
0.94848 -2.16658e-12 -0.316836 -0.0485605 2.16672e-12 1 -3.51899e-13 5.1075e-11 0.316836 -3.52725e-13 0.94848 7.46877
0.935111 -2.42312e-12 -0.354355 -0.0535475 2.42327e-12 1 -4.43327e-13 5.10836e-11 0.354355 -4.44137e-13 0.935111 7.47004
0.914268 -2.77017e-12 -0.405109 -0.0600685 2.77034e-12 1 -5.85853e-13 5.10795e-11 0.405109 -5.86664e-13 0.914268 7.46944
0.881378 -3.23038e-12 -0.472411 -0.0683217 3.23058e-12 1 -8.10754e-13 5.10522e-11 0.472411 -8.11582e-13 0.881378 7.46544
0.859245 -3.49811e-12 -0.511564 -0.0729126 3.49832e-12 1 -9.62124e-13 5.1027e-11 0.511564 -9.62918e-13 0.859245 7.46176
0.838106 -3.73022e-12 -0.545508 -0.0767614 3.73045e-12 1 -1.10669e-12 5.10005e-11 0.545508 -1.10747e-12 0.838106 7.45788
0.800908 -4.09453e-12 -0.598787 -0.0825406 4.09479e-12 1 -1.36106e-12 5.09509e-11 0.598787 -1.36182e-12 0.800908 7.45062
0.766782 -4.38941e-12 -0.641907 -0.0869607 4.38967e-12 1 -1.59444e-12 5.0904e-11 0.641907 -1.59518e-12 0.766782 7.44377
0.747184 -4.5447e-12 -0.664618 -0.0891864 4.54498e-12 1 -1.72846e-12 5.0877e-11 0.664618 -1.7292e-12 0.747184 7.43982
0.705987 -4.84288e-12 -0.708225 -0.0932376 4.84318e-12 1 -2.01018e-12 5.08203e-11 0.708225 -2.0109e-12 0.705987 7.43153
0.665987 -5.10094e-12 -0.745964 -0.0964743 5.10126e-12 1 -2.28371e-12 5.07659e-11 0.745964 -2.28443e-12 0.665987 7.42357
0.616127 -5.38596e-12 -0.787647 -0.0996995 5.3863e-12 1 -2.62468e-12 5.06992e-11 0.787647 -2.62536e-12 0.616127 7.41382
0.580071 -5.57004e-12 -0.814566 -0.101546 5.57038e-12 1 -2.87124e-12 5.06519e-11 0.814566 -2.87192e-12 0.580071 7.4069
0.517406 -5.85158e-12 -0.85574 -0.103909 5.85195e-12 1 -3.29977e-12 5.05714e-11 0.85574 -3.30044e-12 0.517406 7.39513
0.500188 -5.92118e-12 -0.865917 -0.104387 5.92153e-12 1 -3.41753e-12 5.05497e-11 0.865917 -3.41814e-12 0.500188 7.39195
0.456286 -6.08472e-12 -0.889833 -0.105302 6.08509e-12 1 -3.71775e-12 5.0495e-11 0.889833 -3.71836e-12 0.456286 7.38396
0.392931 -6.28805e-12 -0.919568 -0.105902 6.28844e-12 1 -4.151e-12 5.04179e-11 0.919568 -4.15159e-12 0.392931 7.37269
0.355843 -6.39045e-12 -0.934546 -0.105889 6.39085e-12 1 -4.40461e-12 5.03738e-11 0.934546 -4.40519e-12 0.355843 7.36623
0.303931 -6.51457e-12 -0.952694 -0.105447 6.51495e-12 1 -4.75963e-12 5.03131e-11 0.952694 -4.76016e-12 0.303931 7.35735
0.241408 -6.63579e-12 -0.970424 -0.104295 6.63621e-12 1 -5.18717e-12 5.02416e-11 0.970424 -5.18771e-12 0.241408 7.3469
0.197509 -6.70333e-12 -0.980301 -0.103099 6.70376e-12 1 -5.48737e-12 5.01924e-11 0.980301 -5.48789e-12 0.197509 7.33971
0.138371 -6.77227e-12 -0.99038 -0.101004 6.77268e-12 1 -5.8918e-12 5.01276e-11 0.99038 -5.89228e-12 0.138371 7.33023
0.0936788 -6.80797e-12 -0.995602 -0.0990615 6.80839e-12 1 -6.19742e-12 5.00795e-11 0.995602 -6.19789e-12 0.0936788 7.3232
0.0438023 -6.83149e-12 -0.99904 -0.0965343 6.83189e-12 1 -6.53851e-12 5.00269e-11 0.99904 -6.53893e-12 0.0438023 7.3155
-0.0111834 -6.83762e-12 -0.999937 -0.0933139 6.83803e-12 1 -6.91452e-12 4.99701e-11 0.999937 -6.91493e-12 -0.0111834 7.3072
-0.0561541 -6.82725e-12 -0.998422 -0.0903423 6.82769e-12 1 -7.22205e-12 4.99245e-11 0.998422 -7.22246e-12 -0.0561541 7.30054
-0.101011 -6.80307e-12 -0.994885 -0.0870741 6.8035e-12 1 -7.52881e-12 4.988e-11 0.994885 -7.5292e-12 -0.101011 7.29402
-0.160487 -6.7494e-12 -0.987038 -0.0899194 6.74981e-12 1 -7.93552e-12 4.98157e-11 0.987038 -7.93587e-12 -0.160487 7.28462
-0.221131 -6.67029e-12 -0.975244 -0.107104 6.66311e-12 1 -8.35044e-12 4.97346e-11 0.975244 -8.3447e-12 -0.221131 7.27272
-0.24921 -6.62339e-12 -0.968449 -0.131292 6.61975e-12 1 -8.54262e-12 4.96743e-11 0.968449 -8.5398e-12 -0.24921 7.26393
-0.26 -6.60372e-12 -0.965609 -0.152864 6.60153e-12 1 -8.61645e-12 4.9632e-11 0.965609 -8.61477e-12 -0.26 7.25776
-0.26895 -6.5867e-12 -0.963154 -0.192612 6.58573e-12 1 -8.67767e-12 4.95601e-11 0.963154 -8.67694e-12 -0.26895 7.24725
-0.271395 -6.58195e-12 -0.962468 -0.215693 6.58132e-12 1 -8.6944e-12 4.95188e-11 0.962468 -8.69393e-12 -0.271395 7.24122
-0.273802 -6.57721e-12 -0.961786 -0.260622 6.57692e-12 1 -8.71086e-12 4.94376e-11 0.961786 -8.71064e-12 -0.273802 7.22934
-0.274215 -6.57639e-12 -0.961669 -0.274849 6.57617e-12 1 -8.71368e-12 4.94115e-11 0.961669 -8.71351e-12 -0.274215 7.22553
-0.274921 -6.57497e-12 -0.961467 -0.314674 6.5749e-12 1 -8.71851e-12 4.93377e-11 0.961467 -8.71846e-12 -0.274921 7.21473
-0.27534 -6.57415e-12 -0.961347 -0.370162 6.57411e-12 1 -8.72137e-12 4.92331e-11 0.961347 -8.72134e-12 -0.27534 7.19944
-0.275476 -6.57388e-12 -0.961308 -0.415191 6.57386e-12 1 -8.7223e-12 4.91471e-11 0.961308 -8.72229e-12 -0.275476 7.18686
-0.275527 -6.57377e-12 -0.961293 -0.449209 6.57377e-12 1 -8.72265e-12 4.90816e-11 0.961293 -8.72264e-12 -0.275527 7.17729
-0.275567 -6.57371e-12 -0.961282 -0.506221 6.57368e-12 1 -8.72293e-12 4.89713e-11 0.961282 -8.72291e-12 -0.275567 7.16116
-0.275574 -6.57368e-12 -0.96128 -0.529105 6.57366e-12 1 -8.72297e-12 4.89269e-11 0.96128 -8.72296e-12 -0.275574 7.15466
-0.275584 -6.57366e-12 -0.961277 -0.586448 6.57365e-12 1 -8.72304e-12 4.88152e-11 0.961277 -8.72303e-12 -0.275584 7.13832
-0.275586 -6.57366e-12 -0.961276 -0.613256 6.57367e-12 1 -8.72306e-12 4.87628e-11 0.961276 -8.72307e-12 -0.275586 7.13067
-0.275588 -6.57366e-12 -0.961276 -0.651591 6.57365e-12 1 -8.72308e-12 4.8688e-11 0.961276 -8.72307e-12 -0.275588 7.11972
-0.275589 -6.57365e-12 -0.961275 -0.701472 6.57364e-12 1 -8.72308e-12 4.85904e-11 0.961275 -8.72307e-12 -0.275589 7.10546
-0.27559 -6.57366e-12 -0.961275 -0.743709 6.57365e-12 1 -8.72309e-12 4.85077e-11 0.961275 -8.72308e-12 -0.27559 7.09337
-0.27559 -6.57365e-12 -0.961275 -0.782121 6.57364e-12 1 -8.72308e-12 4.84325e-11 0.961275 -8.72307e-12 -0.27559 7.08237
-0.27559 -6.57365e-12 -0.961275 -0.824388 6.57364e-12 1 -8.72308e-12 4.83497e-11 0.961275 -8.72307e-12 -0.27559 7.07026
-0.27559 -6.57366e-12 -0.961275 -0.847446 6.57365e-12 1 -8.72309e-12 4.83045e-11 0.961275 -8.72309e-12 -0.27559 7.06365
-0.27559 -6.57366e-12 -0.961275 -0.9051 6.57364e-12 1 -8.72309e-12 4.81916e-11 0.961275 -8.72307e-12 -0.27559 7.04713
-0.27559 -6.57366e-12 -0.961275 -0.947386 6.57364e-12 1 -8.72309e-12 4.81087e-11 0.961275 -8.72307e-12 -0.27559 7.03501
-0.27559 -6.57365e-12 -0.961275 -0.997364 6.57365e-12 1 -8.72308e-12 4.80107e-11 0.961275 -8.72308e-12 -0.27559 7.02069
-0.27559 -6.57366e-12 -0.961275 -1.02043 6.57364e-12 1 -8.72309e-12 4.79655e-11 0.961275 -8.72307e-12 -0.27559 7.01407
-0.27559 -6.57365e-12 -0.961275 -1.0781 6.57364e-12 1 -8.72308e-12 4.78524e-11 0.961275 -8.72307e-12 -0.27559 6.99754
-0.27559 -6.57366e-12 -0.961275 -1.1204 6.57365e-12 1 -8.72309e-12 4.77695e-11 0.961275 -8.72309e-12 -0.27559 6.98542
-0.27559 -6.57365e-12 -0.961275 -1.14731 6.57364e-12 1 -8.72308e-12 4.77168e-11 0.961275 -8.72307e-12 -0.27559 6.9777
-0.27559 -6.57365e-12 -0.961275 -1.19345 6.57364e-12 1 -8.72308e-12 4.76263e-11 0.961275 -8.72307e-12 -0.27559 6.96447
-0.27559 -6.57366e-12 -0.961275 -1.23575 6.57365e-12 1 -8.72309e-12 4.75434e-11 0.961275 -8.72309e-12 -0.27559 6.95235
-0.27559 -6.57365e-12 -0.961275 -1.27035 6.57365e-12 1 -8.72308e-12 4.74755e-11 0.961275 -8.72308e-12 -0.27559 6.94243
-0.27559 -6.57365e-12 -0.961275 -1.32034 6.57365e-12 1 -8.72308e-12 4.73775e-11 0.961275 -8.72309e-12 -0.27559 6.9281
-0.27559 -6.57365e-12 -0.961275 -1.34341 6.57365e-12 1 -8.72309e-12 4.73323e-11 0.961275 -8.72309e-12 -0.27559 6.92148
-0.27559 -6.57366e-12 -0.961275 -1.40108 6.57364e-12 1 -8.72309e-12 4.72192e-11 0.961275 -8.72307e-12 -0.27559 6.90495
-0.27559 -6.57364e-12 -0.961275 -1.43569 6.57364e-12 1 -8.72307e-12 4.71514e-11 0.961275 -8.72307e-12 -0.27559 6.89503
-0.27559 -6.57365e-12 -0.961275 -1.47414 6.57365e-12 1 -8.72308e-12 4.7076e-11 0.961275 -8.72308e-12 -0.27559 6.884
-0.27559 -6.57366e-12 -0.961275 -1.52413 6.57364e-12 1 -8.72309e-12 4.6978e-11 0.961275 -8.72307e-12 -0.27559 6.86967
-0.27559 -6.57365e-12 -0.961275 -1.55489 6.57364e-12 1 -8.72308e-12 4.69177e-11 0.961275 -8.72307e-12 -0.27559 6.86085
-0.27559 -6.57365e-12 -0.961275 -1.59718 6.57365e-12 1 -8.72309e-12 4.68348e-11 0.961275 -8.72309e-12 -0.27559 6.84873
-0.27559 -6.57364e-12 -0.961275 -1.63179 6.57365e-12 1 -8.72308e-12 4.67669e-11 0.961275 -8.72308e-12 -0.27559 6.83881
-0.27559 -6.57365e-12 -0.961275 -1.67024 6.57364e-12 1 -8.72308e-12 4.66916e-11 0.961275 -8.72307e-12 -0.27559 6.82778
-0.27559 -6.57366e-12 -0.961275 -1.72407 6.57364e-12 1 -8.72309e-12 4.6586e-11 0.961275 -8.72307e-12 -0.27559 6.81235
-0.28164 -6.5601e-12 -0.95952 -1.75035 6.56695e-12 1 -8.7644e-12 4.65272e-11 0.95952 -8.76953e-12 -0.28164 6.80379
-0.31667 -6.48561e-12 -0.948536 -1.79123 6.48879e-12 1 -9.00378e-12 4.64066e-11 0.948536 -9.00607e-12 -0.31667 6.78613
-0.350254 -6.40455e-12 -0.936655 -1.80926 6.40656e-12 1 -9.23336e-12 4.63331e-11 0.936655 -9.23476e-12 -0.350254 6.77536
-0.387249 -6.30431e-12 -0.921975 -1.82108 6.30559e-12 1 -9.48632e-12 4.62682e-11 0.921975 -9.48717e-12 -0.387249 6.76587
-0.442998 -6.13034e-12 -0.896523 -1.83035 6.13113e-12 1 -9.86748e-12 4.6188e-11 0.896523 -9.86797e-12 -0.442998 6.75414
-0.486094 -5.97575e-12 -0.873907 -1.833 5.97633e-12 1 -1.01622e-11 4.61354e-11 0.873907 -1.01625e-11 -0.486094 6.74645
-0.524371 -5.82249e-12 -0.85149 -1.83303 5.82295e-12 1 -1.04239e-11 4.60937e-11 0.85149 -1.04242e-11 -0.524371 6.74035
-0.561852 -5.65667e-12 -0.827238 -1.83137 5.65706e-12 1 -1.06802e-11 4.60566e-11 0.827238 -1.06805e-11 -0.561852 6.73492
-0.602326 -5.45847e-12 -0.79825 -1.82802 5.45882e-12 1 -1.0957e-11 4.602e-11 0.79825 -1.09572e-11 -0.602326 6.72957
-0.645207 -5.22432e-12 -0.764008 -1.82298 5.22463e-12 1 -1.12503e-11 4.59847e-11 0.764008 -1.12504e-11 -0.645207 6.7244
-0.678887 -5.02079e-12 -0.734243 -1.81806 5.02109e-12 1 -1.14806e-11 4.59592e-11 0.734243 -1.14807e-11 -0.678887 6.72068
-0.728554 -4.68397e-12 -0.684989 -1.80936 4.68427e-12 1 -1.18202e-11 4.59252e-11 0.684989 -1.18203e-11 -0.728554 6.71571
-0.758623 -4.4552e-12 -0.65153 -1.80325 4.45545e-12 1 -1.20259e-11 4.59067e-11 0.65153 -1.2026e-11 -0.758623 6.71301
-0.799336 -4.10888e-12 -0.600884 -1.79393 4.10911e-12 1 -1.23043e-11 4.58845e-11 0.600884 -1.23043e-11 -0.799336 6.70976
-0.814106 -3.97098e-12 -0.580716 -1.79022 3.9712e-12 1 -1.24053e-11 4.58773e-11 0.580716 -1.24054e-11 -0.814106 6.7087
-0.855329 -3.54271e-12 -0.518086 -1.77877 3.5429e-12 1 -1.26872e-11 4.58601e-11 0.518086 -1.26872e-11 -0.855329 6.70619
-0.884856 -3.18561e-12 -0.465865 -1.76937 3.18579e-12 1 -1.28891e-11 4.58511e-11 0.465865 -1.28891e-11 -0.884856 6.70487
-0.896225 -3.03335e-12 -0.443601 -1.76541 3.03355e-12 1 -1.29668e-11 4.58485e-11 0.443601 -1.29669e-11 -0.896225 6.7045
-0.921212 -2.66043e-12 -0.389061 -1.75584 2.66058e-12 1 -1.31377e-11 4.58454e-11 0.389061 -1.31378e-11 -0.921212 6.70403
-0.944538 -2.24563e-12 -0.328403 -1.74541 2.24577e-12 1 -1.32972e-11 4.58465e-11 0.328403 -1.32972e-11 -0.944538 6.7042
-0.949357 -2.14852e-12 -0.314199 -1.743 2.14862e-12 1 -1.33302e-11 4.58474e-11 0.314199 -1.33302e-11 -0.949357 6.70434
-0.970231 -1.65605e-12 -0.242181 -1.73098 1.65613e-12 1 -1.34729e-11 4.58559e-11 0.242181 -1.34729e-11 -0.970231 6.70558
-0.982077 -1.28884e-12 -0.188479 -1.72223 1.28889e-12 1 -1.35539e-11 4.58661e-11 0.188479 -1.3554e-11 -0.982077 6.70707
-0.990953 -9.1771e-13 -0.134207 -1.71356 9.17765e-13 1 -1.36146e-11 4.58796e-11 0.134207 -1.36146e-11 -0.990953 6.70904
-0.996422 -5.77882e-13 -0.0845118 -1.70606 5.77943e-13 1 -1.3652e-11 4.58764e-11 0.0845118 -1.3652e-11 -0.996422 6.70857
-0.999562 -2.02479e-13 -0.0296084 -1.69882 2.0246e-13 1 -1.36735e-11 4.5799e-11 0.0296084 -1.36735e-11 -0.999562 6.69725
-0.999791 1.35829e-13 0.0204625 -1.69277 -1.44034e-13 1 -1.36754e-11 4.56275e-11 -0.0204625 -1.36755e-11 -0.999791 6.67215
-0.999407 2.32809e-13 0.034421 -1.69122 -2.37965e-13 1 -1.36728e-11 4.55053e-11 -0.034421 -1.36729e-11 -0.999407 6.65429
-0.998808 3.3273e-13 0.0488105 -1.68934 -3.34849e-13 1 -1.36688e-11 4.52192e-11 -0.0488105 -1.36688e-11 -0.998808 6.61247
-0.998556 3.66872e-13 0.0537248 -1.68806 -3.6792e-13 1 -1.36671e-11 4.49678e-11 -0.0537248 -1.36671e-11 -0.998556 6.57571
-0.998442 3.8128e-13 0.0557971 -1.6869 -3.81853e-13 1 -1.36663e-11 4.47504e-11 -0.0557971 -1.36663e-11 -0.998442 6.54393
-0.998363 3.91033e-13 0.0572007 -1.68512 -3.91297e-13 1 -1.36657e-11 4.44494e-11 -0.0572007 -1.36657e-11 -0.998363 6.49992
-0.998351 3.92503e-13 0.0574102 -1.68463 -3.92693e-13 1 -1.36657e-11 4.43727e-11 -0.0574102 -1.36657e-11 -0.998351 6.48869
