1.000000000 0.000000000 0.000000000 0.000000000 0.000000000 1.000000000 0.000000000 0.000000000 0.000000000 0.000000000 1.000000000 0.000000000
1.000000000 0.000031110 -0.000001886 -0.000005988 -0.000031110 1.000000000 -0.000087581 0.000037538 0.000001884 0.000087582 1.000000000 0.000009524
1.000000000 0.000000327 -0.000000243 0.000000210 -0.000000327 1.000000000 0.000000079 0.000000005 0.000000243 -0.000000079 1.000000000 0.000000126
1.000000000 -0.000027784 -0.000012558 0.000017923 0.000027785 1.000000000 0.000024108 -0.000003249 0.000012558 -0.000024108 1.000000000 0.000017350
1.000000000 0.000002615 0.000002423 -0.000002469 -0.000002615 1.000000000 0.000002123 -0.000002167 -0.000002423 -0.000002123 1.000000000 -0.000000119
1.000000000 0.000034141 -0.000115197 0.000105698 -0.000034177 0.999999940 -0.000309633 0.000270683 0.000115186 0.000309637 0.999999940 0.000107859
1.000000000 0.000063642 -0.000023581 -0.000026982 -0.000063646 1.000000000 -0.000188751 0.000106664 0.000023569 0.000188753 1.000000000 0.000030861
1.000000000 0.000002686 0.000002496 -0.000002539 -0.000002686 1.000000000 0.000001816 -0.000001916 -0.000002496 -0.000001816 1.000000000 0.000000085
1.000000000 0.000044031 -0.000037587 0.000023668 -0.000044031 1.000000000 0.000002917 -0.000013836 0.000037587 -0.000002916 1.000000000 -0.000020529
1.000000000 -0.000008039 -0.000005888 0.000003434 0.000008039 1.000000000 -0.000004650 0.000004528 0.000005888 0.000004650 1.000000000 0.000010825
1.000000000 -0.000020763 0.000010000 0.000000041 0.000020763 1.000000000 -0.000024422 0.000012816 -0.000009999 0.000024422 1.000000000 0.000007568
1.000000000 0.000034382 -0.000117588 0.000102994 -0.000034420 0.999999940 -0.000322942 0.000275026 0.000117577 0.000322946 0.999999940 0.000110646
1.000000000 0.000044839 -0.000037776 0.000024004 -0.000044839 1.000000000 0.000001657 -0.000012786 0.000037776 -0.000001655 1.000000000 -0.000019871
1.000000000 0.000002634 0.000002415 -0.000002471 -0.000002634 1.000000000 0.000002140 -0.000002176 -0.000002415 -0.000002140 1.000000000 -0.000000112
1.000000000 0.000063641 -0.000023582 -0.000026981 -0.000063646 1.000000000 -0.000188749 0.000106663 0.000023570 0.000188750 1.000000000 0.000030861
1.000000000 0.000051944 0.000052342 -0.000029663 -0.000051940 1.000000000 -0.000070500 0.000052046 -0.000052345 0.000070498 1.000000000 0.000034623
1.000000000 0.000003009 0.000002296 -0.000001992 -0.000003009 1.000000000 0.000002279 -0.000002239 -0.000002296 -0.000002279 1.000000000 -0.000000103
1.000000000 -0.000027788 -0.000012544 0.000017912 0.000027788 1.000000000 0.000024150 -0.000003273 0.000012544 -0.000024150 1.000000000 0.000017362
1.000000000 0.000007004 -0.000031357 0.000021598 -0.000007007 1.000000000 -0.000100848 0.000062837 0.000031357 0.000100848 1.000000000 -0.000053453
1.000000000 -0.000008935 -0.000036614 -0.000011696 0.000008932 1.000000000 -0.000080686 0.000035028 0.000036615 0.000080686 1.000000000 0.000002863
1.000000000 -0.000025497 -0.000012296 0.000014844 0.000025498 1.000000000 0.000022302 -0.000003995 0.000012295 -0.000022302 1.000000000 0.000011219
1.000000000 -0.000027789 -0.000012545 0.000017914 0.000027789 1.000000000 0.000024155 -0.000003276 0.000012545 -0.000024155 1.000000000 0.000017361
1.000000000 0.000025313 -0.000033444 0.000024425 -0.000025314 1.000000000 -0.000018320 -0.000001561 0.000033444 0.000018321 1.000000000 -0.000025183
1.000000000 -0.000027789 -0.000012546 0.000017913 0.000027789 1.000000000 0.000024156 -0.000003276 0.000012546 -0.000024157 1.000000000 0.000017362
1.000000000 0.000000207 -0.000043618 0.000041298 -0.000000210 1.000000000 -0.000065981 0.000017373 0.000043618 0.000065981 1.000000000 -0.000050621
1.000000000 -0.000000770 0.000001515 -0.000000581 0.000000770 1.000000000 0.000000106 -0.000000263 -0.000001515 -0.000000106 1.000000000 -0.000000499
1.000000000 0.000000330 -0.000000232 0.000000199 -0.000000330 1.000000000 0.000000094 -0.000000003 0.000000232 -0.000000094 1.000000000 0.000000132
1.000000000 -0.000026627 -0.000012338 0.000016785 0.000026628 1.000000000 0.000021778 -0.000002558 0.000012337 -0.000021779 1.000000000 0.000015047
1.000000000 -0.000027760 -0.000012529 0.000017894 0.000027761 1.000000000 0.000024144 -0.000003269 0.000012529 -0.000024145 1.000000000 0.000017358
1.000000000 -0.000003785 -0.000109773 0.000114965 0.000003748 0.999999940 -0.000337409 0.000287517 0.000109774 0.000337408 0.999999940 0.000099372
1.000000000 0.000043862 -0.000036895 0.000023960 -0.000043862 1.000000000 0.000002787 -0.000013448 0.000036895 -0.000002785 1.000000000 -0.000019497
1.000000000 -0.000025040 -0.000014619 0.000012096 0.000025041 1.000000000 0.000009589 0.000000024 0.000014618 -0.000009589 1.000000000 0.000014186
1.000000000 -0.000027767 -0.000012539 0.000017902 0.000027767 1.000000000 0.000024145 -0.000003269 0.000012538 -0.000024145 1.000000000 0.000017359
1.000000000 0.000027911 -0.000017036 -0.000018864 -0.000027915 1.000000000 -0.000217015 0.000123196 0.000017030 0.000217015 1.000000000 0.000021983
1.000000000 0.000034073 -0.000115460 0.000105909 -0.000034109 0.999999940 -0.000308969 0.000270113 0.000115449 0.000308973 0.999999940 0.000107500
1.000000000 -0.000021417 0.000011907 0.000002820 0.000021417 1.000000000 -0.000011602 0.000008580 -0.000011907 0.000011602 1.000000000 0.000004289
1.000000000 -0.000025859 -0.000012540 0.000014696 0.000025859 1.000000000 0.000023114 -0.000004450 0.000012539 -0.000023114 1.000000000 0.000011060
1.000000000 0.000006903 -0.000030900 0.000031915 -0.000006904 1.000000000 -0.000024980 0.000002548 0.000030900 0.000024980 1.000000000 -0.000029440
1.000000000 0.000003002 0.000002290 -0.000001990 -0.000003002 1.000000000 0.000002277 -0.000002241 -0.000002290 -0.000002277 1.000000000 -0.000000109
1.000000000 -0.000007939 -0.000002597 0.000005494 0.000007939 1.000000000 0.000007091 0.000001243 0.000002597 -0.000007091 1.000000000 0.000008208
1.000000000 -0.000021367 0.000011490 0.000003216 0.000021367 1.000000000 -0.000011001 0.000008155 -0.000011489 0.000011001 1.000000000 0.000003964
1.000000000 0.000072535 0.000018840 -0.000054014 -0.000072533 1.000000000 -0.000128448 0.000078935 -0.000018850 0.000128446 1.000000000 0.000047209
1.000000000 0.000001912 0.000001080 -0.000002249 -0.000001912 1.000000000 0.000003522 -0.000003297 -0.000001080 -0.000003522 1.000000000 -0.000000903
1.000000000 -0.000027767 -0.000012542 0.000017905 0.000027767 1.000000000 0.000024142 -0.000003268 0.000012541 -0.000024142 1.000000000 0.000017358
1.000000000 -0.000021367 0.000011489 0.000003217 0.000021368 1.000000000 -0.000010997 0.000008153 -0.000011489 0.000010997 1.000000000 0.000003964
1.000000000 -0.000026932 -0.000013453 0.000017788 0.000026932 1.000000000 0.000021886 -0.000002673 0.000013453 -0.000021886 1.000000000 0.000014891
1.000000000 -0.000026931 -0.000013453 0.000017788 0.000026931 1.000000000 0.000021884 -0.000002673 0.000013452 -0.000021884 1.000000000 0.000014891
1.000000000 -0.000018552 -0.000109561 0.000147478 0.000018522 0.999999940 -0.000269940 0.000264823 0.000109566 0.000269938 0.999999940 0.000050496
1.000000000 0.000031608 -0.000032228 0.000021689 -0.000031609 1.000000000 -0.000021215 -0.000002199 0.000032228 0.000021216 1.000000000 -0.000026144
1.000000000 -0.000000766 0.000001515 -0.000000583 0.000000766 1.000000000 0.000000110 -0.000000265 -0.000001515 -0.000000110 1.000000000 -0.000000499
1.000000000 -0.000000766 0.000001513 -0.000000582 0.000000766 1.000000000 0.000000108 -0.000000264 -0.000001513 -0.000000108 1.000000000 -0.000000500
1.000000000 -0.000026572 -0.000012345 0.000016772 0.000026572 1.000000000 0.000021820 -0.000002577 0.000012345 -0.000021820 1.000000000 0.000015062
1.000000000 0.000052786 0.000067252 -0.000038276 -0.000052780 1.000000000 -0.000079834 0.000060441 -0.000067256 0.000079830 1.000000000 0.000037503
1.000000000 0.000000329 -0.000000241 0.000000207 -0.000000329 1.000000000 0.000000081 0.000000005 0.000000241 -0.000000081 1.000000000 0.000000127
1.000000000 -0.000027794 -0.000000273 0.000010675 0.000027794 1.000000000 0.000007714 0.000000370 0.000000272 -0.000007714 1.000000000 0.000007290
1.000000000 -0.000027766 -0.000012540 0.000017903 0.000027766 1.000000000 0.000024135 -0.000003264 0.000012540 -0.000024136 1.000000000 0.000017358
1.000000000 -0.000025500 -0.000012293 0.000014843 0.000025500 1.000000000 0.000022306 -0.000003996 0.000012292 -0.000022306 1.000000000 0.000011222
1.000000000 0.000022499 -0.000026957 -0.000016593 -0.000022505 1.000000000 -0.000200023 0.000121937 0.000026953 0.000200024 1.000000000 0.000029365
1.000000000 0.000003667 0.000002175 -0.000002562 -0.000003667 1.000000000 -0.000000033 -0.000000804 -0.000002175 0.000000033 1.000000000 -0.000000251
1.000000000 0.000044035 -0.000037586 0.000023667 -0.000044035 1.000000000 0.000002909 -0.000013831 0.000037586 -0.000002907 1.000000000 -0.000020532
1.000000000 0.000016565 -0.000085258 0.000007105 -0.000016575 1.000000000 -0.000109808 0.000043101 0.000085256 0.000109809 1.000000000 -0.000005651
1.000000000 -0.000008188 -0.000002767 0.000005507 0.000008188 1.000000000 0.000007764 0.000000707 0.000002767 -0.000007764 1.000000000 0.000007888
1.000000000 -0.000018779 -0.000109628 0.000147336 0.000018749 0.999999940 -0.000269740 0.000264642 0.000109633 0.000269738 0.999999940 0.000050457
1.000000000 0.000032010 -0.000031703 0.000021467 -0.000032010 1.000000000 -0.000021927 -0.000001609 0.000031702 0.000021928 1.000000000 -0.000025742
1.000000000 -0.000017448 0.000013115 -0.000001659 0.000017449 1.000000000 -0.000031168 0.000012936 -0.000013115 0.000031168 1.000000000 0.000004751
1.000000000 -0.000003830 -0.000001784 0.000001132 0.000003830 1.000000000 -0.000011977 0.000004945 0.000001784 0.000011977 1.000000000 0.000008022
1.000000000 0.000029302 -0.000029706 0.000022458 -0.000029303 1.000000000 -0.000026344 -0.000000671 0.000029706 0.000026345 1.000000000 -0.000027933
1.000000000 -0.000009916 -0.000082738 0.000047175 0.000009914 1.000000000 -0.000028419 -0.000004191 0.000082738 0.000028418 1.000000000 -0.000025086
1.000000000 -0.000017479 0.000012738 -0.000001278 0.000017480 1.000000000 -0.000030340 0.000012387 -0.000012738 0.000030340 1.000000000 0.000004417
1.000000000 -0.000023223 -0.000010963 0.000013020 0.000023223 1.000000000 0.000003502 0.000001503 0.000010963 -0.000003503 1.000000000 0.000017303
1.000000000 -0.000023765 -0.000008784 0.000015886 0.000023765 1.000000000 0.000016055 -0.000002374 0.000008784 -0.000016055 1.000000000 0.000014499
1.000000000 0.000007285 -0.000032779 0.000033158 -0.000007286 1.000000000 -0.000027093 0.000003816 0.000032779 0.000027094 1.000000000 -0.000029790
1.000000000 -0.000028483 -0.000014917 0.000018895 0.000028483 1.000000000 0.000008109 0.000005098 0.000014917 -0.000008109 1.000000000 0.000027483
1.000000000 -0.000027743 -0.000012541 0.000020599 0.000027743 1.000000000 0.000018182 0.000002004 0.000012541 -0.000018182 1.000000000 0.000022362
0.999999940 -0.000293064 -0.000231442 0.000444511 0.000292990 0.999999881 -0.000320678 0.000394539 0.000231536 0.000320610 0.999999940 0.001012389
0.999999166 -0.000562768 0.001152400 0.000555157 0.000562710 0.999999821 0.000050437 0.000118499 -0.001152428 -0.000049788 0.999999344 0.005974288
0.999995351 -0.000361579 0.003025018 0.000554083 0.000363238 0.999999762 -0.000547898 0.000194510 -0.003024819 0.000548994 0.999995291 0.016794672
0.999988914 -0.000319794 0.004698738 0.000815065 0.000320824 0.999999940 -0.000218318 0.000046532 -0.004698668 0.000219823 0.999988914 0.025334928
0.999984443 -0.000231191 0.005575916 0.001417009 0.000234055 0.999999821 -0.000512975 0.000343256 -0.005575796 0.000514272 0.999984324 0.035474744
0.999974191 -0.000093510 0.007186991 0.001444906 0.000088990 0.999999821 0.000629173 -0.000369339 -0.007187048 -0.000628517 0.999973953 0.042496230
0.999953926 0.000169548 0.009599194 0.001472164 -0.000168149 1.000000000 -0.000146508 -0.000149365 -0.009599219 0.000144887 0.999953926 0.057712100
0.999939978 0.000059950 0.010958550 0.001793237 -0.000055985 0.999999940 -0.000362073 -0.000010823 -0.010958571 0.000361438 0.999939859 0.069271483
0.999919653 -0.000331734 0.012670958 0.002510393 0.000346822 0.999999225 -0.001188549 0.000543827 -0.012670554 0.001192848 0.999918997 0.082795955
0.999899089 0.000036148 0.014206869 0.002644459 -0.000023796 0.999999642 -0.000869598 0.000073797 -0.014206895 0.000869172 0.999898672 0.093003511
0.999873698 -0.000263453 0.015890691 0.003393289 0.000270314 0.999999881 -0.000429621 0.000279783 -0.015890578 0.000433863 0.999873638 0.108368166
0.999833763 0.000547101 0.018223315 0.002881263 -0.000528902 0.999999344 -0.001003484 0.000400948 -0.018223854 0.000993679 0.999833465 0.121131085
0.999813914 0.000241059 0.019289181 0.003465414 -0.000229108 0.999999762 -0.000621779 0.000155592 -0.019289328 0.000617244 0.999813735 0.130930752
0.999771118 -0.000533706 0.021388495 0.004584846 0.000541909 0.999999762 -0.000377732 0.000082455 -0.021388290 0.000389237 0.999771178 0.149935186
0.999743044 0.000455037 0.022663692 0.005195566 -0.000412240 0.999998152 -0.001893019 0.001208479 -0.022664512 0.001883190 0.999741375 0.162208840
0.999690831 0.000132198 0.024863452 0.005396151 -0.000132999 1.000000000 0.000030568 -0.000222623 -0.024863448 -0.000033865 0.999690831 0.174643531
0.999654770 0.000236440 0.026273619 0.005272561 -0.000216636 0.999999702 -0.000756592 -0.000103231 -0.026273789 0.000750639 0.999654531 0.183853105
0.999578595 0.000422291 0.029024711 0.005658349 -0.000397248 0.999999523 -0.000868593 0.000193721 -0.029025065 0.000856697 0.999578297 0.202650592
0.999541640 0.000137348 0.030273592 0.006357137 -0.000125519 0.999999940 -0.000392612 -0.000260198 -0.030273644 0.000388632 0.999541581 0.212953746
0.999500573 0.000045322 0.031599790 0.006965956 -0.000052737 1.000000000 0.000233812 -0.000678363 -0.031599779 -0.000235362 0.999500573 0.230369240
0.999513090 -0.000630361 0.031195380 0.007759282 0.000643074 0.999999702 -0.000397497 -0.000558590 -0.031195121 0.000417365 0.999513209 0.239148304
0.999493539 -0.000052336 0.031822771 0.007763518 0.000057211 1.000000000 -0.000152270 -0.000669820 -0.031822760 0.000154014 0.999493539 0.251683474
0.999473572 0.000506254 0.032440178 0.007829619 -0.000512248 0.999999881 0.000176469 -0.001048455 -0.032440085 -0.000192994 0.999473691 0.266829491
0.999466777 0.000486978 0.032648880 0.007925528 -0.000509935 0.999999642 0.000694818 -0.001145988 -0.032648530 -0.000711096 0.999466658 0.280920118
0.999491215 -0.000017186 0.031895258 0.009244540 0.000008995 0.999999940 0.000256975 -0.001058599 -0.031895261 -0.000256557 0.999491155 0.298213482
0.999478221 -0.000314757 0.032298766 0.009430951 0.000296483 0.999999821 0.000570579 -0.001254376 -0.032298941 -0.000560705 0.999478102 0.312392890
0.999487340 0.000102064 0.032016810 0.009736363 -0.000100949 1.000000000 -0.000036451 -0.001087476 -0.032016810 0.000033201 0.999487340 0.320596963
0.999481440 -0.000137334 0.032199129 0.010355270 0.000116020 0.999999762 0.000663804 -0.001333148 -0.032199215 -0.000659724 0.999481261 0.340983123
0.999488831 0.000008859 0.031970181 0.010771410 0.000000032 0.999999940 -0.000278112 -0.000793048 -0.031970181 0.000277971 0.999488771 0.357383847
0.999465585 0.000463425 0.032685239 0.010508922 -0.000466485 0.999999881 0.000086014 -0.001106161 -0.032685194 -0.000101215 0.999465704 0.366220623
0.999475241 0.000362085 0.032390788 0.010794332 -0.000327577 0.999999344 -0.001070666 -0.000706512 -0.032391153 0.001059494 0.999474704 0.378106058
0.999459445 -0.000162013 0.032875068 0.011187788 0.000165211 1.000000000 -0.000094562 -0.001196605 -0.032875054 0.000099942 0.999459445 0.393509716
0.999483287 0.000081013 0.032142103 0.012158555 -0.000095259 0.999999881 0.000441666 -0.001756732 -0.032142062 -0.000444500 0.999483228 0.411230087
0.999472499 -0.000318331 0.032475539 0.012371588 0.000290908 0.999999583 0.000849149 -0.001856774 -0.032475796 -0.000839254 0.999472141 0.420305967
0.999476731 0.000138212 0.032345735 0.012545854 -0.000159825 0.999999762 0.000665608 -0.001846515 -0.032345638 -0.000670430 0.999476492 0.436298668
0.999444067 0.000127979 0.033340085 0.011974354 -0.000135135 0.999999940 0.000212391 -0.001675737 -0.033340059 -0.000216778 0.999444067 0.445541918
0.999445617 0.000359007 0.033292212 0.012692251 -0.000366374 0.999999881 0.000215170 -0.001905240 -0.033292133 -0.000227248 0.999445617 0.461261988
0.999472618 -0.000492223 0.032469813 0.013756147 0.000464927 0.999999523 0.000848207 -0.002419510 -0.032470215 -0.000832663 0.999472380 0.469714880
0.999462724 -0.000284096 0.032774068 0.013899674 0.000271603 0.999999881 0.000385622 -0.002234995 -0.032774173 -0.000376513 0.999462724 0.481463224
0.999480486 -0.000197155 0.032229997 0.014932368 0.000168363 0.999999583 0.000896059 -0.002250042 -0.032230161 -0.000890167 0.999480069 0.501208305
0.999460638 0.000476083 0.032836355 0.014544466 -0.000526793 0.999998689 0.001535683 -0.002613468 -0.032835580 -0.001552153 0.999459565 0.511801362
0.999456584 0.000009935 0.032963406 0.015091136 -0.000064573 0.999998629 0.001656474 -0.002639651 -0.032963343 -0.001657702 0.999455214 0.521258235
0.999466360 0.000003087 0.032664567 0.015662670 -0.000030681 0.999999642 0.000844242 -0.002398080 -0.032664552 -0.000844794 0.999466002 0.534135938
0.999470115 0.000248774 0.032548763 0.015671961 -0.000275856 0.999999642 0.000827549 -0.002054805 -0.032548547 -0.000836090 0.999469817 0.548610687
0.999464691 0.000158494 0.032715172 0.016335046 -0.000170036 0.999999940 0.000350024 -0.001951624 -0.032715112 -0.000355399 0.999464631 0.565007865
0.999470770 0.000157428 0.032529060 0.017061159 -0.000198225 0.999999225 0.001250945 -0.002486496 -0.032528836 -0.001256732 0.999469995 0.573593974
0.999463797 -0.000041205 0.032742899 0.017237494 -0.000018932 0.999998331 0.001836333 -0.002790795 -0.032742921 -0.001835968 0.999462128 0.592674613
0.999467134 -0.000305461 0.032639239 0.017773051 0.000237614 0.999997795 0.002082539 -0.002929334 -0.032639805 -0.002073674 0.999465048 0.602402568
0.999455690 0.000477316 0.032986842 0.018090745 -0.000529515 0.999998629 0.001573695 -0.002833429 -0.032986045 -0.001590306 0.999454558 0.616691053
0.999457538 -0.000015066 0.032934479 0.018533565 -0.000018070 0.999999523 0.001005834 -0.002355020 -0.032934479 -0.001005884 0.999457002 0.625756264
0.999446809 0.000395075 0.033255387 0.018684104 -0.000447713 0.999998629 0.001575412 -0.002860337 -0.033254720 -0.001589429 0.999445617 0.643129647
0.999471426 0.000196088 0.032509591 0.019545926 -0.000258961 0.999998093 0.001929786 -0.003219264 -0.032509148 -0.001937184 0.999469578 0.654663444
0.999462783 -0.000094320 0.032773230 0.020173561 0.000032122 0.999998212 0.001898344 -0.003222318 -0.032773349 -0.001896271 0.999460995 0.667714238
0.999467373 -0.000371556 0.032631304 0.020657875 0.000325641 0.999998927 0.001412414 -0.002884495 -0.032631792 -0.001401036 0.999466479 0.687930107
0.999487877 -0.000237393 0.031998836 0.021630501 0.000193430 0.999999046 0.001376984 -0.003015344 -0.031999130 -0.001370089 0.999486983 0.700648367
0.999470830 -0.000233328 0.032527763 0.021514231 0.000184279 0.999998868 0.001510899 -0.002999859 -0.032528080 -0.001504105 0.999469697 0.707954347
0.999468088 -0.000341443 0.032610901 0.021297518 0.000284619 0.999998450 0.001747090 -0.003128642 -0.032611448 -0.001736879 0.999466598 0.717367828
0.999473155 -0.000113822 0.032455329 0.021751378 0.000051431 0.999998152 0.001923195 -0.003172903 -0.032455489 -0.001920512 0.999471366 0.729705274
0.999485195 -0.000240714 0.032082282 0.022877919 0.000173313 0.999997795 0.002103656 -0.003167801 -0.032082714 -0.002097013 0.999482989 0.745938957
0.999460280 -0.000190856 0.032850258 0.022798024 0.000109053 0.999996901 0.002491953 -0.003807058 -0.032850631 -0.002487025 0.999457181 0.762320697
0.999482632 -0.000432637 0.032160833 0.023751421 0.000363314 0.999997616 0.002161350 -0.003666953 -0.032161694 -0.002148547 0.999480367 0.776797712
0.999465704 -0.000326598 0.032684080 0.023688823 0.000294226 0.999999464 0.000995251 -0.002848477 -0.032684386 -0.000985102 0.999465227 0.790311694
0.999458671 0.000178024 0.032899126 0.023991382 -0.000245014 0.999997914 0.002032202 -0.003316528 -0.032898694 -0.002039163 0.999456584 0.804405391
0.999460876 -0.000161488 0.032832611 0.024553778 0.000099032 0.999998212 0.001903862 -0.003349858 -0.032832857 -0.001899584 0.999459028 0.820538044
0.999472201 0.000019930 0.032485913 0.025033785 -0.000095411 0.999997318 0.002321938 -0.003367028 -0.032485779 -0.002323812 0.999469519 0.832715154
0.999480426 -0.000485486 0.032228850 0.025745707 0.000409114 0.999997079 0.002376251 -0.003857906 -0.032229908 -0.002361831 0.999477684 0.842268407
0.999465287 -0.000581725 0.032692447 0.025736226 0.000537222 0.999998927 0.001370019 -0.003136386 -0.032693207 -0.001351724 0.999464512 0.853763521
0.999486983 -0.000558764 0.032022681 0.026663251 0.000492767 0.999997735 0.002068783 -0.003491369 -0.032023765 -0.002051942 0.999485016 0.867567480
0.999479532 -0.000927136 0.032246813 0.026827583 0.000875644 0.999998331 0.001610905 -0.003521789 -0.032248251 -0.001581830 0.999478638 0.875656664
0.999474347 -0.000808352 0.032409914 0.027354196 0.000749937 0.999998093 0.001814481 -0.003422742 -0.032411318 -0.001789222 0.999473035 0.887863874
0.999460518 0.000366659 0.032841828 0.027378635 -0.000434641 0.999997795 0.002062863 -0.003776497 -0.032841001 -0.002076024 0.999458432 0.899780691
0.999476671 -0.000822639 0.032338250 0.028251873 0.000738620 0.999996305 0.002609988 -0.004326222 -0.032340277 -0.002584737 0.999473572 0.913464010
0.999500573 -0.000705861 0.031592511 0.029273385 0.000615550 0.999995708 0.002868256 -0.004486447 -0.031594399 -0.002847377 0.999496698 0.923045576
0.999440491 -0.000835292 0.033436719 0.029063325 0.000739879 0.999995649 0.002865810 -0.004016388 -0.033438969 -0.002839468 0.999436736 0.935850024
0.999406993 -0.000951372 0.034420345 0.030463865 0.000861077 0.999996126 0.002638029 -0.004411886 -0.034422722 -0.002606826 0.999403954 0.948298097
0.999297321 0.000124120 0.037480880 0.029944103 -0.000238043 0.999995351 0.003035051 -0.004736105 -0.037480332 -0.003041840 0.999292731 0.964285851
0.999300241 -0.000429464 0.037401609 0.031581268 0.000322475 0.999995828 0.002866538 -0.004698084 -0.037402686 -0.002852471 0.999296188 0.973887086
0.999274731 -0.001278859 0.038057156 0.032239955 0.001184423 0.999996185 0.002503886 -0.004669931 -0.038060214 -0.002456994 0.999272406 0.982872784
0.999154449 -0.000191791 0.041113358 0.032761268 0.000100341 0.999997497 0.002226405 -0.004060448 -0.041113682 -0.002220397 0.999152005 1.000298262
0.999100566 -0.000525951 0.042400915 0.033770725 0.000429508 0.999997318 0.002283628 -0.004191521 -0.042402003 -0.002263362 0.999098063 1.012651205
0.999009907 -0.000289063 0.044487871 0.033978753 0.000207739 0.999998271 0.001832618 -0.003753645 -0.044488326 -0.001821562 0.999008238 1.025070906
0.998928785 0.000013824 0.046274140 0.035019204 -0.000142832 0.999996126 0.002784593 -0.004528199 -0.046273921 -0.002788220 0.998924911 1.040434122
0.998829603 -0.000924511 0.048359085 0.036035914 0.000810255 0.999996841 0.002382208 -0.004127751 -0.048361134 -0.002340237 0.998827159 1.055920839
0.998768091 -0.001170220 0.049607504 0.037193563 0.001041096 0.999996006 0.002628671 -0.004355547 -0.049610384 -0.002573787 0.998765349 1.068044782
0.998678684 -0.001107246 0.051377933 0.038416002 0.000968582 0.999995828 0.002723718 -0.004693150 -0.051380735 -0.002670355 0.998675585 1.085575461
0.998540223 -0.000461541 0.054010805 0.038832664 0.000337757 0.999997318 0.002300937 -0.004263951 -0.054011721 -0.002279335 0.998537719 1.099784136
0.998438299 -0.000399844 0.055864021 0.040053334 0.000270589 0.999997258 0.002321302 -0.004340803 -0.055864800 -0.002302560 0.998435676 1.117201447
0.998371780 -0.001091820 0.057031218 0.040368583 0.000974734 0.999997377 0.002080806 -0.004367919 -0.057033338 -0.002021828 0.998370230 1.123576283
0.998340070 -0.000721403 0.057590093 0.040631182 0.000552658 0.999995530 0.002945980 -0.004596913 -0.057591960 -0.002909262 0.998335958 1.132611036
0.998321235 -0.000581506 0.057917058 0.041280463 0.000383552 0.999994040 0.003428947 -0.005253113 -0.057918709 -0.003400977 0.998315513 1.146965027
0.998337924 -0.000923912 0.057623707 0.042592693 0.000768424 0.999996006 0.002720425 -0.004625899 -0.057625990 -0.002671624 0.998334646 1.163533330
0.998292625 -0.000588243 0.058407668 0.042645335 0.000452229 0.999997139 0.002341895 -0.004709343 -0.058408879 -0.002311483 0.998290062 1.174901009
0.998292089 -0.000122104 0.058419760 0.043233171 -0.000025883 0.999996781 0.002532387 -0.004358756 -0.058419883 -0.002529574 0.998288870 1.187845349
0.998303294 -0.000890385 0.058221545 0.044467971 0.000740012 0.999996364 0.002604292 -0.004719640 -0.058223650 -0.002556788 0.998300314 1.201717973
0.998339891 -0.000165887 0.057597421 0.045560054 0.000041146 0.999997675 0.002166913 -0.004457294 -0.057597645 -0.002160946 0.998337567 1.216360211
0.998378277 -0.000938420 0.056920204 0.046653960 0.000745329 0.999993920 0.003413448 -0.005300531 -0.056923058 -0.003365488 0.998372912 1.225798368
0.998368382 -0.001063759 0.057091717 0.047801144 0.000893246 0.999995053 0.003012101 -0.005474131 -0.057094637 -0.002956190 0.998364389 1.250147700
0.998360693 -0.001417188 0.057218336 0.048422039 0.001290497 0.999996662 0.002251056 -0.004265672 -0.057221334 -0.002173526 0.998359144 1.262284636
0.998368561 -0.001269029 0.057083774 0.048886038 0.001134699 0.999996483 0.002385554 -0.004132912 -0.057086602 -0.002316889 0.998366535 1.270677328
0.998366714 -0.001368274 0.057113793 0.049274184 0.001251272 0.999997020 0.002084288 -0.004155359 -0.057116479 -0.002009419 0.998365521 1.280361295
0.998357356 -0.000614261 0.057290699 0.050114740 0.000534291 0.999998868 0.001411172 -0.003609286 -0.057291504 -0.001378244 0.998356521 1.296385050
0.998354733 -0.000690071 0.057335854 0.051253825 0.000589538 0.999998271 0.001770312 -0.003761887 -0.057336975 -0.001733597 0.998353362 1.314087152
0.998361766 -0.000951568 0.057208937 0.051543254 0.000835703 0.999997556 0.002049170 -0.003545051 -0.057210747 -0.001998004 0.998360097 1.321065903
0.998345137 -0.000682984 0.057501875 0.052236382 0.000578863 0.999998152 0.001827366 -0.003829104 -0.057503015 -0.001791057 0.998343706 1.333879948
0.998325884 0.000034842 0.057839405 0.052244436 -0.000118673 0.999998927 0.001445931 -0.003632623 -0.057839293 -0.001450374 0.998324871 1.349418998
0.998334825 0.000008673 0.057685532 0.053516749 -0.000092650 0.999998927 0.001453102 -0.003398410 -0.057685457 -0.001456027 0.998333752 1.364167929
0.998355508 -0.000152097 0.057326056 0.054519184 0.000058511 0.999998689 0.001634199 -0.003510480 -0.057326227 -0.001628157 0.998354197 1.374797344
0.998363137 -0.000334207 0.057192437 0.055397246 0.000236195 0.999998510 0.001720471 -0.003683160 -0.057192929 -0.001704146 0.998361707 1.389059544
0.998360395 -0.000257246 0.057240572 0.056266993 0.000148717 0.999998212 0.001900257 -0.003641048 -0.057240956 -0.001888628 0.998358607 1.403215289
0.998360336 -0.000418366 0.057240847 0.056939136 0.000377307 0.999999642 0.000728115 -0.002757901 -0.057241134 -0.000705324 0.998360157 1.418494225
0.998361349 -0.000086796 0.057224363 0.057383463 -0.000037837 0.999997616 0.002176891 -0.003993853 -0.057224419 -0.002175489 0.998358965 1.428463221
0.998338223 0.000038532 0.057626605 0.057715800 -0.000162622 0.999997675 0.002148665 -0.004211164 -0.057626389 -0.002154465 0.998335898 1.440527678
0.998364925 0.000020420 0.057161838 0.059484132 -0.000163780 0.999996841 0.002503284 -0.004158864 -0.057161607 -0.002508553 0.998361766 1.456297874
0.998344064 -0.000239373 0.057524692 0.060034104 0.000122360 0.999997914 0.002037656 -0.003746505 -0.057525057 -0.002027243 0.998341978 1.469277143
0.998261273 0.000141651 0.058944628 0.059825607 -0.000226881 0.999998927 0.001439243 -0.003689871 -0.058944359 -0.001450114 0.998260200 1.483986974
0.998144567 -0.000658199 0.060884904 0.059505142 0.000547362 0.999998152 0.001837083 -0.003894181 -0.060886003 -0.001800348 0.998143077 1.501878858
0.998070955 -0.000588435 0.062080525 0.058851972 0.000427009 0.999996483 0.002613502 -0.004439042 -0.062081847 -0.002581952 0.998067737 1.510374427
0.998045504 -0.000335852 0.062490825 0.058515232 0.000176492 0.999996722 0.002555646 -0.004349443 -0.062491480 -0.002539622 0.998042285 1.520559669
0.998093605 -0.000076326 0.061718103 0.057767142 -0.000038481 0.999998271 0.001858994 -0.003794075 -0.061718136 -0.001857825 0.998091877 1.532237291
0.998215675 -0.000266165 0.059711389 0.057095792 0.000105068 0.999996364 0.002701054 -0.004514630 -0.059711892 -0.002689961 0.998212039 1.549567342
0.998267472 -0.000488075 0.058837447 0.057183627 0.000348076 0.999997079 0.002389640 -0.004557771 -0.058838442 -0.002365020 0.998264730 1.558596134
0.998470008 -0.000418577 0.055293962 0.057113755 0.000295232 0.999997437 0.002238864 -0.004406653 -0.055294760 -0.002219114 0.998467624 1.571069360
0.998707175 -0.000417097 0.050830584 0.056469809 0.000257417 0.999994993 0.003147929 -0.004867242 -0.050831642 -0.003130775 0.998702347 1.581810236
0.999021709 -0.000841183 0.044214994 0.057399966 0.000667773 0.999992013 0.003936599 -0.005376867 -0.044217952 -0.003903223 0.999014258 1.595231295
0.999245167 0.000030265 0.038847588 0.056598261 -0.000141845 0.999995887 0.002869487 -0.004803039 -0.038847342 -0.002872832 0.999241054 1.610272050
0.999563456 -0.000060551 0.029544119 0.056611419 -0.000029709 0.999995351 0.003054633 -0.005051216 -0.029544165 -0.003054177 0.999558806 1.629744530
0.999674797 -0.000390285 0.025498873 0.056902654 0.000311332 0.999995172 0.003100238 -0.004952228 -0.025499959 -0.003091292 0.999670029 1.639962196
0.999778330 -0.000501201 0.021047376 0.056898210 0.000460698 0.999998033 0.001929182 -0.004286673 -0.021048302 -0.001919058 0.999776602 1.657305837
0.999782681 -0.000456316 0.020842073 0.056616113 0.000396819 0.999995828 0.002858699 -0.004645450 -0.020843292 -0.002849807 0.999778688 1.670837402
0.999723196 -0.000283963 0.023524508 0.054589026 0.000224477 0.999996781 0.002531284 -0.004869018 -0.023525150 -0.002525302 0.999720037 1.691398859
0.999714136 -0.000475524 0.023904458 0.053925127 0.000437329 0.999998629 0.001603015 -0.004159532 -0.023905186 -0.001592102 0.999712944 1.703029037
0.999755740 -0.000156809 0.022100087 0.052704778 0.000101036 0.999996781 0.002524710 -0.004653452 -0.022100413 -0.002521860 0.999752581 1.712803483
0.999859214 0.000047314 0.016778814 0.051454648 -0.000087296 0.999997139 0.002382180 -0.004921433 -0.016778653 -0.002383310 0.999856412 1.725740433
0.999933839 0.000245613 0.011499431 0.050623231 -0.000279241 0.999995708 0.002922789 -0.004930952 -0.011498664 -0.002925807 0.999929607 1.738798499
0.999973953 -0.000331682 0.007206674 0.050780956 0.000316573 0.999997735 0.002097663 -0.004608812 -0.007207354 -0.002095327 0.999971807 1.750946403
0.999985278 0.000503036 0.005404945 0.049218401 -0.000514789 0.999997497 0.002173234 -0.004596250 -0.005403839 -0.002175985 0.999983013 1.765785217
0.999997616 0.000652070 0.002088570 0.048727356 -0.000656005 0.999998033 0.001883828 -0.004455043 -0.002087337 -0.001885194 0.999996066 1.783839345
0.999999821 0.000059136 -0.000586913 0.048488181 -0.000057482 0.999996006 0.002817239 -0.004810254 0.000587077 -0.002817205 0.999995887 1.802103400
0.999995649 0.000370316 -0.002930479 0.047936700 -0.000362015 0.999995947 0.002832830 -0.004980507 0.002931516 -0.002831757 0.999991715 1.818394184
0.999986351 0.000741896 -0.005175416 0.048301384 -0.000730158 0.999997139 0.002269533 -0.004447526 0.005177085 -0.002265723 0.999984026 1.831121325
0.999985516 -0.000104819 -0.005386658 0.048128009 0.000118809 0.999996603 0.002596829 -0.005116606 0.005386368 -0.002597431 0.999982119 1.839050174
0.999971807 0.000048944 -0.007505392 0.047630463 -0.000028578 0.999996305 0.002713560 -0.005153481 0.007505497 -0.002713269 0.999968171 1.855001092
0.999954641 0.000207036 -0.009523914 0.047352549 -0.000183548 0.999996960 0.002466965 -0.005140035 0.009524396 -0.002465104 0.999951601 1.867184043
0.999933660 -0.000195939 -0.011518182 0.046535220 0.000230447 0.999995470 0.002994716 -0.005409612 0.011517543 -0.002997171 0.999929190 1.883990288
0.999911368 0.000104143 -0.013311670 0.046417397 -0.000064921 0.999995649 0.002946859 -0.005241917 0.013311919 -0.002945733 0.999907076 1.898585200
0.999881089 -0.000469105 -0.015415687 0.046570543 0.000518933 0.999994636 0.003228426 -0.005223172 0.015414091 -0.003236042 0.999875963 1.909891129
0.999865770 0.000719118 -0.016367991 0.045591652 -0.000682439 0.999997258 0.002246406 -0.004446762 0.016369561 -0.002234934 0.999863505 1.921453118
0.999842346 0.000211916 -0.017756110 0.045185398 -0.000179375 0.999998331 0.001834200 -0.004337586 0.017756470 -0.001830726 0.999840677 1.936491370
0.999828219 0.000337832 -0.018532665 0.044462509 -0.000288518 0.999996424 0.002663496 -0.005095543 0.018533500 -0.002657691 0.999824703 1.946440578
0.999817967 0.000048158 -0.019079980 0.044480283 -0.000013876 0.999998391 0.001796915 -0.004640357 0.019080035 -0.001796324 0.999816358 1.959819198
0.999818921 -0.000298726 -0.019027239 0.043823808 0.000331772 0.999998450 0.001733599 -0.004519561 0.019026691 -0.001739597 0.999817491 1.979889512
0.999798536 -0.000616615 -0.020061960 0.044270605 0.000678054 0.999995112 0.003055806 -0.005681052 0.020059977 -0.003068794 0.999794066 1.988899112
0.999808311 -0.000146742 -0.019578276 0.043698076 0.000204618 0.999995589 0.002954140 -0.005442347 0.019577758 -0.002957580 0.999803960 2.000093222
0.999789119 -0.000626741 -0.020526674 0.044163361 0.000697371 0.999993861 0.003433899 -0.005693439 0.020524396 -0.003447490 0.999783397 2.019329548
0.999800503 0.000140838 -0.019972268 0.043094978 -0.000069147 0.999993563 0.003590154 -0.005568246 0.019972647 -0.003588057 0.999794066 2.036886454
0.999801934 -0.000189580 -0.019901443 0.043102726 0.000257744 0.999994099 0.003422584 -0.005257326 0.019900676 -0.003427035 0.999796093 2.050085783
0.999793708 -0.000192279 -0.020309525 0.042711787 0.000253410 0.999995470 0.003007437 -0.005262183 0.020308852 -0.003011963 0.999789238 2.064126253
0.999790609 -0.000246436 -0.020460233 0.042509757 0.000313086 0.999994636 0.003254396 -0.005544500 0.020459322 -0.003260121 0.999785364 2.078341246
0.999785006 -0.000435907 -0.020731390 0.042657740 0.000490123 0.999996483 0.002610124 -0.005018369 0.020730179 -0.002619723 0.999781668 2.091481686
0.999803305 0.000893948 -0.019812685 0.041150108 -0.000821567 0.999992967 0.003661152 -0.005566025 0.019815817 -0.003644154 0.999796987 2.101425648
0.999796748 0.000339761 -0.020157354 0.041225486 -0.000305876 0.999998510 0.001684086 -0.004429170 0.020157896 -0.001677578 0.999795377 2.111313581
0.999792635 -0.000003084 -0.020363348 0.040846117 0.000067659 0.999994993 0.003170479 -0.005311077 0.020363236 -0.003171199 0.999787629 2.130268812
0.999791145 0.000378168 -0.020432206 0.041103825 -0.000327199 0.999996841 0.002497829 -0.004440987 0.020433087 -0.002490622 0.999788105 2.143039703
0.999804020 -0.000649526 -0.019786635 0.040688831 0.000728974 0.999991715 0.004008309 -0.005589089 0.019783868 -0.004021948 0.999796212 2.158345938
0.999805093 -0.000251530 -0.019739764 0.040054455 0.000321067 0.999993742 0.003519588 -0.005120347 0.019738756 -0.003525240 0.999798954 2.180275202
0.999798477 -0.000472999 -0.020069795 0.039894536 0.000548506 0.999992788 0.003756886 -0.005343454 0.020067872 -0.003767138 0.999791503 2.191468716
0.999802411 -0.000543012 -0.019870518 0.039602902 0.000624123 0.999991477 0.004076009 -0.005236761 0.019868135 -0.004087605 0.999794245 2.204478741
0.999811888 -0.000553761 -0.019386759 0.039121237 0.000628266 0.999992430 0.003837182 -0.005341369 0.019384487 -0.003848640 0.999804676 2.224534750
0.999806583 0.000091502 -0.019667838 0.038900908 -0.000030956 0.999995232 0.003078697 -0.004613045 0.019668028 -0.003077493 0.999801815 2.241400003
0.999801636 -0.000146530 -0.019917831 0.038198426 0.000199878 0.999996424 0.002676429 -0.004765432 0.019917367 -0.002679879 0.999798059 2.261196136
0.999796271 -0.000936051 -0.020162433 0.038231555 0.000993254 0.999995530 0.002827295 -0.004983022 0.020159695 -0.002846746 0.999792695 2.278327703
0.999790907 -0.000312308 -0.020445693 0.038019504 0.000376000 0.999995112 0.003111414 -0.004903867 0.020444620 -0.003118451 0.999786139 2.288632154
0.999810696 -0.000424026 -0.019451380 0.036958009 0.000494407 0.999993324 0.003613666 -0.005426351 0.019449718 -0.003622599 0.999804258 2.301379442
0.999802589 -0.000282458 -0.019867491 0.036466494 0.000355471 0.999993205 0.003671552 -0.005188247 0.019866319 -0.003677890 0.999795854 2.319761276
0.999806762 -0.000102131 -0.019657016 0.035585761 0.000160983 0.999995530 0.002992383 -0.004935552 0.019656623 -0.002994970 0.999802291 2.333962917
0.999802470 -0.000511678 -0.019867454 0.035822012 0.000562250 0.999996603 0.002539960 -0.004730706 0.019866087 -0.002550629 0.999799371 2.348657608
0.999807954 -0.000312324 -0.019593768 0.035093710 0.000363438 0.999996543 0.002605216 -0.004873410 0.019592887 -0.002611837 0.999804616 2.361646652
0.999811769 -0.000512600 -0.019394858 0.034822471 0.000583133 0.999993265 0.003631206 -0.005397924 0.019392865 -0.003641832 0.999805331 2.380098343
0.999817610 0.000344356 -0.019094311 0.034114342 -0.000295211 0.999996662 0.002576582 -0.004941871 0.019095134 -0.002570475 0.999814391 2.396071196
0.999812186 -0.000190702 -0.019379703 0.033868324 0.000237874 0.999997020 0.002431834 -0.005247151 0.019379180 -0.002435987 0.999809265 2.407947779
0.999812722 0.000647371 -0.019341651 0.033483405 -0.000604109 0.999997318 0.002242495 -0.004628911 0.019343050 -0.002230391 0.999810398 2.427568197
0.999806166 0.000246236 -0.019687425 0.033626143 -0.000188607 0.999995708 0.002929046 -0.005037833 0.019688061 -0.002924765 0.999801874 2.440319777
0.999805868 0.000121758 -0.019703658 0.033114810 -0.000089206 0.999998629 0.001652967 -0.004445185 0.019703833 -0.001650889 0.999804497 2.460757017
0.999809206 0.000651326 -0.019523043 0.032597471 -0.000601772 0.999996603 0.002544010 -0.005144635 0.019524632 -0.002531776 0.999806166 2.474638939
0.999807000 0.000180406 -0.019644776 0.032585785 -0.000126716 0.999996245 0.002734283 -0.004933735 0.019645195 -0.002731266 0.999803305 2.487053394
0.999817014 0.000183007 -0.019128541 0.031956580 -0.000144374 0.999997973 0.002021001 -0.004594869 0.019128870 -0.002017870 0.999814987 2.502016544
0.999800324 0.000258226 -0.019982416 0.031986214 -0.000197735 0.999995410 0.003029121 -0.004901326 0.019983107 -0.003024565 0.999795735 2.518718004
0.999815106 0.000303496 -0.019227494 0.031202743 -0.000271274 0.999998569 0.001678404 -0.004161050 0.019227976 -0.001672878 0.999813735 2.533212900
0.999811172 0.000717764 -0.019419119 0.031351827 -0.000662177 0.999995649 0.002868744 -0.004706079 0.019421093 -0.002855343 0.999807298 2.545559883
0.999807835 -0.000152111 -0.019603195 0.031440221 0.000217765 0.999994397 0.003347073 -0.005400223 0.019602576 -0.003350699 0.999802232 2.555854797
0.999814034 -0.000062477 -0.019286003 0.030870190 0.000114749 0.999996305 0.002709287 -0.004719432 0.019285763 -0.002710996 0.999810338 2.572888136
0.999805450 0.000512014 -0.019716589 0.030655824 -0.000451197 0.999995112 0.003088924 -0.005651804 0.019718073 -0.003079427 0.999800861 2.586261272
0.999807656 0.000469077 -0.019607548 0.030204978 -0.000410258 0.999995410 0.003003705 -0.005532231 0.019608866 -0.002995083 0.999803245 2.602198124
0.999814689 0.000344279 -0.019246669 0.029785477 -0.000298022 0.999997079 0.002406192 -0.005337230 0.019247442 -0.002400010 0.999811888 2.617068529
0.999809563 0.000755186 -0.019501127 0.029349465 -0.000683785 0.999993026 0.003667793 -0.006017339 0.019503763 -0.003653760 0.999803126 2.639013290
0.999790549 -0.000231884 -0.020465491 0.030316548 0.000308395 0.999992967 0.003735484 -0.006071380 0.020464482 -0.003741013 0.999783576 2.651305914
