1.000000000 0.000000000 0.000000000 0.000000000 0.000000000 1.000000000 0.000000000 0.000000000 0.000000000 0.000000000 1.000000000 0.000000000
1.000000000 0.000004693 -0.000190327 0.000265376 -0.000004692 1.000000000 0.000002123 0.000015209 0.000190327 -0.000002122 1.000000000 -0.000102617
1.000000000 0.000144449 0.000140731 -0.000195849 -0.000144459 1.000000000 0.000071198 -0.000103626 -0.000140721 -0.000071219 1.000000000 -0.000001815
1.000000000 0.000024884 -0.000006209 -0.000014306 -0.000024883 1.000000000 0.000064993 -0.000029094 0.000006210 -0.000064993 1.000000000 -0.000040924
1.000000000 0.000011676 -0.000027177 -0.000020640 -0.000011675 1.000000000 0.000039746 0.000042670 0.000027177 -0.000039745 1.000000000 -0.000220184
1.000000000 -0.000025876 0.000091719 -0.000093639 0.000025864 1.000000000 0.000130447 -0.000133149 -0.000091723 -0.000130444 1.000000000 0.000036606
1.000000000 0.000212122 0.000039034 -0.000019495 -0.000212122 1.000000000 0.000011854 0.000000179 -0.000039031 -0.000011862 1.000000000 0.000095712
1.000000000 0.000055814 0.000006854 -0.000011401 -0.000055814 1.000000000 0.000021324 -0.000041736 -0.000006853 -0.000021324 1.000000000 -0.000052100
1.000000000 -0.000032201 -0.000190445 0.000250562 0.000032183 1.000000000 -0.000097178 0.000251778 0.000190448 0.000097171 1.000000000 -0.000103449
0.999999940 0.000215574 -0.000132216 0.000240380 -0.000215598 0.999999940 -0.000184531 0.000275636 0.000132176 0.000184560 1.000000000 -0.000020972
1.000000000 -0.000071602 0.000070029 0.000034502 0.000071610 1.000000000 -0.000107928 0.000191074 -0.000070021 0.000107933 1.000000000 0.000130228
1.000000000 0.000142447 -0.000080048 0.000130355 -0.000142447 1.000000000 0.000011795 0.000131708 0.000080050 -0.000011783 1.000000000 -0.000128368
0.999999940 0.000160882 -0.000212792 0.000228807 -0.000160915 1.000000000 -0.000156682 0.000341888 0.000212767 0.000156716 0.999999940 -0.000376848
0.999999940 0.000308887 -0.000171860 0.000276849 -0.000308915 0.999999940 -0.000167223 0.000319108 0.000171809 0.000167276 1.000000000 -0.000198939
0.999999940 0.000325270 -0.000067955 0.000089394 -0.000325273 0.999999940 -0.000047518 0.000144638 0.000067940 0.000047540 1.000000000 -0.000041348
1.000000000 0.000104387 -0.000011292 0.000111177 -0.000104388 1.000000000 -0.000071714 0.000139536 0.000011285 0.000071715 1.000000000 -0.000041923
0.999999940 0.000247928 -0.000036082 0.000093210 -0.000247929 0.999999940 -0.000010489 0.000144861 0.000036079 0.000010498 1.000000000 -0.000068192
0.999999940 0.000375148 -0.000055456 0.000146809 -0.000375158 0.999999940 -0.000164523 0.000254100 0.000055395 0.000164544 1.000000000 -0.000038838
0.999999940 0.000246431 0.000030206 0.000020891 -0.000246430 0.999999940 -0.000023684 0.000117844 -0.000030212 0.000023677 1.000000000 0.000048506
1.000000000 0.000159586 0.000014228 0.000001346 -0.000159585 1.000000000 -0.000075272 0.000163900 -0.000014240 0.000075270 1.000000000 0.000071961
1.000000000 0.000183648 0.000046294 0.000046200 -0.000183645 1.000000000 -0.000068062 0.000160778 -0.000046306 0.000068053 1.000000000 0.000080958
1.000000000 0.000164103 -0.000035132 0.000035264 -0.000164110 0.999999940 -0.000185549 0.000313365 0.000035101 0.000185555 1.000000000 -0.000199673
1.000000000 0.000179034 0.000015422 0.000036304 -0.000179033 1.000000000 -0.000068691 0.000218675 -0.000015434 0.000068689 1.000000000 -0.000072684
0.999999940 0.000286730 -0.000191578 0.000153130 -0.000286745 0.999999940 -0.000078741 0.000302970 0.000191556 0.000078796 1.000000000 -0.000261297
1.000000000 0.000152055 -0.000061211 0.000201206 -0.000152056 1.000000000 -0.000026300 0.000144702 0.000061207 0.000026309 1.000000000 0.000059327
1.000000000 0.000168041 0.000070984 -0.000076900 -0.000168035 1.000000000 -0.000081248 0.000162009 -0.000070997 0.000081236 1.000000000 0.000008747
1.000000000 0.000204100 -0.000119430 0.000193008 -0.000204111 1.000000000 -0.000092375 0.000365140 0.000119411 0.000092399 1.000000000 -0.000322345
0.999999940 0.000273482 -0.000187316 0.000281304 -0.000273526 0.999999940 -0.000233041 0.000397360 0.000187253 0.000233092 0.999999940 -0.000249301
1.000000000 0.000150099 -0.000162133 0.000257606 -0.000150119 1.000000000 -0.000128055 0.000215693 0.000162114 0.000128079 1.000000000 -0.000026990
0.999999940 0.000283617 -0.000041145 0.000163932 -0.000283623 0.999999940 -0.000163652 0.000223216 0.000041098 0.000163663 1.000000000 -0.000048131
1.000000000 0.000168640 -0.000073504 0.000035099 -0.000168638 1.000000000 0.000027985 0.000139541 0.000073508 -0.000027972 1.000000000 -0.000048376
1.000000000 -0.000044542 -0.000010684 0.000033750 0.000044542 1.000000000 0.000039263 0.000082091 0.000010683 -0.000039264 1.000000000 -0.000001653
0.999999940 0.000273305 -0.000048716 0.000058425 -0.000273316 0.999999940 -0.000225764 0.000316853 0.000048654 0.000225777 1.000000000 -0.000117522
0.999999940 0.000281853 -0.000148203 0.000281496 -0.000281856 0.999999940 -0.000019750 0.000120356 0.000148198 0.000019792 1.000000000 -0.000008301
1.000000000 0.000101647 -0.000171462 0.000218758 -0.000101655 1.000000000 -0.000045669 0.000199759 0.000171457 0.000045686 1.000000000 -0.000144090
0.999999940 0.000230069 -0.000152782 0.000220204 -0.000230074 1.000000000 -0.000030384 0.000213124 0.000152775 0.000030419 1.000000000 -0.000095711
0.999999940 0.000279106 -0.000298714 0.000370505 -0.000279178 0.999999940 -0.000239607 0.000421516 0.000298647 0.000239691 0.999999940 -0.000342078
1.000000000 0.000160236 -0.000046609 0.000070439 -0.000160241 1.000000000 -0.000106705 0.000239603 0.000046592 0.000106712 1.000000000 -0.000129648
1.000000000 0.000126239 -0.000123479 0.000233666 -0.000126267 0.999999940 -0.000227689 0.000277787 0.000123450 0.000227705 0.999999940 -0.000051948
1.000000000 0.000144065 -0.000008811 0.000004046 -0.000144067 1.000000000 -0.000186802 0.000291352 0.000008784 0.000186804 1.000000000 -0.000144360
1.000000000 0.000022012 0.000036105 0.000007633 -0.000022008 1.000000000 -0.000126378 0.000183121 -0.000036107 0.000126378 1.000000000 -0.000049472
1.000000000 0.000054552 -0.000064680 0.000115583 -0.000054557 1.000000000 -0.000078027 0.000224852 0.000064676 0.000078031 1.000000000 -0.000100755
0.999999940 0.000271520 -0.000025582 0.000081927 -0.000271522 0.999999940 -0.000083226 0.000168799 0.000025560 0.000083233 1.000000000 0.000063317
1.000000000 0.000181394 0.000049052 -0.000014138 -0.000181391 1.000000000 -0.000055844 0.000077386 -0.000049062 0.000055835 1.000000000 0.000123536
1.000000000 0.000196033 -0.000011911 0.000083294 -0.000196034 0.999999940 -0.000156745 0.000230462 0.000011881 0.000156748 1.000000000 -0.000025804
0.999999940 0.000234057 -0.000105121 0.000115653 -0.000234084 0.999999940 -0.000253714 0.000341043 0.000105061 0.000253739 0.999999940 -0.000166758
1.000000000 0.000201156 -0.000099587 0.000131172 -0.000201168 1.000000000 -0.000121145 0.000222541 0.000099562 0.000121165 1.000000000 -0.000096240
0.999999940 0.000309325 0.000021376 0.000012817 -0.000309324 0.999999940 -0.000054569 0.000071553 -0.000021392 0.000054563 1.000000000 0.000070877
1.000000000 0.000132887 -0.000117971 0.000182872 -0.000132893 1.000000000 -0.000048452 0.000110608 0.000117965 0.000048468 1.000000000 0.000096509
1.000000000 0.000086401 -0.000126582 0.000144058 -0.000086418 1.000000000 -0.000132590 0.000223806 0.000126570 0.000132601 1.000000000 -0.000027942
1.000000000 0.000180308 -0.000057891 0.000057814 -0.000180317 1.000000000 -0.000159007 0.000193131 0.000057863 0.000159018 1.000000000 -0.000087771
1.000000000 -0.000058852 0.000189091 -0.000259222 0.000058822 1.000000000 0.000159393 -0.000081914 -0.000189100 -0.000159382 0.999999940 0.000010906
1.000000000 -0.000049530 0.000026356 -0.000047454 0.000049529 1.000000000 0.000015722 -0.000003572 -0.000026357 -0.000015721 1.000000000 0.000020884
0.999999940 0.000247552 -0.000227284 0.000323331 -0.000247599 0.999999940 -0.000204363 0.000328962 0.000227234 0.000204419 0.999999940 -0.000076790
0.999999940 0.000301495 -0.000083382 0.000108328 -0.000301515 0.999999940 -0.000247389 0.000330616 0.000083307 0.000247414 0.999999940 -0.000105781
1.000000000 0.000196453 0.000044079 0.000059909 -0.000196448 1.000000000 -0.000130552 0.000255790 -0.000044105 0.000130543 1.000000000 -0.000043906
0.999999940 0.000234620 -0.000215899 0.000307401 -0.000234635 0.999999940 -0.000069215 0.000181529 0.000215883 0.000069266 1.000000000 -0.000129801
1.000000000 -0.000008673 -0.000049152 0.000006092 0.000008667 1.000000000 -0.000125255 0.000169574 0.000049153 0.000125255 1.000000000 -0.000159477
1.000000000 -0.000095646 0.000034140 -0.000072230 0.000095647 1.000000000 -0.000028433 0.000163683 -0.000034138 0.000028436 1.000000000 -0.000218478
1.000000000 0.000058705 0.000138029 -0.000116111 -0.000058723 1.000000000 0.000125042 -0.000093999 -0.000138021 -0.000125050 1.000000000 0.000108567
1.000000000 0.000059417 -0.000056065 0.000069780 -0.000059425 1.000000000 -0.000149874 0.000195380 0.000056056 0.000149877 1.000000000 -0.000115037
1.000000000 -0.000082703 0.000111759 -0.000130775 0.000082713 1.000000000 -0.000082977 0.000027118 -0.000111752 0.000082986 1.000000000 0.000063558
1.000000000 -0.000011100 0.000033090 -0.000039337 0.000011099 1.000000000 0.000016460 0.000038833 -0.000033091 -0.000016460 1.000000000 -0.000061971
1.000000000 0.000037685 -0.000048733 0.000036657 -0.000037690 1.000000000 -0.000111379 0.000115835 0.000048728 0.000111381 1.000000000 -0.000099711
1.000000000 -0.000012939 -0.000059286 0.000118254 0.000012943 1.000000000 0.000069133 -0.000097502 0.000059285 -0.000069134 1.000000000 0.000120603
1.000000000 -0.000060830 -0.000059088 0.000095582 0.000060836 1.000000000 0.000110837 0.000103026 0.000059081 -0.000110841 1.000000000 -0.000236304
1.000000000 0.000009202 -0.000101815 0.000093366 -0.000009213 1.000000000 -0.000110595 0.000082041 0.000101814 0.000110596 1.000000000 -0.000000245
1.000000000 -0.000107135 0.000015375 0.000095438 0.000107132 1.000000000 0.000166825 -0.000224148 -0.000015392 -0.000166823 1.000000000 0.000161361
1.000000000 -0.000026782 0.000171594 -0.000149884 0.000026780 1.000000000 0.000011716 -0.000121828 -0.000171595 -0.000011711 1.000000000 0.000317591
1.000000000 0.000046956 0.000019746 0.000071472 -0.000046955 1.000000000 -0.000056962 -0.000074665 -0.000019749 0.000056961 1.000000000 0.000167090
0.999999940 0.000209534 -0.000181959 0.000361178 -0.000209546 1.000000000 -0.000062907 0.000065143 0.000181946 0.000062945 1.000000000 0.000055549
0.999999881 0.000438783 0.000117823 0.000320183 -0.000438784 0.999999881 0.000007888 -0.000171142 -0.000117820 -0.000007939 1.000000000 0.000691633
0.999999881 0.000492820 -0.000002377 0.000356281 -0.000492821 0.999999881 -0.000169687 0.000092824 0.000002293 0.000169688 1.000000000 0.000661394
0.999999881 0.000447812 -0.000045951 0.000385455 -0.000447816 0.999999881 -0.000105957 0.000034260 0.000045904 0.000105977 1.000000000 0.000495619
0.999999940 0.000378368 0.000006419 0.000181846 -0.000378368 0.999999940 -0.000121476 0.000169156 -0.000006465 0.000121474 1.000000000 0.000244781
0.999999881 0.000527181 0.000058741 0.000351922 -0.000527178 0.999999881 -0.000050427 -0.000026630 -0.000058767 0.000050396 1.000000000 0.000647315
0.999999881 0.000480022 0.000015072 0.000414550 -0.000480022 0.999999881 -0.000041619 -0.000086045 -0.000015092 0.000041612 1.000000000 0.000724681
0.999999940 0.000363205 -0.000013313 0.000400298 -0.000363206 0.999999940 -0.000091061 -0.000022480 0.000013280 0.000091066 1.000000000 0.000598658
0.999999881 0.000416904 -0.000169345 0.000544341 -0.000416913 0.999999940 -0.000051910 0.000027895 0.000169324 0.000051980 1.000000000 0.000483474
0.999999881 0.000470238 -0.000078098 0.000309217 -0.000470255 0.999999881 -0.000214955 0.000200433 0.000077997 0.000214991 1.000000000 0.000268387
1.000000000 0.000174702 -0.000002182 0.000187609 -0.000174702 0.999999940 -0.000215579 0.000075561 0.000002144 0.000215580 1.000000000 0.000583778
1.000000000 0.000220041 -0.000009569 0.000201544 -0.000220042 1.000000000 -0.000100881 0.000260443 0.000009547 0.000100884 1.000000000 0.000272008
0.999999881 -0.000353215 0.000238482 -0.000363627 0.000353156 0.999999881 0.000248293 -0.000356261 -0.000238570 -0.000248209 0.999999940 -0.000009147
1.000000000 0.000049920 -0.000099691 0.000127149 -0.000049918 1.000000000 0.000023761 -0.000027221 0.000099692 -0.000023756 1.000000000 -0.000016805
1.000000000 0.000024434 -0.000040718 0.000026418 -0.000024436 1.000000000 -0.000030417 0.000117818 0.000040717 0.000030418 1.000000000 -0.000116445
1.000000000 0.000018540 0.000154453 0.000032923 -0.000018525 1.000000000 -0.000096700 0.000011342 -0.000154454 0.000096697 1.000000000 0.000281699
1.000000000 0.000091089 0.000122432 0.000028169 -0.000091101 1.000000000 0.000093453 -0.000147069 -0.000122424 -0.000093464 1.000000000 0.000295724
0.999999940 -0.000243429 0.000124900 -0.000119497 0.000243411 0.999999940 0.000146864 -0.000305925 -0.000124935 -0.000146833 1.000000000 0.000291633
0.999999940 -0.000351817 0.000101279 -0.000194263 0.000351802 0.999999940 0.000142333 -0.000123362 -0.000101329 -0.000142297 1.000000000 -0.000124637
0.999999940 -0.000236589 0.000065574 -0.000203071 0.000236578 0.999999940 0.000158819 -0.000160941 -0.000065612 -0.000158803 1.000000000 -0.000233613
1.000000000 -0.000162029 -0.000050475 -0.000009815 0.000162036 1.000000000 0.000145014 -0.000064325 0.000050452 -0.000145022 1.000000000 -0.000235253
0.999999940 -0.000097195 -0.000248515 0.000208642 0.000097224 1.000000000 0.000114854 0.000003711 0.000248504 -0.000114878 0.999999940 -0.000313999
1.000000000 0.000080331 -0.000049080 0.000159313 -0.000080325 1.000000000 0.000123479 -0.000076234 0.000049090 -0.000123475 1.000000000 0.000107032
1.000000000 0.000118192 -0.000076637 0.000222477 -0.000118185 1.000000000 0.000088694 0.000002458 0.000076648 -0.000088685 1.000000000 0.000105409
1.000000000 0.000003875 -0.000012590 0.000029607 -0.000003875 1.000000000 -0.000027012 0.000010356 0.000012589 0.000027012 1.000000000 0.000070921
1.000000000 0.000039483 0.000007639 0.000034262 -0.000039484 1.000000000 0.000071545 -0.000106375 -0.000007637 -0.000071546 1.000000000 0.000070033
1.000000000 0.000139710 0.000001091 0.000039363 -0.000139710 1.000000000 0.000079757 -0.000002111 -0.000001080 -0.000079757 1.000000000 0.000139674
1.000000000 0.000085355 0.000099259 0.000034607 -0.000085360 1.000000000 0.000048337 -0.000071348 -0.000099255 -0.000048345 1.000000000 0.000302598
1.000000000 0.000062471 0.000097118 -0.000037876 -0.000062489 1.000000000 0.000186871 -0.000212125 -0.000097106 -0.000186877 1.000000000 0.000321685
1.000000000 0.000074817 -0.000067427 0.000075433 -0.000074815 1.000000000 0.000028621 0.000039795 0.000067429 -0.000028616 1.000000000 -0.000031893
1.000000000 0.000082268 -0.000065328 0.000074474 -0.000082247 0.999999940 0.000324369 -0.000259538 0.000065354 -0.000324363 0.999999940 -0.000081905
1.000000000 0.000052035 0.000039183 -0.000224723 -0.000052035 1.000000000 -0.000005661 0.000068575 -0.000039183 0.000005659 1.000000000 -0.000380560
1.000000000 -0.000101103 0.000125442 -0.000182236 0.000101060 0.999999940 0.000345745 -0.000363674 -0.000125477 -0.000345732 0.999999940 -0.000075515
1.000000000 0.000007734 0.000020848 -0.000023397 -0.000007739 1.000000000 0.000230894 -0.000241065 -0.000020846 -0.000230894 1.000000000 0.000022169
1.000000000 -0.000190498 0.000093445 -0.000252042 0.000190473 0.999999940 0.000272155 -0.000394744 -0.000093497 -0.000272137 0.999999940 0.000087655
1.000000000 -0.000139293 0.000159232 -0.000221765 0.000139263 1.000000000 0.000190736 -0.000252478 -0.000159259 -0.000190713 0.999999940 -0.000029139
1.000000000 -0.000066533 0.000152455 -0.000303818 0.000066492 0.999999940 0.000266171 -0.000328444 -0.000152472 -0.000266161 0.999999940 -0.000175411
1.000000000 0.000134190 -0.000101797 -0.000026417 -0.000134177 1.000000000 0.000127494 -0.000124370 0.000101814 -0.000127481 1.000000000 -0.000312150
1.000000000 0.000147917 0.000050124 -0.000014075 -0.000147926 1.000000000 0.000181537 -0.000170698 -0.000050097 -0.000181544 1.000000000 -0.000015118
1.000000000 0.000113598 0.000086582 -0.000062529 -0.000113615 1.000000000 0.000196667 -0.000101896 -0.000086559 -0.000196677 1.000000000 -0.000065999
1.000000000 0.000156555 0.000053668 -0.000083781 -0.000156560 1.000000000 0.000078023 -0.000065516 -0.000053656 -0.000078032 1.000000000 0.000040943
0.999999881 0.000258909 -0.000400377 0.000402449 -0.000258924 0.999999940 -0.000037933 0.000114009 0.000400367 0.000038036 0.999999940 -0.000453767
0.999999940 0.000241268 -0.000145428 0.000167647 -0.000241275 0.999999940 -0.000047339 0.000084837 0.000145416 0.000047374 1.000000000 -0.000129579
0.999999940 0.000091796 -0.000280732 0.000249152 -0.000091772 1.000000000 0.000085326 -0.000022757 0.000280739 -0.000085300 0.999999940 -0.000180983
1.000000000 0.000085551 0.000050328 -0.000006716 -0.000085561 1.000000000 0.000194308 -0.000201668 -0.000050312 -0.000194313 1.000000000 -0.000015488
1.000000000 0.000014182 -0.000140628 0.000062843 -0.000014144 0.999999940 0.000275307 -0.000162892 0.000140632 -0.000275305 0.999999940 -0.000213959
1.000000000 0.000068152 0.000035525 -0.000156369 -0.000068154 1.000000000 0.000059752 0.000037502 -0.000035521 -0.000059754 1.000000000 -0.000302633
1.000000000 0.000201748 -0.000047633 0.000154807 -0.000201751 1.000000000 -0.000076109 0.000177763 0.000047618 0.000076118 1.000000000 -0.000017691
0.999999940 0.000224000 -0.000152613 0.000254264 -0.000223989 1.000000000 0.000074199 0.000034484 0.000152630 -0.000074165 1.000000000 -0.000078431
1.000000000 0.000026839 -0.000105247 0.000166763 -0.000026842 1.000000000 -0.000031894 0.000118872 0.000105246 0.000031897 1.000000000 -0.000078366
0.999999940 0.000035376 -0.000241954 0.000098092 -0.000035400 1.000000000 -0.000098732 0.000188061 0.000241951 0.000098741 0.999999940 -0.000485250
1.000000000 0.000092221 0.000010426 0.000029967 -0.000092222 1.000000000 0.000164502 -0.000034923 -0.000010411 -0.000164503 1.000000000 -0.000046708
0.999999940 0.000070120 -0.000313722 0.000390739 -0.000070070 1.000000000 0.000159167 -0.000033768 0.000313733 -0.000159145 0.999999940 -0.000051949
1.000000000 0.000005598 -0.000154824 0.000153982 -0.000005602 1.000000000 -0.000024548 0.000077724 0.000154824 0.000024549 1.000000000 -0.000307923
1.000000000 -0.000079084 -0.000149836 0.000135780 0.000079103 1.000000000 0.000129248 -0.000060291 0.000149826 -0.000129259 1.000000000 -0.000263401
1.000000000 -0.000100340 -0.000163806 0.000180719 0.000100387 0.999999940 0.000290742 -0.000160262 0.000163777 -0.000290758 0.999999940 -0.000247930
1.000000000 0.000113099 -0.000061706 0.000079792 -0.000113085 0.999999940 0.000219784 -0.000064174 0.000061731 -0.000219777 1.000000000 -0.000205475
1.000000000 -0.000006844 0.000162797 -0.000151340 0.000006822 1.000000000 0.000133561 -0.000073140 -0.000162798 -0.000133560 1.000000000 0.000084075
1.000000000 0.000080764 0.000001901 0.000095297 -0.000080765 1.000000000 0.000165001 -0.000100258 -0.000001887 -0.000165002 1.000000000 0.000037893
1.000000000 -0.000019034 -0.000028207 -0.000065109 0.000019032 1.000000000 -0.000084286 0.000231385 0.000028209 0.000084286 1.000000000 -0.000268492
1.000000000 -0.000062284 0.000003847 -0.000008122 0.000062283 1.000000000 0.000213035 -0.000056512 -0.000003860 -0.000213035 1.000000000 -0.000129900
0.999999940 -0.000013754 -0.000246377 0.000269323 0.000013824 0.999999940 0.000283763 -0.000188612 0.000246373 -0.000283766 0.999999940 -0.000278248
1.000000000 0.000007625 -0.000230401 0.000292922 -0.000007578 1.000000000 0.000205167 -0.000088393 0.000230402 -0.000205166 0.999999940 -0.000088644
1.000000000 0.000040677 -0.000053934 0.000105281 -0.000040674 1.000000000 0.000065641 -0.000029583 0.000053937 -0.000065639 1.000000000 0.000007178
1.000000000 -0.000039085 -0.000182596 0.000298429 0.000039116 1.000000000 0.000165875 -0.000122534 0.000182590 -0.000165882 0.999999940 -0.000015223
1.000000000 0.000036882 -0.000190537 0.000144503 -0.000036860 1.000000000 0.000114893 0.000070932 0.000190542 -0.000114886 1.000000000 -0.000249287
1.000000000 -0.000084829 -0.000082465 0.000091052 0.000084829 1.000000000 0.000004043 0.000077191 0.000082465 -0.000004050 1.000000000 -0.000187413
1.000000000 0.000006749 -0.000213073 0.000221723 -0.000006772 1.000000000 -0.000110555 0.000225452 0.000213073 0.000110556 1.000000000 -0.000293573
1.000000000 -0.000044995 0.000006134 -0.000010819 0.000044993 1.000000000 0.000221216 -0.000033524 -0.000006144 -0.000221215 1.000000000 -0.000181147
1.000000000 0.000063969 -0.000045928 0.000128855 -0.000063960 1.000000000 0.000203387 -0.000133447 0.000045941 -0.000203384 1.000000000 -0.000048248
1.000000000 0.000001805 -0.000163342 0.000127034 -0.000001799 1.000000000 0.000040914 0.000027888 0.000163342 -0.000040914 1.000000000 -0.000250136
0.999999940 0.000017372 -0.000383334 0.000443340 -0.000017316 1.000000000 0.000146037 -0.000000099 0.000383337 -0.000146030 0.999999940 -0.000220075
0.999999940 -0.000124613 -0.000265823 0.000238694 0.000124676 0.999999940 0.000235133 -0.000066447 0.000265793 -0.000235167 0.999999940 -0.000334482
1.000000000 -0.000154865 0.000076525 -0.000006311 0.000154853 1.000000000 0.000155346 0.000010127 -0.000076549 -0.000155334 1.000000000 -0.000112640
1.000000000 0.000000596 -0.000032517 0.000129083 -0.000000593 1.000000000 0.000096347 -0.000064431 0.000032517 -0.000096347 1.000000000 0.000042195
0.999999940 -0.000208546 0.000130340 -0.000046935 0.000208540 1.000000000 0.000044081 0.000051827 -0.000130349 -0.000044054 1.000000000 0.000454015
0.999999940 -0.000234258 -0.000183892 0.000162503 0.000234257 1.000000000 -0.000005236 0.000108448 0.000183893 0.000005193 1.000000000 0.000409395
0.999999940 -0.000288931 -0.000065948 0.000045823 0.000288949 0.999999940 0.000259307 -0.000130268 0.000065873 -0.000259326 0.999999940 0.000762379
0.999999940 -0.000278845 -0.000037629 0.000067286 0.000278853 0.999999940 0.000228254 -0.000302355 0.000037565 -0.000228264 1.000000000 0.001380198
0.999999940 -0.000328942 -0.000165123 0.000274739 0.000328990 0.999999881 0.000288087 -0.000256272 0.000165028 -0.000288141 0.999999940 0.001627752
0.999999940 -0.000340784 0.000168352 -0.000168115 0.000340764 0.999999940 0.000118934 -0.000228540 -0.000168393 -0.000118876 1.000000000 0.002133119
0.999999940 -0.000272286 0.000223802 -0.000220634 0.000272263 0.999999940 0.000100940 -0.000235627 -0.000223829 -0.000100879 0.999999940 0.002648979
0.999999821 -0.000448352 0.000363720 -0.000438051 0.000448337 0.999999881 0.000039909 0.000006910 -0.000363738 -0.000039746 0.999999940 0.003011590
0.999999821 -0.000415219 0.000443701 -0.000699903 0.000415170 0.999999881 0.000110710 -0.000388783 -0.000443747 -0.000110525 0.999999881 0.003567395
0.999999642 -0.000688533 0.000429858 -0.000672907 0.000688417 0.999999702 0.000271382 -0.000305029 -0.000430044 -0.000271086 0.999999881 0.003553744
0.999999702 -0.000409218 0.000653749 -0.000921532 0.000409118 0.999999881 0.000153732 -0.000330940 -0.000653812 -0.000153465 0.999999762 0.004202019
0.999999940 0.000129334 0.000257562 -0.000474434 -0.000129378 1.000000000 0.000168526 0.000049616 -0.000257541 -0.000168559 0.999999940 0.004136045
0.999999702 -0.000189012 0.000744612 -0.000987099 0.000188730 0.999999881 0.000378744 -0.000326576 -0.000744684 -0.000378603 0.999999642 0.005248635
0.999999940 -0.000012340 0.000378711 -0.000737388 0.000012187 0.999999940 0.000405148 -0.000253566 -0.000378716 -0.000405143 0.999999821 0.005731309
1.000000000 0.000131001 0.000193014 -0.000357779 -0.000131055 0.999999940 0.000279859 0.000069339 -0.000192977 -0.000279884 0.999999940 0.006013189
0.999999940 0.000068656 0.000377281 -0.000631229 -0.000068690 1.000000000 0.000090768 0.000264355 -0.000377275 -0.000090794 0.999999940 0.005941680
0.999999881 -0.000134745 0.000461578 -0.000576278 0.000134645 0.999999940 0.000217779 0.000159297 -0.000461608 -0.000217717 0.999999881 0.006383027
0.999999940 -0.000161546 0.000384894 -0.000391244 0.000161441 0.999999940 0.000273047 0.000049359 -0.000384938 -0.000272985 0.999999881 0.006883301
0.999999881 -0.000403227 0.000337100 -0.000516070 0.000403100 0.999999821 0.000375462 0.000022229 -0.000337252 -0.000375326 0.999999881 0.007213883
0.999999881 -0.000454496 0.000006436 0.000108996 0.000454493 0.999999821 0.000457911 0.000171189 -0.000006644 -0.000457908 0.999999881 0.006975883
0.999999821 -0.000550686 0.000265465 -0.000662472 0.000550478 0.999999523 0.000784228 -0.000156873 -0.000265897 -0.000784082 0.999999642 0.007038729
0.999999583 -0.000909169 0.000257640 -0.000832056 0.000909011 0.999999404 0.000612598 -0.000346982 -0.000258197 -0.000612364 0.999999762 0.007969659
0.999999821 -0.000553353 0.000296499 -0.000659101 0.000553129 0.999999583 0.000755246 -0.000567591 -0.000296916 -0.000755082 0.999999642 0.008288016
0.999999940 -0.000160998 0.000208836 -0.000618792 0.000160831 0.999999642 0.000801825 -0.000334550 -0.000208965 -0.000801791 0.999999642 0.008420830
1.000000000 -0.000137067 0.000146390 -0.000635079 0.000136940 0.999999642 0.000867281 -0.000587702 -0.000146508 -0.000867261 0.999999642 0.009043084
0.999999940 0.000276160 0.000037675 -0.000592911 -0.000276206 0.999999225 0.001222888 -0.001104330 -0.000037337 -0.001222899 0.999999225 0.009678128
0.999999881 -0.000419432 -0.000146390 -0.000511882 0.000419537 0.999999642 0.000723842 -0.000614647 0.000146086 -0.000723904 0.999999702 0.009724434
0.999999881 -0.000363278 -0.000405952 -0.000135348 0.000363629 0.999999583 0.000864277 -0.000625886 0.000405638 -0.000864424 0.999999523 0.009486810
0.999999940 -0.000231737 -0.000260212 -0.000172879 0.000231951 0.999999642 0.000823999 -0.000481069 0.000260021 -0.000824059 0.999999642 0.010063388
1.000000000 0.000079388 -0.000125300 -0.000189537 -0.000079264 0.999999523 0.000993823 -0.000430399 0.000125379 -0.000993813 0.999999523 0.010512601
0.999999821 -0.000462658 0.000320648 -0.000526916 0.000462346 0.999999404 0.000970842 -0.000506585 -0.000321097 -0.000970693 0.999999464 0.011172093
0.999999642 -0.000706889 0.000406225 -0.000827486 0.000706373 0.999998927 0.001269142 -0.000711180 -0.000407121 -0.001268855 0.999999106 0.011535246
0.999999166 -0.001158546 0.000551430 -0.001300517 0.001157884 0.999998629 0.001199450 -0.000995423 -0.000552818 -0.001198810 0.999999106 0.011861344
0.999999702 -0.000611647 0.000495306 -0.001065800 0.000611228 0.999999464 0.000846153 -0.000712439 -0.000495823 -0.000845850 0.999999523 0.012690554
0.999999523 -0.000823329 0.000511747 -0.000932643 0.000822992 0.999999464 0.000658666 -0.000418061 -0.000512289 -0.000658245 0.999999642 0.013212193
0.999999464 -0.001028820 0.000005753 -0.000473386 0.001028817 0.999999344 0.000488876 -0.000101268 -0.000006256 -0.000488870 0.999999881 0.012993598
0.999999404 -0.001060944 0.000346073 -0.000868633 0.001060754 0.999999285 0.000547607 -0.000211287 -0.000346653 -0.000547239 0.999999762 0.013303134
0.999999225 -0.001130225 0.000541908 -0.001117737 0.001129916 0.999999225 0.000569679 -0.000260398 -0.000542552 -0.000569067 0.999999702 0.013563642
0.999999285 -0.001013770 0.000631435 -0.001532610 0.001013271 0.999999166 0.000789361 -0.000601825 -0.000632235 -0.000788721 0.999999464 0.014146965
0.999999404 -0.000918265 0.000583745 -0.000976347 0.000917791 0.999999225 0.000812028 -0.000924975 -0.000584490 -0.000811491 0.999999523 0.014913865
0.999999166 -0.001021217 0.000759794 -0.001383371 0.001020430 0.999998927 0.001035910 -0.001313929 -0.000760851 -0.001035134 0.999999166 0.015467170
0.999998510 -0.001697075 0.000378932 -0.001087070 0.001696742 0.999998152 0.000877578 -0.000913846 -0.000380421 -0.000876934 0.999999523 0.014920907
0.999999404 -0.001039084 0.000304514 -0.000740623 0.001038847 0.999999166 0.000776915 -0.000993139 -0.000305321 -0.000776598 0.999999642 0.015609778
0.999999285 -0.001177699 -0.000167594 -0.000353537 0.001177808 0.999999106 0.000655374 -0.000485829 0.000166822 -0.000655571 0.999999762 0.015385828
0.999999464 -0.001021162 0.000068414 -0.000665505 0.001021116 0.999999285 0.000665274 -0.000705909 -0.000069093 -0.000665204 0.999999762 0.016304923
0.999999642 -0.000690773 -0.000449649 0.000024404 0.000691064 0.999999523 0.000646894 -0.000718718 0.000449201 -0.000647205 0.999999702 0.016638093
0.999999344 -0.001123757 0.000059291 -0.000299939 0.001123732 0.999999285 0.000427248 -0.000351873 -0.000059771 -0.000427181 0.999999881 0.017092630
0.999999464 -0.001006500 0.000277999 -0.000612779 0.001006331 0.999999285 0.000605916 -0.000449658 -0.000278609 -0.000605636 0.999999762 0.017388513
0.999999642 -0.000808614 0.000243222 -0.000492430 0.000808428 0.999999404 0.000764007 -0.000680690 -0.000243839 -0.000763810 0.999999702 0.017765542
0.999999642 -0.000806688 0.000111502 -0.000348812 0.000806643 0.999999583 0.000404589 -0.000611773 -0.000111828 -0.000404499 0.999999940 0.018783372
0.999999881 -0.000514558 0.000063354 -0.000332688 0.000514504 0.999999523 0.000846569 -0.001155465 -0.000063790 -0.000846537 0.999999642 0.019199822
0.999999881 -0.000346451 0.000281876 -0.000732019 0.000346233 0.999999642 0.000770035 -0.001094498 -0.000282142 -0.000769937 0.999999642 0.019509098
0.999999523 -0.000810607 0.000493146 -0.001012942 0.000810297 0.999999464 0.000630269 -0.001114980 -0.000493657 -0.000629869 0.999999702 0.020437039
0.999999821 -0.000509447 0.000230871 -0.000721461 0.000509312 0.999999702 0.000585474 -0.000898134 -0.000231170 -0.000585357 0.999999821 0.020630084
0.999999285 -0.000924358 0.000754795 -0.001499413 0.000924042 0.999999464 0.000418087 -0.000769306 -0.000755181 -0.000417389 0.999999642 0.021359695
0.999999702 -0.000636003 0.000481977 -0.001389456 0.000635574 0.999999404 0.000889029 -0.001240207 -0.000482542 -0.000888723 0.999999464 0.021424249
0.999999762 -0.000582525 0.000392844 -0.001254170 0.000582108 0.999999285 0.001060971 -0.001305054 -0.000393461 -0.001060742 0.999999344 0.021747665
0.999999523 -0.000849024 0.000436877 -0.001417564 0.000848576 0.999999106 0.001024856 -0.001572741 -0.000437747 -0.001024485 0.999999404 0.022320718
0.999999583 -0.000767874 0.000495862 -0.001011729 0.000767372 0.999999166 0.001010256 -0.001356518 -0.000496637 -0.001009875 0.999999344 0.023187356
0.999999523 -0.000682536 0.000709602 -0.001636176 0.000681997 0.999999464 0.000759507 -0.001233105 -0.000710120 -0.000759022 0.999999464 0.024008799
0.999999642 -0.000697076 0.000472388 -0.001354462 0.000696672 0.999999404 0.000856063 -0.001194362 -0.000472985 -0.000855734 0.999999523 0.025905734
0.999999762 -0.000684242 0.000061605 -0.000389807 0.000684191 0.999999404 0.000828461 -0.001441374 -0.000062171 -0.000828419 0.999999642 0.026669072
0.999999821 -0.000304451 -0.000456962 0.000398181 0.000304769 0.999999702 0.000696822 -0.000696681 0.000456750 -0.000696961 0.999999642 0.026344145
0.999998987 -0.001161212 0.000796786 -0.001775957 0.001160731 0.999999166 0.000604862 -0.001023025 -0.000797488 -0.000603937 0.999999523 0.029196644
0.999999464 -0.000863614 0.000582260 -0.001066408 0.000863357 0.999999523 0.000441662 -0.000376193 -0.000582641 -0.000441159 0.999999762 0.029706474
0.999999762 -0.000681227 0.000245949 -0.000712543 0.000681113 0.999999642 0.000465316 -0.000778649 -0.000246266 -0.000465149 0.999999881 0.031576190
0.999999404 -0.000917831 0.000562607 -0.001531740 0.000917319 0.999999166 0.000909770 -0.001191421 -0.000563442 -0.000909253 0.999999404 0.032855410
0.999999225 -0.001179454 0.000461199 -0.001215161 0.001179154 0.999999106 0.000648666 -0.001275844 -0.000461963 -0.000648122 0.999999702 0.034011211
0.999999762 -0.000529173 0.000480638 -0.001668836 0.000528631 0.999999225 0.001127986 -0.001889004 -0.000481234 -0.001127732 0.999999225 0.035864361
0.999998927 -0.001428289 -0.000299876 -0.000594591 0.001428538 0.999998629 0.000832112 -0.001145556 0.000298687 -0.000832540 0.999999583 0.036000475
0.999999881 -0.000461634 0.000287123 -0.001401488 0.000461487 0.999999762 0.000510706 -0.000939343 -0.000287359 -0.000510573 0.999999821 0.037465535
0.999999940 -0.000323021 0.000011643 -0.000747139 0.000323012 0.999999642 0.000766512 -0.001132747 -0.000011890 -0.000766508 0.999999702 0.037846882
0.999998987 -0.001293384 0.000625637 -0.001621331 0.001293129 0.999999106 0.000407553 -0.000843714 -0.000626164 -0.000406744 0.999999702 0.039255064
0.999999762 -0.000592017 0.000282248 -0.001235428 0.000591833 0.999999583 0.000652324 -0.000925522 -0.000282634 -0.000652156 0.999999762 0.039420873
0.999999702 -0.000737893 -0.000131639 -0.000444485 0.000737997 0.999999404 0.000793188 -0.001026422 0.000131054 -0.000793285 0.999999702 0.040451486
0.999999583 -0.000757330 0.000501386 -0.001391986 0.000757035 0.999999523 0.000589406 -0.000783700 -0.000501832 -0.000589026 0.999999702 0.041891877
0.999999285 -0.000847646 0.000832213 -0.001525023 0.000846724 0.999999046 0.001108097 -0.001038196 -0.000833151 -0.001107391 0.999999046 0.042522762
0.999999583 -0.000813741 0.000431631 -0.001304185 0.000813363 0.999999285 0.000874944 -0.001136306 -0.000432343 -0.000874592 0.999999523 0.043027762
0.999998927 -0.000980588 0.001096323 -0.002375658 0.000979709 0.999999225 0.000802172 -0.001505050 -0.001097109 -0.000801097 0.999999106 0.044802852
0.999999225 -0.000831365 0.000955227 -0.002256338 0.000831044 0.999999583 0.000336668 -0.001143389 -0.000955507 -0.000335874 0.999999464 0.046533652
0.999998629 -0.001268236 0.001079110 -0.002788572 0.001267443 0.999998927 0.000735329 -0.001517325 -0.001080041 -0.000733960 0.999999166 0.047505546
0.999998510 -0.001554091 0.000734069 -0.002428651 0.001553616 0.999998569 0.000647911 -0.001181793 -0.000735074 -0.000646770 0.999999523 0.047599796
0.999998271 -0.001711869 0.000731948 -0.002210928 0.001711219 0.999998152 0.000886997 -0.002208632 -0.000733465 -0.000885743 0.999999344 0.048691787
0.999998748 -0.001473891 0.000586645 -0.002389994 0.001473551 0.999998748 0.000579472 -0.001526993 -0.000587499 -0.000578607 0.999999642 0.050675087
0.999998093 -0.001794142 0.000744414 -0.002707238 0.001793742 0.999998271 0.000537794 -0.001808618 -0.000745378 -0.000536458 0.999999583 0.051922109
0.999998689 -0.001539926 0.000491461 -0.002414305 0.001539796 0.999998808 0.000265325 -0.001066309 -0.000491869 -0.000264568 0.999999821 0.052561689
0.999998033 -0.001951893 0.000275539 -0.002090755 0.001951891 0.999998093 0.000007708 -0.001385597 -0.000275553 -0.000007170 0.999999940 0.052832987
0.999998927 -0.001416122 0.000409235 -0.002259302 0.001416010 0.999998987 0.000274271 -0.001435352 -0.000409623 -0.000273691 0.999999881 0.053345952
0.999999046 -0.001372454 0.000244114 -0.002108922 0.001372551 0.999998987 -0.000398372 -0.000571369 -0.000243567 0.000398707 0.999999881 0.055066168
0.999999106 -0.001307315 0.000351128 -0.002687192 0.001307297 0.999999166 0.000050045 -0.001198707 -0.000351193 -0.000049586 0.999999940 0.055682320
0.999998808 -0.001321551 0.000796989 -0.003035909 0.001321698 0.999999106 -0.000183024 -0.001337840 -0.000796747 0.000184077 0.999999642 0.056838579
0.999998212 -0.001712964 0.000784784 -0.002784900 0.001712696 0.999998450 0.000341564 -0.001962533 -0.000785368 -0.000340220 0.999999642 0.058403123
0.999998808 -0.001499329 0.000365974 -0.001979870 0.001499276 0.999998868 0.000144728 -0.001633096 -0.000366190 -0.000144179 0.999999940 0.059758019
0.999997199 -0.002008373 0.001267593 -0.003402046 0.002009309 0.999997735 -0.000737223 -0.000865528 -0.001266109 0.000739768 0.999998927 0.060317177
0.999998152 -0.001727000 0.000842331 -0.002494954 0.001727442 0.999998391 -0.000524817 -0.001147077 -0.000841423 0.000526271 0.999999523 0.062351931
0.999997675 -0.001961620 0.000924903 -0.002867239 0.001962555 0.999997556 -0.001011664 -0.000684121 -0.000922916 0.001013477 0.999999046 0.063041359
0.999998152 -0.001804508 0.000681938 -0.002466999 0.001805497 0.999997318 -0.001452578 -0.000051270 -0.000679315 0.001453806 0.999998689 0.063963704
0.999997854 -0.002060647 0.000075833 -0.001690557 0.002060778 0.999996305 -0.001761607 0.000729447 -0.000072202 0.001761760 0.999998450 0.064114586
0.999996364 -0.002460550 0.001123529 -0.003642942 0.002462506 0.999995470 -0.001742560 0.000313057 -0.001119237 0.001745321 0.999997854 0.065262854
0.999998152 -0.001874094 0.000358709 -0.002151303 0.001874539 0.999997497 -0.001244343 -0.000605294 -0.000356376 0.001245013 0.999999166 0.067006759
0.999998271 -0.001812684 0.000366872 -0.002255148 0.001813135 0.999997616 -0.001233113 -0.000572452 -0.000364636 0.001233777 0.999999166 0.067800827
0.999998689 -0.001483070 0.000609871 -0.002319778 0.001483926 0.999997914 -0.001405622 -0.000374500 -0.000607785 0.001406525 0.999998808 0.069079421
0.999998450 -0.001757948 -0.000135181 -0.001335578 0.001757784 0.999997735 -0.001205379 -0.000422157 0.000137300 0.001205139 0.999999285 0.069626294
0.999999583 -0.000856647 0.000217775 -0.002279322 0.000856911 0.999998868 -0.001215467 -0.000750891 -0.000216733 0.001215653 0.999999225 0.071323112
0.999999285 -0.000991222 -0.000701646 -0.000886133 0.000990473 0.999998927 -0.001067296 -0.001016442 0.000702703 0.001066600 0.999999166 0.071661875
0.999999881 -0.000318936 0.000393920 -0.002081674 0.000318946 0.999999940 -0.000024844 -0.002202933 -0.000393912 0.000024970 0.999999940 0.076671883
0.999999881 -0.000361064 -0.000305730 -0.001191651 0.000360829 0.999999642 -0.000768232 -0.001272426 0.000306007 0.000768122 0.999999642 0.077182919
0.999999940 -0.000158697 -0.000213243 -0.001364157 0.000158599 0.999999881 -0.000458379 -0.001964092 0.000213316 0.000458345 0.999999881 0.079390720
0.999998569 -0.001694230 0.000166170 -0.002092008 0.001694458 0.999997616 -0.001383821 -0.001882044 -0.000163825 0.001384101 0.999999046 0.080842704
0.999997973 -0.002004500 -0.000253787 -0.002226247 0.002004201 0.999997318 -0.001171953 -0.002409292 0.000256135 0.001171442 0.999999285 0.082646348
0.999999642 -0.000858108 -0.000123357 -0.001672003 0.000857959 0.999998927 -0.001202189 -0.002735286 0.000124389 0.001202083 0.999999285 0.084670894
0.999997616 -0.002170086 -0.000131548 -0.002156912 0.002169834 0.999995887 -0.001891065 -0.001773974 0.000135651 0.001890775 0.999998212 0.086462736
0.999998689 -0.001366770 -0.000874587 -0.000948469 0.001364937 0.999996901 -0.002093666 -0.001947926 0.000877446 0.002092470 0.999997437 0.087652788
0.999997795 -0.002064283 -0.000417339 -0.001981671 0.002063326 0.999995291 -0.002280951 -0.001899456 0.000422046 0.002280085 0.999997318 0.089975007
0.999998271 -0.001861742 0.000194961 -0.002817567 0.001862389 0.999992549 -0.003372482 -0.001969525 -0.000188681 0.003372839 0.999994278 0.094088882
0.999998868 -0.001497629 0.000242848 -0.003167582 0.001498448 0.999993086 -0.003408198 -0.001890784 -0.000237742 0.003408558 0.999994159 0.095792279
0.999995947 -0.002767496 0.000689463 -0.003306586 0.002769938 0.999989808 -0.003566046 -0.001805076 -0.000679587 0.003567941 0.999993384 0.098318987
0.999998093 -0.001783593 0.000787777 -0.003302601 0.001786125 0.999993205 -0.003224791 -0.002652892 -0.000782020 0.003226192 0.999994516 0.100756131
0.999999285 -0.001206300 0.000172070 -0.003163157 0.001207007 0.999990582 -0.004172029 -0.001490677 -0.000167035 0.004172233 0.999991298 0.101608664
0.999999285 -0.001033568 -0.000611781 -0.002050638 0.001030506 0.999987066 -0.004984497 -0.000876770 0.000616925 0.004983862 0.999987364 0.103425860
0.999999762 -0.000688646 0.000189951 -0.003077388 0.000689394 0.999991894 -0.003966528 -0.002121172 -0.000187218 0.003966658 0.999992132 0.106684633
0.999999046 -0.001019616 0.000929226 -0.004237260 0.001023476 0.999990821 -0.004162230 -0.001218747 -0.000924974 0.004163177 0.999990880 0.109405145
0.999998450 -0.001693490 0.000531145 -0.003588145 0.001695962 0.999987543 -0.004688187 -0.001240687 -0.000523199 0.004689081 0.999988854 0.112889908
0.999999404 -0.000997526 -0.000467721 -0.001800658 0.000995387 0.999989152 -0.004552011 -0.001743022 0.000472256 0.004551542 0.999989510 0.113929942
