1.000000000 0.000000000 0.000000000 0.000000000 0.000000000 1.000000000 0.000000000 0.000000000 0.000000000 0.000000000 1.000000000 0.000000000
0.999999940 -0.000071961 -0.000313144 0.000468757 0.000072236 0.999999583 0.000877403 0.003819258 0.000313081 -0.000877425 0.999999583 0.000111876
1.000000000 -0.000152598 -0.000082451 0.000251624 0.000152628 0.999999940 0.000364510 0.005110774 0.000082395 -0.000364523 0.999999940 0.000092778
1.000000000 -0.000052721 0.000188386 0.000076785 0.000052633 0.999999881 0.000466009 0.004961776 -0.000188411 -0.000465999 0.999999881 -0.000099007
1.000000000 -0.000044860 0.000063936 0.000108826 0.000044843 0.999999940 0.000267327 0.005111145 -0.000063948 -0.000267324 0.999999940 -0.000036661
1.000000000 0.000127161 0.000178221 0.000067052 -0.000127240 0.999999881 0.000443665 0.004987709 -0.000178165 -0.000443687 0.999999881 -0.000144927
1.000000000 -0.000016328 0.000170623 0.000043118 0.000016260 0.999999940 0.000399770 0.005048638 -0.000170630 -0.000399767 0.999999881 -0.000027196
1.000000000 -0.000128676 -0.000154964 0.000266737 0.000128715 0.999999940 0.000248963 0.005144185 0.000154932 -0.000248983 0.999999940 0.000047603
1.000000000 -0.000103099 -0.000179674 0.000274972 0.000103132 1.000000000 0.000180884 0.005173199 0.000179656 -0.000180902 0.999999940 0.000061270
1.000000000 -0.000091235 0.000061128 0.000191166 0.000091208 0.999999881 0.000448163 0.005020468 -0.000061169 -0.000448158 0.999999881 -0.000011364
1.000000000 -0.000014583 0.000131171 0.000093445 0.000014534 0.999999940 0.000372731 0.005016662 -0.000131176 -0.000372729 0.999999940 -0.000052947
1.000000000 -0.000004796 0.000130661 0.000097039 0.000004758 0.999999940 0.000294719 0.005046592 -0.000130663 -0.000294718 0.999999940 -0.000038841
0.999999940 0.000166932 0.000191815 -0.000002700 -0.000166994 0.999999940 0.000319351 0.005043324 -0.000191761 -0.000319383 0.999999940 -0.000063155
1.000000000 0.000016779 0.000168191 0.000035346 -0.000016847 0.999999940 0.000399874 0.005042136 -0.000168185 -0.000399877 0.999999881 -0.000027852
1.000000000 -0.000130840 -0.000146330 0.000261253 0.000130875 0.999999940 0.000244183 0.005147065 0.000146298 -0.000244202 0.999999940 0.000047960
1.000000000 -0.000065514 0.000071916 0.000113196 0.000065483 0.999999881 0.000426486 0.005009746 -0.000071944 -0.000426481 0.999999881 -0.000014270
1.000000000 -0.000093514 0.000069938 0.000185662 0.000093483 0.999999881 0.000443382 0.005023323 -0.000069979 -0.000443375 0.999999881 -0.000011033
1.000000000 -0.000012371 0.000122987 0.000098671 0.000012325 0.999999940 0.000377502 0.005013774 -0.000122991 -0.000377500 0.999999940 -0.000053208
1.000000000 -0.000013595 0.000069944 0.000095171 0.000013576 0.999999940 0.000263900 0.005106493 -0.000069948 -0.000263899 0.999999940 -0.000037389
0.999999940 0.000169048 0.000183508 0.000002566 -0.000169107 0.999999940 0.000323847 0.005040661 -0.000183454 -0.000323878 0.999999940 -0.000063308
1.000000000 0.000014673 0.000176563 0.000029920 -0.000014743 0.999999940 0.000395360 0.005044811 -0.000176557 -0.000395363 0.999999881 -0.000027682
0.999999940 0.000150217 0.000219870 -0.000049623 -0.000150296 0.999999940 0.000360474 0.005086948 -0.000219816 -0.000360507 0.999999940 -0.000022556
1.000000000 -0.000067626 0.000080035 0.000108028 0.000067592 0.999999881 0.000422191 0.005012352 -0.000080063 -0.000422185 0.999999881 -0.000014056
1.000000000 0.000096317 0.000193566 0.000042258 -0.000096400 0.999999881 0.000430349 0.004998547 -0.000193524 -0.000430368 0.999999881 -0.000011372
1.000000000 -0.000014785 0.000132573 0.000092859 0.000014736 0.999999940 0.000369620 0.005017941 -0.000132579 -0.000369618 0.999999940 -0.000054058
1.000000000 -0.000011414 0.000061790 0.000100325 0.000011398 0.999999940 0.000268498 0.005103723 -0.000061794 -0.000268497 0.999999940 -0.000037521
0.999999940 0.000166933 0.000191819 -0.000002703 -0.000166995 0.999999940 0.000319344 0.005043329 -0.000191765 -0.000319376 0.999999940 -0.000063157
1.000000000 0.000019339 -0.000011764 0.000135233 -0.000019336 0.999999940 0.000253827 0.005127635 0.000011769 -0.000253827 0.999999940 -0.000048629
0.999999940 0.000148145 0.000228058 -0.000054974 -0.000148226 0.999999940 0.000355567 0.005089895 -0.000228006 -0.000355600 0.999999940 -0.000022403
1.000000000 -0.000101059 -0.000186654 0.000279696 0.000101093 1.000000000 0.000182582 0.005171558 0.000186636 -0.000182600 0.999999940 0.000059897
1.000000000 -0.000093296 0.000068436 0.000186296 0.000093265 0.999999881 0.000446550 0.005022051 -0.000068477 -0.000446543 0.999999881 -0.000009884
1.000000000 -0.000012573 0.000124386 0.000098084 0.000012527 0.999999940 0.000374385 0.005015056 -0.000124390 -0.000374384 0.999999940 -0.000054319
1.000000000 -0.000013595 0.000069944 0.000095171 0.000013576 0.999999940 0.000263900 0.005106493 -0.000069947 -0.000263899 0.999999940 -0.000037389
1.000000000 0.000002510 0.000095124 0.000121964 -0.000002550 0.999999940 0.000415981 0.004990479 -0.000095123 -0.000415981 0.999999881 -0.000122546
1.000000000 -0.000044839 -0.000228715 0.000279609 0.000044866 1.000000000 0.000114453 0.005203417 0.000228710 -0.000114463 0.999999940 0.000028549
1.000000000 -0.000118983 -0.000158709 0.000264832 0.000119024 0.999999940 0.000256029 0.005140087 0.000158678 -0.000256048 0.999999940 0.000051182
1.000000000 -0.000093092 -0.000183323 0.000272818 0.000093126 1.000000000 0.000187817 0.005169161 0.000183306 -0.000187834 0.999999940 0.000065005
1.000000000 -0.000081180 0.000057365 0.000189193 0.000081154 0.999999881 0.000455175 0.005016469 -0.000057402 -0.000455171 0.999999881 -0.000007722
1.000000000 0.000126329 0.000185556 -0.000029988 -0.000126374 0.999999940 0.000245278 0.005158377 -0.000185525 -0.000245302 0.999999940 -0.000057505
1.000000000 0.000001602 0.000064944 0.000084072 -0.000001621 0.999999940 0.000286142 0.005098115 -0.000064944 -0.000286142 0.999999940 -0.000050300
1.000000000 0.000007140 0.000141698 0.000075433 -0.000007184 0.999999940 0.000306164 0.005045578 -0.000141696 -0.000306165 0.999999940 -0.000050955
1.000000000 -0.000087257 -0.000183450 0.000261861 0.000087294 1.000000000 0.000202129 0.005164911 0.000183432 -0.000202145 0.999999940 0.000046323
1.000000000 0.000039068 0.000167860 0.000051996 -0.000039134 0.999999940 0.000395962 0.005007543 -0.000167845 -0.000395968 0.999999881 -0.000125325
0.999999940 0.000203646 0.000192171 -0.000006981 -0.000203702 0.999999940 0.000292283 0.005079843 -0.000192112 -0.000292322 0.999999940 -0.000051130
1.000000000 -0.000045610 0.000023800 0.000158314 0.000045610 1.000000000 0.000001946 0.005260421 -0.000023800 -0.000001945 1.000000000 0.000047920
0.999999940 -0.000098672 -0.000224715 0.000321253 0.000098674 1.000000000 0.000006438 0.005284844 0.000224714 -0.000006461 1.000000000 0.000088956
1.000000000 -0.000015946 0.000093006 0.000139978 0.000015927 1.000000000 0.000201236 0.005128589 -0.000093009 -0.000201235 1.000000000 -0.000021160
0.999999940 0.000216048 0.000201198 0.000007929 -0.000216094 0.999999940 0.000229173 0.005125577 -0.000201148 -0.000229216 0.999999940 -0.000009707
1.000000000 -0.000045794 0.000023795 0.000158075 0.000045794 1.000000000 0.000002169 0.005260201 -0.000023795 -0.000002168 1.000000000 0.000047725
0.999999940 -0.000115175 -0.000233655 0.000328598 0.000115184 1.000000000 0.000038421 0.005258778 0.000233651 -0.000038448 1.000000000 0.000077569
1.000000000 0.000017055 0.000125926 0.000117639 -0.000017081 1.000000000 0.000203431 0.005125994 -0.000125922 -0.000203433 1.000000000 -0.000080853
0.999999940 0.000204949 0.000203488 0.000058071 -0.000205018 0.999999940 0.000341846 0.005069560 -0.000203418 -0.000341887 0.999999940 -0.000089518
1.000000000 -0.000039294 0.000023183 0.000155961 0.000039294 1.000000000 0.000006055 0.005258376 -0.000023184 -0.000006054 1.000000000 0.000049721
0.999999940 -0.000059838 -0.000271157 0.000332552 0.000059822 1.000000000 -0.000060452 0.005313480 0.000271161 0.000060436 0.999999940 0.000055074
1.000000000 -0.000024301 0.000125576 0.000121880 0.000024272 1.000000000 0.000233533 0.005101252 -0.000125581 -0.000233530 0.999999940 -0.000001261
1.000000000 -0.000089086 0.000032903 0.000160695 0.000089081 1.000000000 0.000132565 0.005182797 -0.000032915 -0.000132563 1.000000000 0.000052361
1.000000000 -0.000076689 0.000043749 0.000149509 0.000076683 1.000000000 0.000128126 0.005183020 -0.000043759 -0.000128123 1.000000000 0.000052512
1.000000000 0.000104618 0.000091130 0.000079114 -0.000104630 1.000000000 0.000138931 0.005266148 -0.000091115 -0.000138941 1.000000000 -0.000010196
1.000000000 0.000016362 -0.000033065 0.000174014 -0.000016361 1.000000000 0.000021186 0.005289368 0.000033066 -0.000021186 1.000000000 0.000068109
1.000000000 0.000018501 -0.000041074 0.000179122 -0.000018500 1.000000000 0.000025790 0.005286518 0.000041074 -0.000025789 1.000000000 0.000067839
1.000000000 0.000012078 0.000025871 0.000139978 -0.000012081 1.000000000 0.000138797 0.005209472 -0.000025869 -0.000138798 1.000000000 0.000008177
0.999999940 -0.000122061 -0.000233874 0.000329254 0.000122063 1.000000000 0.000008641 0.005275630 0.000233873 -0.000008670 1.000000000 0.000071103
1.000000000 0.000066017 0.000012041 0.000136045 -0.000066017 1.000000000 0.000009997 0.005294926 -0.000012041 -0.000009997 1.000000000 -0.000023915
1.000000000 0.000122803 0.000096595 0.000077295 -0.000122815 1.000000000 0.000127518 0.005300865 -0.000096579 -0.000127529 1.000000000 -0.000018919
1.000000000 -0.000108780 -0.000106884 0.000264260 0.000108798 1.000000000 0.000172604 0.005181582 0.000106866 -0.000172615 1.000000000 0.000053759
1.000000000 -0.000029995 0.000086461 0.000151718 0.000029981 1.000000000 0.000163695 0.005166588 -0.000086466 -0.000163692 1.000000000 -0.000021195
1.000000000 -0.000033060 0.000060699 0.000135803 0.000033043 0.999999940 0.000275662 0.005122270 -0.000060708 -0.000275660 0.999999940 0.000026169
0.999999940 -0.000098743 -0.000224748 0.000321446 0.000098745 1.000000000 0.000006532 0.005284796 0.000224748 -0.000006554 1.000000000 0.000089019
1.000000000 -0.000014413 0.000063580 0.000169888 0.000014399 1.000000000 0.000226344 0.005113441 -0.000063584 -0.000226343 1.000000000 -0.000088994
1.000000000 -0.000180931 -0.000081435 0.000270245 0.000180948 0.999999940 0.000209209 0.005173206 0.000081397 -0.000209224 1.000000000 0.000053262
1.000000000 -0.000182933 -0.000074103 0.000265345 0.000182948 0.999999940 0.000207726 0.005174759 0.000074065 -0.000207739 1.000000000 0.000054648
1.000000000 0.000059564 0.000039168 0.000082017 -0.000059562 1.000000000 -0.000042793 0.005352792 -0.000039171 0.000042791 1.000000000 0.000038966
1.000000000 -0.000210252 -0.000075998 0.000275451 0.000210268 0.999999940 0.000210230 0.005177209 0.000075954 -0.000210246 1.000000000 0.000053364
0.999999940 0.000200228 0.000203128 0.000013690 -0.000200273 0.999999940 0.000220381 0.005127131 -0.000203084 -0.000220421 0.999999940 -0.000013987
1.000000000 -0.000045728 0.000023852 0.000158016 0.000045727 1.000000000 0.000002133 0.005260264 -0.000023853 -0.000002131 1.000000000 0.000047821
1.000000000 0.000063282 0.000040541 0.000073437 -0.000063279 1.000000000 -0.000069899 0.005372306 -0.000040546 0.000069896 1.000000000 0.000050677
1.000000000 -0.000014834 0.000065455 0.000168447 0.000014819 1.000000000 0.000225050 0.005113148 -0.000065458 -0.000225049 1.000000000 -0.000091094
0.999999940 0.000207208 0.000199363 0.000012291 -0.000207253 0.999999940 0.000228415 0.005123778 -0.000199315 -0.000228456 0.999999940 -0.000010193
1.000000000 -0.000069634 0.000080640 0.000181876 0.000069601 0.999999940 0.000410561 0.005054579 -0.000080668 -0.000410556 0.999999940 0.000010332
0.999999940 0.000215374 0.000200700 0.000007958 -0.000215420 0.999999940 0.000230387 0.005124524 -0.000200651 -0.000230431 0.999999940 -0.000010344
1.000000000 0.000032879 0.000088924 0.000098335 -0.000032894 1.000000000 0.000169782 0.005191755 -0.000088918 -0.000169785 1.000000000 0.000015958
1.000000000 0.000026837 0.000055450 0.000121304 -0.000026847 1.000000000 0.000196082 0.005183289 -0.000055445 -0.000196083 1.000000000 0.000021508
1.000000000 0.000025041 0.000186143 0.000076905 -0.000025099 0.999999940 0.000309282 0.005075747 -0.000186135 -0.000309287 0.999999940 0.000018456
0.999999940 0.000156512 0.000189608 -0.000002348 -0.000156536 1.000000000 0.000125403 0.005255101 -0.000189589 -0.000125433 1.000000000 0.000015858
1.000000000 0.000032482 0.000088972 0.000098054 -0.000032497 1.000000000 0.000170430 0.005191225 -0.000088967 -0.000170433 1.000000000 0.000015706
1.000000000 0.000096750 0.000020039 0.000143852 -0.000096752 1.000000000 0.000060430 0.005289322 -0.000020034 -0.000060432 1.000000000 -0.000013978
1.000000000 -0.000018839 0.000095429 0.000110272 0.000018811 0.999999940 0.000301233 0.005135519 -0.000095435 -0.000301231 0.999999940 0.000038549
1.000000000 0.000096754 0.000020038 0.000143851 -0.000096755 1.000000000 0.000060432 0.005289321 -0.000020033 -0.000060434 1.000000000 -0.000013975
1.000000000 0.000042751 0.000223591 0.000059289 -0.000042827 0.999999940 0.000337798 0.005072118 -0.000223576 -0.000337807 0.999999940 -0.000046456
1.000000000 0.000026099 0.000042823 0.000183998 -0.000026114 0.999999940 0.000349689 0.005088186 -0.000042814 -0.000349690 0.999999940 0.000007716
1.000000000 0.000030833 0.000184157 0.000079552 -0.000030887 0.999999940 0.000293413 0.005103612 -0.000184148 -0.000293419 0.999999940 0.000012199
1.000000000 0.000025137 0.000142326 0.000110931 -0.000025169 1.000000000 0.000225450 0.005167574 -0.000142320 -0.000225454 0.999999940 -0.000006675
1.000000000 -0.000042511 -0.000156882 0.000272091 0.000042521 1.000000000 0.000064646 0.005289412 0.000156879 -0.000064653 1.000000000 0.000103345
1.000000000 0.000094008 0.000178161 0.000074377 -0.000094054 0.999999940 0.000256778 0.005143512 -0.000178137 -0.000256795 0.999999940 -0.000062184
1.000000000 0.000035783 0.000129349 0.000126699 -0.000035820 0.999999940 0.000282908 0.005115061 -0.000129339 -0.000282913 0.999999940 -0.000079656
1.000000000 -0.000070754 0.000076203 0.000191975 0.000070725 0.999999940 0.000385075 0.005085781 -0.000076231 -0.000385069 0.999999940 0.000009066
1.000000000 -0.000049617 -0.000153039 0.000273403 0.000049626 1.000000000 0.000056107 0.005293127 0.000153037 -0.000056115 1.000000000 0.000099615
0.999999940 0.000173923 0.000209465 -0.000013063 -0.000173942 1.000000000 0.000090916 0.005263539 -0.000209449 -0.000090952 1.000000000 -0.000002821
0.999999940 0.000200732 0.000218644 0.000003654 -0.000200775 0.999999940 0.000196752 0.005139244 -0.000218604 -0.000196796 0.999999940 -0.000018112
1.000000000 -0.000064152 0.000095361 0.000184169 0.000064117 0.999999940 0.000359164 0.005085857 -0.000095384 -0.000359157 0.999999940 0.000020197
1.000000000 -0.000050247 -0.000137094 0.000259731 0.000050251 1.000000000 0.000035562 0.005273221 0.000137092 -0.000035569 1.000000000 0.000081033
0.999999940 0.000166294 0.000208032 -0.000014752 -0.000166310 1.000000000 0.000079149 0.005274544 -0.000208019 -0.000079184 1.000000000 0.000004682
1.000000000 -0.000018836 0.000136449 0.000084890 0.000018808 1.000000000 0.000210533 0.005160272 -0.000136452 -0.000210531 0.999999940 0.000021120
1.000000000 0.000041784 0.000224590 0.000057041 -0.000041860 0.999999940 0.000338283 0.005051944 -0.000224575 -0.000338293 0.999999940 -0.000044500
1.000000000 0.000089122 0.000195613 0.000061648 -0.000089170 0.999999940 0.000247803 0.005129537 -0.000195591 -0.000247821 0.999999940 -0.000060253
1.000000000 0.000064967 0.000160923 0.000086796 -0.000064995 1.000000000 0.000173670 0.005157918 -0.000160912 -0.000173680 1.000000000 0.000011732
1.000000000 0.000062731 0.000168985 0.000081656 -0.000062760 1.000000000 0.000169005 0.005160725 -0.000168974 -0.000169016 1.000000000 0.000011880
1.000000000 -0.000030010 0.000072473 0.000130762 0.000030002 1.000000000 0.000115785 0.005232025 -0.000072477 -0.000115783 1.000000000 0.000047653
1.000000000 0.000068453 0.000191944 0.000069212 -0.000068503 0.999999940 0.000261608 0.005109000 -0.000191926 -0.000261621 0.999999940 -0.000065513
1.000000000 0.000038169 0.000220232 0.000062995 -0.000038228 0.999999940 0.000270393 0.005133280 -0.000220222 -0.000270401 0.999999940 -0.000057092
1.000000000 0.000068493 0.000191938 0.000069216 -0.000068543 0.999999940 0.000261574 0.005109013 -0.000191920 -0.000261588 0.999999940 -0.000065522
1.000000000 0.000047090 0.000080920 0.000101755 -0.000047100 1.000000000 0.000131790 0.005212521 -0.000080914 -0.000131793 1.000000000 0.000007372
1.000000000 0.000135292 0.000171396 0.000028430 -0.000135324 1.000000000 0.000185707 0.005252443 -0.000171371 -0.000185730 0.999999940 -0.000002338
1.000000000 0.000078055 0.000052153 0.000112558 -0.000078057 1.000000000 0.000033742 0.005286111 -0.000052151 -0.000033746 1.000000000 -0.000018468
1.000000000 0.000148129 0.000173655 0.000028776 -0.000148158 1.000000000 0.000167347 0.005289578 -0.000173630 -0.000167373 1.000000000 -0.000006971
1.000000000 -0.000008525 0.000050364 0.000187610 0.000008508 0.999999940 0.000341016 0.005077897 -0.000050367 -0.000341016 0.999999940 0.000008461
1.000000000 0.000020122 0.000159428 0.000098571 -0.000020156 1.000000000 0.000215738 0.005154143 -0.000159423 -0.000215741 0.999999940 -0.000004494
1.000000000 0.000058876 0.000161535 0.000089096 -0.000058903 1.000000000 0.000169287 0.005160228 -0.000161525 -0.000169296 1.000000000 0.000010156
1.000000000 -0.000036242 -0.000131701 0.000254436 0.000036245 1.000000000 0.000018082 0.005290578 0.000131700 -0.000018086 1.000000000 0.000096274
1.000000000 0.000091275 0.000187300 0.000066976 -0.000091322 0.999999940 0.000252358 0.005126774 -0.000187277 -0.000252375 0.999999940 -0.000060334
1.000000000 -0.000068915 0.000091683 0.000177640 0.000068880 0.999999940 0.000380973 0.005069339 -0.000091709 -0.000380966 0.999999940 0.000014138
1.000000000 0.000058845 0.000161518 0.000089098 -0.000058873 1.000000000 0.000169590 0.005159965 -0.000161508 -0.000169600 1.000000000 0.000009980
1.000000000 -0.000036159 -0.000131644 0.000254248 0.000036161 1.000000000 0.000017974 0.005290639 0.000131644 -0.000017979 1.000000000 0.000096226
1.000000000 0.000042503 0.000124562 0.000124137 -0.000042540 0.999999940 0.000294384 0.005091120 -0.000124549 -0.000294390 0.999999940 -0.000073232
1.000000000 -0.000058900 0.000100191 0.000177230 0.000058864 0.999999940 0.000362995 0.005085130 -0.000100213 -0.000362989 0.999999940 0.000024226
1.000000000 0.000065284 0.000160953 0.000086955 -0.000065312 1.000000000 0.000172360 0.005159065 -0.000160942 -0.000172370 1.000000000 0.000012504
0.999999940 0.000151106 0.000209684 -0.000013303 -0.000151124 1.000000000 0.000087692 0.005274831 -0.000209670 -0.000087724 1.000000000 0.000008709
1.000000000 0.000070409 0.000185135 0.000073897 -0.000070458 0.999999940 0.000263227 0.005107366 -0.000185117 -0.000263240 0.999999940 -0.000066782
1.000000000 -0.000069332 0.000092705 0.000167397 0.000069295 0.999999940 0.000398749 0.005048480 -0.000092733 -0.000398743 0.999999940 0.000010874
1.000000000 0.000070409 0.000185136 0.000073898 -0.000070458 0.999999940 0.000263229 0.005107366 -0.000185117 -0.000263242 0.999999940 -0.000066782
1.000000000 0.000090760 0.000039872 0.000133529 -0.000090761 1.000000000 0.000023412 0.005308496 -0.000039870 -0.000023415 1.000000000 -0.000021434
1.000000000 0.000019272 0.000169187 0.000088426 -0.000019316 0.999999940 0.000259925 0.005124619 -0.000169182 -0.000259928 0.999999940 0.000014484
0.999999940 0.000025531 0.000260558 0.000041851 -0.000025624 0.999999940 0.000359596 0.005056965 -0.000260549 -0.000359603 0.999999881 -0.000035550
1.000000000 0.000019286 0.000169195 0.000088418 -0.000019330 0.999999940 0.000259921 0.005124622 -0.000169190 -0.000259924 0.999999940 0.000014484
1.000000000 0.000017309 0.000175886 0.000083832 -0.000017355 0.999999940 0.000258379 0.005126175 -0.000175882 -0.000258382 0.999999940 0.000015785
1.000000000 0.000005308 0.000165342 0.000094764 -0.000005351 0.999999940 0.000262643 0.005125926 -0.000165341 -0.000262644 0.999999940 0.000015502
1.000000000 0.000053905 0.000234956 0.000053361 -0.000053969 0.999999940 0.000275293 0.005128028 -0.000234941 -0.000275306 0.999999940 -0.000060344
1.000000000 0.000051502 0.000078720 0.000105123 -0.000051512 1.000000000 0.000117247 0.005238495 -0.000078714 -0.000117251 1.000000000 0.000001106
1.000000000 0.000017104 0.000177257 0.000083263 -0.000017150 0.999999940 0.000255306 0.005127427 -0.000177253 -0.000255309 0.999999940 0.000014676
1.000000000 0.000055153 0.000220774 0.000058420 -0.000055223 0.999999940 0.000319407 0.005100008 -0.000220756 -0.000319419 0.999999940 -0.000052425
1.000000000 0.000156727 0.000175526 0.000024381 -0.000156756 1.000000000 0.000168212 0.005291362 -0.000175500 -0.000168240 1.000000000 -0.000006506
1.000000000 0.000013508 0.000171317 0.000085700 -0.000013555 0.999999940 0.000275494 0.005097017 -0.000171313 -0.000275496 0.999999940 0.000020845
1.000000000 0.000056721 0.000169607 0.000083918 -0.000056749 1.000000000 0.000164674 0.005163003 -0.000169598 -0.000164684 1.000000000 0.000010324
1.000000000 -0.000034128 -0.000140159 0.000259820 0.000034131 1.000000000 0.000023010 0.005287568 0.000140159 -0.000023015 1.000000000 0.000096122
0.999999940 0.000152181 0.000208406 -0.000008487 -0.000152204 1.000000000 0.000112847 0.005237939 -0.000208389 -0.000112879 1.000000000 0.000006594
1.000000000 0.000042448 0.000126072 0.000123612 -0.000042485 0.999999940 0.000290790 0.005092770 -0.000126060 -0.000290796 0.999999940 -0.000074156
1.000000000 0.000056690 0.000169581 0.000083921 -0.000056718 1.000000000 0.000164938 0.005162776 -0.000169571 -0.000164947 1.000000000 0.000010142
1.000000000 -0.000034045 -0.000140116 0.000259640 0.000034048 1.000000000 0.000022888 0.005287641 0.000140115 -0.000022893 1.000000000 0.000096079
0.999999940 0.000154815 0.000209950 -0.000009843 -0.000154836 1.000000000 0.000101674 0.005263281 -0.000209934 -0.000101707 1.000000000 0.000001590
1.000000000 0.000042327 0.000126049 0.000123510 -0.000042364 0.999999940 0.000291262 0.005092371 -0.000126037 -0.000291267 0.999999940 -0.000074387
1.000000000 -0.000058993 0.000098846 0.000177346 0.000058957 0.999999940 0.000366935 0.005083179 -0.000098868 -0.000366929 0.999999940 0.000024930
1.000000000 0.000030794 0.000092522 0.000098122 -0.000030807 1.000000000 0.000142385 0.005204986 -0.000092517 -0.000142388 1.000000000 0.000008153
0.999999940 0.000151059 0.000209683 -0.000013301 -0.000151078 1.000000000 0.000087711 0.005274824 -0.000209670 -0.000087743 1.000000000 0.000008735
0.999999940 0.000172440 0.000205016 0.000068441 -0.000172507 0.999999940 0.000328333 0.005078386 -0.000204959 -0.000328369 0.999999940 -0.000094161
1.000000000 -0.000043299 0.000030951 0.000153631 0.000043300 1.000000000 -0.000017191 0.005269851 -0.000030950 0.000017192 1.000000000 0.000043796
0.999999940 -0.000071533 -0.000260940 0.000330754 0.000071509 1.000000000 -0.000092243 0.005330043 0.000260947 0.000092225 0.999999940 0.000047861
1.000000000 0.000129383 0.000195285 0.000055288 -0.000129428 0.999999940 0.000229452 0.005203711 -0.000195255 -0.000229477 0.999999940 -0.000087462
1.000000000 0.000122916 0.000185033 0.000065124 -0.000122959 0.999999940 0.000233076 0.005199191 -0.000185004 -0.000233099 0.999999940 -0.000088083
1.000000000 -0.000037194 0.000120430 0.000124461 0.000037171 1.000000000 0.000191829 0.005126632 -0.000120437 -0.000191825 1.000000000 0.000000129
0.999999881 -0.000443263 -0.000226331 0.000439412 0.000443309 0.999999881 0.000203772 0.005492424 0.000226241 -0.000203873 0.999999940 0.002165971
0.999999940 -0.000315938 -0.000030038 0.000322847 0.000315920 0.999999762 -0.000606825 0.005747849 0.000030230 0.000606816 0.999999821 0.008476984
0.999999762 -0.000318723 -0.000586109 0.000307523 0.000319096 0.999999762 0.000636105 0.005143231 0.000585906 -0.000636292 0.999999642 0.019009389
0.999999940 -0.000105821 -0.000263497 0.000278668 0.000105866 1.000000000 0.000171021 0.005356623 0.000263479 -0.000171049 0.999999940 0.029170610
0.999999940 0.000110663 -0.000399834 0.000478126 -0.000110818 0.999999940 -0.000387263 0.005621939 0.000399791 0.000387307 0.999999821 0.034483749
0.999999523 0.000519091 -0.000852602 -0.000545074 -0.000519033 0.999999881 0.000067799 0.005356759 0.000852637 -0.000067356 0.999999642 0.043880533
0.999994278 0.000202684 -0.003382461 -0.000070833 -0.000201703 0.999999940 0.000290459 0.005101644 0.003382520 -0.000289775 0.999994218 0.055337369
0.999988973 0.000474235 -0.004670667 -0.001149865 -0.000481110 0.999998808 -0.001470951 0.006212319 0.004669964 0.001473182 0.999988019 0.069653139
0.999984920 0.000922949 -0.005408421 -0.001372026 -0.000927904 0.999999166 -0.000913800 0.005927540 0.005407572 0.000918804 0.999984980 0.079328813
0.999983370 0.000397947 -0.005757518 -0.001049608 -0.000404904 0.999999166 -0.001207232 0.006190051 0.005757032 0.001209543 0.999982715 0.090301782
0.999980271 0.000984072 -0.006202763 -0.001052272 -0.000989450 0.999999166 -0.000864047 0.005928469 0.006201907 0.000870167 0.999980390 0.106526740
0.999983668 0.001540428 -0.005499890 -0.002194456 -0.001551355 0.999996841 -0.001982973 0.006405429 0.005496818 0.001991473 0.999982893 0.120021813
0.999982357 0.000891940 -0.005871316 -0.001795257 -0.000901827 0.999998152 -0.001681549 0.006462092 0.005869806 0.001686814 0.999981344 0.131034076
0.999980986 0.000296268 -0.006155184 -0.001426596 -0.000308055 0.999998093 -0.001914121 0.006463218 0.006154605 0.001915980 0.999979198 0.139131516
0.999979198 0.000488192 -0.006431181 -0.001571946 -0.000495228 0.999999285 -0.001092563 0.005862750 0.006430643 0.001095726 0.999978721 0.152334422
0.999981821 0.000648596 -0.005990197 -0.002236014 -0.000656623 0.999998868 -0.001338131 0.005962227 0.005989322 0.001342040 0.999981165 0.165594414
0.999981642 0.000909336 -0.005988107 -0.002019352 -0.000916680 0.999998808 -0.001223859 0.005953265 0.005986987 0.001229326 0.999981344 0.174322262
0.999977708 0.000798266 -0.006631507 -0.001892298 -0.000806088 0.999998987 -0.001176912 0.005603655 0.006630561 0.001182231 0.999977291 0.182485700
0.999981701 0.000974682 -0.005966363 -0.002067183 -0.000980098 0.999999106 -0.000904950 0.005734158 0.005965476 0.000910782 0.999981821 0.196510047
0.999986589 0.001130395 -0.005054627 -0.002755650 -0.001137066 0.999998510 -0.001317099 0.005824711 0.005053130 0.001322829 0.999986351 0.207809687
0.999981105 0.000887878 -0.006086392 -0.002218176 -0.000894744 0.999998987 -0.001125473 0.005574912 0.006085386 0.001130898 0.999980867 0.221924469
0.999980509 0.000477481 -0.006220889 -0.002246798 -0.000483810 0.999999344 -0.001015865 0.005399898 0.006220400 0.001018855 0.999980152 0.243910164
0.999980032 0.000879080 -0.006254457 -0.002226271 -0.000886870 0.999998808 -0.001242782 0.005967740 0.006253358 0.001248304 0.999979675 0.264636427
0.999982119 0.000476622 -0.005961586 -0.002207056 -0.000482480 0.999999404 -0.000981260 0.005840374 0.005961115 0.000984118 0.999981761 0.274986148
0.999980867 0.000774865 -0.006137980 -0.002594301 -0.000782434 0.999998927 -0.001230797 0.005651837 0.006137019 0.001235576 0.999980390 0.285891384
0.999983311 0.000560528 -0.005748324 -0.003041781 -0.000563831 0.999999702 -0.000572983 0.005223176 0.005748001 0.000576214 0.999983311 0.303628266
0.999982297 0.000843102 -0.005886008 -0.003361775 -0.000844887 0.999999583 -0.000300917 0.005014649 0.005885752 0.000305884 0.999982655 0.318682551
0.999983728 0.000559050 -0.005677107 -0.003131137 -0.000559978 0.999999821 -0.000161841 0.004842358 0.005677016 0.000165018 0.999983847 0.325031430
0.999981463 0.000682276 -0.006050666 -0.003160177 -0.000686644 0.999999523 -0.000719878 0.005002161 0.006050172 0.000724020 0.999981463 0.334519327
0.999986291 0.000373059 -0.005221935 -0.003317559 -0.000378531 0.999999404 -0.001046875 0.005402008 0.005221542 0.001048838 0.999985814 0.347046047
0.999982893 0.000188205 -0.005847260 -0.003090944 -0.000193210 0.999999642 -0.000855481 0.005308218 0.005847096 0.000856596 0.999982536 0.361351937
0.999981642 0.000035135 -0.006061886 -0.002565651 -0.000040894 0.999999523 -0.000949929 0.005424274 0.006061850 0.000950160 0.999981165 0.376498073
0.999983907 0.000446602 -0.005652266 -0.003216465 -0.000452144 0.999999404 -0.000979227 0.005150686 0.005651826 0.000981767 0.999983549 0.388501137
0.999980986 0.000291682 -0.006159989 -0.003099612 -0.000297624 0.999999464 -0.000963732 0.004947649 0.006159705 0.000965547 0.999980569 0.402552664
0.999987960 0.000466297 -0.004889443 -0.004137823 -0.000471325 0.999999344 -0.001027255 0.004858808 0.004888961 0.001029547 0.999987543 0.415915728
0.999983907 -0.000099485 -0.005676102 -0.003782398 0.000099730 1.000000000 0.000042977 0.004181011 0.005676098 -0.000043543 0.999983907 0.429415375
0.999986231 0.000520216 -0.005225447 -0.004537941 -0.000519479 0.999999881 0.000142430 0.004203553 0.005225521 -0.000139714 0.999986351 0.444286078
0.999986291 0.000888293 -0.005155290 -0.004794406 -0.000888296 0.999999583 0.000001746 0.004027132 0.005155290 0.000002833 0.999986708 0.459867477
0.999982655 0.000525871 -0.005865028 -0.004159002 -0.000527810 0.999999821 -0.000329019 0.004380285 0.005864854 0.000332109 0.999982774 0.469490886
0.999979734 -0.000056866 -0.006365389 -0.003875213 0.000056975 1.000000000 0.000016963 0.004143959 0.006365388 -0.000017325 0.999979734 0.483220488
0.999984980 0.000773244 -0.005429253 -0.004607815 -0.000774705 0.999999642 -0.000266887 0.004120423 0.005429045 0.000271089 0.999985218 0.495741725
0.999985456 0.000647083 -0.005356560 -0.004776096 -0.000649533 0.999999702 -0.000455535 0.004113668 0.005356263 0.000459008 0.999985576 0.510675728
0.999984920 0.000783157 -0.005435345 -0.004746894 -0.000781289 0.999999642 0.000345775 0.003527615 0.005435613 -0.000341523 0.999985158 0.520951092
0.999984860 -0.000118187 -0.005506679 -0.004608622 0.000117636 1.000000000 -0.000100231 0.003401714 0.005506691 0.000099582 0.999984860 0.527584434
0.999984443 0.000744775 -0.005532700 -0.004974011 -0.000749325 0.999999404 -0.000820252 0.004258818 0.005532085 0.000824385 0.999984384 0.541187346
0.999986470 0.001136524 -0.005075705 -0.005452457 -0.001138401 0.999999285 -0.000366938 0.004335041 0.005075284 0.000372711 0.999987066 0.556052685
0.999987125 0.000912734 -0.004993909 -0.005513922 -0.000911912 0.999999583 0.000167011 0.003698926 0.004994059 -0.000162455 0.999987543 0.566824615
0.999981523 0.000480542 -0.006064338 -0.004725155 -0.000482457 0.999999821 -0.000314330 0.003894745 0.006064186 0.000317250 0.999981582 0.582450569
0.999987781 0.000503136 -0.004922663 -0.005649124 -0.000504754 0.999999821 -0.000327384 0.003858720 0.004922497 0.000329865 0.999987841 0.597568333
0.999988854 0.000625992 -0.004677271 -0.005734903 -0.000626704 0.999999821 -0.000150637 0.003751143 0.004677176 0.000153566 0.999989033 0.608021617
0.999984205 0.000227079 -0.005611414 -0.005151951 -0.000227066 1.000000000 0.000002958 0.003715656 0.005611415 -0.000001684 0.999984264 0.620737851
0.999986172 0.000473822 -0.005232344 -0.005864892 -0.000472574 0.999999881 0.000239655 0.003837168 0.005232457 -0.000237179 0.999986291 0.633378386
0.999983847 0.000965253 -0.005601737 -0.005743414 -0.000962376 0.999999404 0.000516242 0.003603484 0.005602232 -0.000510843 0.999984205 0.650716305
0.999983788 0.000363456 -0.005680637 -0.005727584 -0.000362311 0.999999940 0.000202552 0.003527133 0.005680710 -0.000200490 0.999983847 0.660576880
0.999982238 0.000543093 -0.005932971 -0.005544287 -0.000543568 0.999999821 -0.000078422 0.003355358 0.005932928 0.000081646 0.999982417 0.673738778
0.999982774 0.000954267 -0.005791697 -0.005811389 -0.000952078 0.999999464 0.000380760 0.003191758 0.005792057 -0.000375239 0.999983132 0.683553457
0.999981999 0.000626818 -0.005969444 -0.005861504 -0.000631451 0.999999523 -0.000774331 0.003651672 0.005968956 0.000778086 0.999981880 0.696119726
0.999980986 0.000130021 -0.006160729 -0.005855531 -0.000129771 1.000000000 0.000040986 0.003111406 0.006160734 -0.000040186 0.999981046 0.709839582
0.999981999 0.000664316 -0.005967985 -0.006161459 -0.000665769 0.999999762 -0.000241590 0.003354336 0.005967823 0.000245559 0.999982178 0.721954644
0.999984443 0.000567321 -0.005544790 -0.006901171 -0.000572178 0.999999464 -0.000874393 0.003596697 0.005544291 0.000877552 0.999984264 0.735397577
0.999985993 0.000751049 -0.005236634 -0.006650033 -0.000752409 0.999999702 -0.000257670 0.003604935 0.005236439 0.000261606 0.999986231 0.753107548
0.999981761 0.000178800 -0.006041172 -0.006044013 -0.000179905 0.999999940 -0.000182473 0.003305612 0.006041139 0.000183557 0.999981761 0.763868093
0.999984026 0.000909323 -0.005575780 -0.006691282 -0.000910566 0.999999583 -0.000220425 0.003256720 0.005575577 0.000225499 0.999984443 0.777614295
0.999980628 0.000825372 -0.006171824 -0.006718586 -0.000824558 0.999999642 0.000134411 0.003330805 0.006171933 -0.000129320 0.999980927 0.793208599
0.999984980 0.000939084 -0.005399842 -0.007202448 -0.000939453 0.999999583 -0.000065779 0.003386823 0.005399778 0.000070851 0.999985397 0.807630658
0.999980330 0.001051428 -0.006182448 -0.006969599 -0.001044525 0.999998808 0.001119669 0.002552808 0.006183618 -0.001113190 0.999980271 0.819965422
0.999983966 0.000375537 -0.005645765 -0.006983992 -0.000370765 0.999999583 0.000846133 0.002588225 0.005646081 -0.000844027 0.999983728 0.837032974
0.999983191 0.000804660 -0.005746579 -0.006938836 -0.000803948 0.999999642 0.000126307 0.002712329 0.005746679 -0.000121685 0.999983490 0.848360300
0.999984920 0.000810587 -0.005428528 -0.007041932 -0.000808406 0.999999583 0.000403998 0.002607246 0.005428853 -0.000399604 0.999985158 0.860587180
0.999983788 0.000419700 -0.005677823 -0.007089092 -0.000417286 0.999999821 0.000426337 0.002804222 0.005678000 -0.000423961 0.999983788 0.872213781
0.999984086 0.000525045 -0.005621094 -0.007257186 -0.000520861 0.999999583 0.000745669 0.002424686 0.005621483 -0.000742729 0.999983907 0.885444701
0.999981105 0.000036741 -0.006144802 -0.006461922 -0.000034229 0.999999940 0.000408791 0.002480482 0.006144816 -0.000408573 0.999981046 0.902379215
0.999982536 0.000891070 -0.005838551 -0.007261357 -0.000892707 0.999999583 -0.000277916 0.003353806 0.005838301 0.000283123 0.999982893 0.913700819
0.999979794 0.000499221 -0.006340714 -0.006706193 -0.000498928 0.999999881 0.000047779 0.003032693 0.006340737 -0.000044615 0.999979913 0.926977694
0.999981284 0.000544136 -0.006093273 -0.007250289 -0.000543170 0.999999821 0.000160210 0.003302684 0.006093360 -0.000156897 0.999981403 0.940597713
0.999985993 0.001305721 -0.005129720 -0.008543965 -0.001311700 0.999998450 -0.001162368 0.003903531 0.005128194 0.001169080 0.999986172 0.959778488
0.999983966 0.000888049 -0.005587452 -0.008147618 -0.000887752 0.999999583 0.000055677 0.003104604 0.005587500 -0.000050716 0.999984384 0.973617017
0.999982536 0.000866233 -0.005844325 -0.007921495 -0.000869328 0.999999464 -0.000526995 0.003425828 0.005843865 0.000532067 0.999982774 0.986635983
0.999982536 0.001310349 -0.005758876 -0.008280225 -0.001310449 0.999999166 -0.000013667 0.003384272 0.005758854 0.000021214 0.999983430 0.999701560
0.999983311 0.000815902 -0.005716808 -0.008101292 -0.000814373 0.999999642 0.000269779 0.002753278 0.005717026 -0.000265119 0.999983609 1.011506796
0.999981284 0.001257900 -0.005984061 -0.008266042 -0.001257366 0.999999225 0.000093051 0.002835451 0.005984174 -0.000085525 0.999982119 1.025048018
0.999984086 0.001278800 -0.005490353 -0.008445866 -0.001278058 0.999999166 0.000138691 0.002474857 0.005490526 -0.000131671 0.999984920 1.042509913
0.999984860 0.001391141 -0.005321201 -0.008947437 -0.001396258 0.999998569 -0.000958097 0.003249377 0.005319860 0.000965512 0.999985397 1.055965781
0.999981642 0.000908615 -0.005991899 -0.008289748 -0.000904274 0.999999344 0.000727258 0.002332049 0.005992556 -0.000721826 0.999981761 1.065174699
0.999981880 0.000721521 -0.005972828 -0.008384977 -0.000716249 0.999999344 0.000884625 0.002194384 0.005973462 -0.000880331 0.999981761 1.078718424
0.999983907 0.001285840 -0.005524644 -0.008967956 -0.001280450 0.999998689 0.000979133 0.002222087 0.005525895 -0.000972043 0.999984264 1.091830730
0.999979734 0.000399754 -0.006353699 -0.008295458 -0.000395895 0.999999762 0.000608620 0.002337063 0.006353941 -0.000606092 0.999979615 1.105106831
0.999982059 0.000572990 -0.005962534 -0.008511187 -0.000573820 0.999999821 -0.000137489 0.002817305 0.005962455 0.000140908 0.999982238 1.117226362
0.999984920 0.000652973 -0.005450373 -0.009097231 -0.000650731 0.999999702 0.000413235 0.002499874 0.005450641 -0.000409682 0.999985039 1.130789399
0.999982417 0.000229556 -0.005923947 -0.008674415 -0.000230651 0.999999940 -0.000184083 0.002806215 0.005923905 0.000185446 0.999982417 1.146546006
0.999981701 0.000372361 -0.006042748 -0.008691369 -0.000368242 0.999999702 0.000682803 0.002173524 0.006043000 -0.000680565 0.999981523 1.160059333
0.999980211 0.000234404 -0.006283567 -0.008592422 -0.000230225 0.999999762 0.000665837 0.002161655 0.006283721 -0.000664378 0.999980032 1.170198321
0.999983191 0.000284411 -0.005788549 -0.008827489 -0.000281938 0.999999881 0.000428001 0.002421303 0.005788669 -0.000426361 0.999983132 1.178351641
0.999975979 -0.000772642 -0.006891170 -0.008142384 0.000776183 0.999999583 0.000511148 0.002302912 0.006890772 -0.000516484 0.999976099 1.190410495
0.999978602 -0.000010510 -0.006545580 -0.008048754 0.000012459 0.999999940 0.000297758 0.002592623 0.006545577 -0.000297833 0.999978542 1.211982250
0.999981225 -0.000398863 -0.006113204 -0.008534835 0.000398848 0.999999940 -0.000003749 0.002747776 0.006113205 0.000001311 0.999981344 1.221316338
0.999980271 0.000599288 -0.006249656 -0.009024181 -0.000601209 0.999999762 -0.000305468 0.003458311 0.006249471 0.000309220 0.999980450 1.241860986
0.999984086 0.000761859 -0.005585108 -0.009832983 -0.000767768 0.999999166 -0.001055875 0.003811104 0.005584299 0.001060146 0.999983847 1.257699132
0.999984741 0.001068580 -0.005422448 -0.009862378 -0.001071880 0.999999225 -0.000605754 0.003656870 0.005421796 0.000611557 0.999985099 1.271742225
0.999981761 0.000893350 -0.005976571 -0.009552678 -0.000908654 0.999996305 -0.002558440 0.005762741 0.005974263 0.002563824 0.999978840 1.285500646
0.999981582 0.000511413 -0.006043402 -0.009492649 -0.000515935 0.999999583 -0.000746707 0.003707738 0.006043018 0.000749811 0.999981463 1.298115849
0.999981344 0.000560445 -0.006082149 -0.009646107 -0.000566084 0.999999404 -0.000925406 0.003871045 0.006081627 0.000928832 0.999981046 1.312064290
0.999977767 0.000272883 -0.006659054 -0.009278744 -0.000274620 0.999999940 -0.000259982 0.003716897 0.006658982 0.000261805 0.999977767 1.323581815
0.999974072 0.000202067 -0.007196576 -0.009253248 -0.000202987 1.000000000 -0.000127118 0.003062445 0.007196551 0.000128575 0.999974072 1.337836742
0.999976456 -0.000062958 -0.006857642 -0.009066144 0.000057128 0.999999642 -0.000850352 0.003914549 0.006857694 0.000849940 0.999976099 1.350623727
0.999980927 0.000204524 -0.006173082 -0.010028664 -0.000205742 0.999999940 -0.000196734 0.003010324 0.006173041 0.000198000 0.999980927 1.363459468
0.999979138 0.000008440 -0.006461379 -0.009657535 -0.000013934 0.999999642 -0.000850165 0.003370263 0.006461370 0.000850237 0.999978781 1.374433160
0.999980927 0.000632330 -0.006141247 -0.010370778 -0.000641949 0.999998569 -0.001564370 0.003935222 0.006140248 0.001568282 0.999979913 1.390353084
0.999980867 0.000585051 -0.006153980 -0.010396431 -0.000589203 0.999999583 -0.000672751 0.003671665 0.006153584 0.000676364 0.999980867 1.402932167
0.999979436 -0.000482084 -0.006395812 -0.009835948 0.000474085 0.999999106 -0.001252141 0.003784857 0.006396410 0.001249083 0.999978781 1.413648486
0.999983191 0.000045016 -0.005799639 -0.010593718 -0.000050362 0.999999583 -0.000921602 0.003466561 0.005799594 0.000921879 0.999982774 1.424427867
