1.000000000 0.000000000 0.000000000 0.000000000 0.000000000 1.000000000 0.000000000 0.000000000 0.000000000 0.000000000 1.000000000 0.000000000
1.000000000 0.000001185 0.000002884 -0.000016457 -0.000001185 1.000000000 -0.000006587 -0.000006657 -0.000002884 0.000006587 1.000000000 -0.000019247
1.000000000 -0.000042059 0.000047694 -0.000002125 0.000042065 1.000000000 -0.000128978 0.000079298 -0.000047689 0.000128980 1.000000000 0.000028399
1.000000000 0.000006737 0.000000481 -0.000007503 -0.000006737 1.000000000 -0.000015035 0.000008502 -0.000000481 0.000015035 1.000000000 0.000000384
1.000000000 0.000000186 -0.000007843 0.000001687 -0.000000186 1.000000000 -0.000033762 0.000015592 0.000007843 0.000033762 1.000000000 0.000004116
1.000000000 0.000042900 0.000065459 -0.000038749 -0.000042893 1.000000000 -0.000096989 0.000081026 -0.000065463 0.000096987 1.000000000 0.000044412
1.000000000 -0.000042155 0.000047726 -0.000002143 0.000042162 1.000000000 -0.000129467 0.000079705 -0.000047721 0.000129469 1.000000000 0.000028623
1.000000000 0.000005663 0.000005198 -0.000002295 -0.000005663 1.000000000 -0.000014222 0.000010285 -0.000005198 0.000014222 1.000000000 0.000005564
1.000000000 -0.000000797 0.000123072 -0.000087648 0.000000810 1.000000000 -0.000111628 0.000059092 -0.000123072 0.000111629 1.000000000 0.000117176
1.000000000 0.000042753 0.000066748 -0.000035379 -0.000042747 1.000000000 -0.000085422 0.000077336 -0.000066752 0.000085419 1.000000000 0.000041654
1.000000000 -0.000041894 0.000047867 -0.000001860 0.000041901 1.000000000 -0.000129208 0.000079435 -0.000047861 0.000129210 1.000000000 0.000028303
1.000000000 0.000005255 0.000005022 -0.000002168 -0.000005255 1.000000000 -0.000014065 0.000010156 -0.000005022 0.000014065 1.000000000 0.000005594
1.000000000 0.000005693 -0.000002502 -0.000009605 -0.000005693 1.000000000 -0.000011147 -0.000002242 0.000002502 0.000011147 1.000000000 -0.000020704
1.000000000 0.000012361 -0.000000568 -0.000002329 -0.000012361 1.000000000 -0.000027729 0.000021277 0.000000568 0.000027729 1.000000000 -0.000002414
1.000000000 -0.000034385 0.000040861 -0.000011681 0.000034390 1.000000000 -0.000125435 0.000073054 -0.000040857 0.000125436 1.000000000 0.000006284
1.000000000 -0.000002607 0.000001368 0.000000279 0.000002607 1.000000000 -0.000003718 0.000001955 -0.000001368 0.000003718 1.000000000 -0.000001397
1.000000000 -0.000002607 0.000001372 0.000000276 0.000002607 1.000000000 -0.000003712 0.000001951 -0.000001372 0.000003712 1.000000000 -0.000001395
1.000000000 -0.000002607 0.000001377 0.000000273 0.000002607 1.000000000 -0.000003705 0.000001948 -0.000001377 0.000003705 1.000000000 -0.000001394
1.000000000 0.000064037 0.000116015 -0.000075147 -0.000064016 1.000000000 -0.000182433 0.000154680 -0.000116026 0.000182426 1.000000000 0.000055682
1.000000000 0.000058508 0.000103467 -0.000045326 -0.000058490 1.000000000 -0.000168192 0.000127417 -0.000103477 0.000168186 1.000000000 0.000085047
1.000000000 -0.000013793 -0.000005858 0.000014754 0.000013793 1.000000000 0.000000187 0.000002100 0.000005858 -0.000000187 1.000000000 0.000011178
1.000000000 0.000066609 0.000103495 -0.000051140 -0.000066592 1.000000000 -0.000169707 0.000129837 -0.000103506 0.000169700 1.000000000 0.000078782
1.000000000 0.000082687 0.000118194 -0.000086215 -0.000082666 1.000000000 -0.000181827 0.000165969 -0.000118209 0.000181817 1.000000000 0.000045441
1.000000000 0.000052220 0.000056921 -0.000029505 -0.000052215 1.000000000 -0.000090781 0.000083721 -0.000056926 0.000090778 1.000000000 0.000042995
1.000000000 0.000067111 0.000116563 -0.000075432 -0.000067091 1.000000000 -0.000177019 0.000157897 -0.000116575 0.000177012 1.000000000 0.000054784
1.000000000 -0.000021906 0.000015936 -0.000005139 0.000021907 1.000000000 -0.000086294 0.000054008 -0.000015934 0.000086295 1.000000000 -0.000018360
1.000000000 0.000000100 -0.000004733 -0.000006160 -0.000000100 1.000000000 0.000000362 -0.000008378 0.000004733 -0.000000362 1.000000000 -0.000019404
1.000000000 0.000047532 0.000060213 -0.000040230 -0.000047526 1.000000000 -0.000094449 0.000063234 -0.000060217 0.000094446 1.000000000 0.000025885
1.000000000 0.000050994 0.000084348 -0.000075728 -0.000050978 1.000000000 -0.000187854 0.000134265 -0.000084358 0.000187850 1.000000000 0.000092430
1.000000000 0.000005596 -0.000003253 -0.000008918 -0.000005596 1.000000000 -0.000011040 -0.000002289 0.000003253 0.000011040 1.000000000 -0.000020602
1.000000000 0.000005004 0.000125558 -0.000092290 -0.000004988 1.000000000 -0.000124660 0.000066043 -0.000125559 0.000124660 1.000000000 0.000115004
1.000000000 0.000046987 0.000059684 -0.000040303 -0.000046981 1.000000000 -0.000093331 0.000062205 -0.000059688 0.000093328 1.000000000 0.000025138
1.000000000 0.000051034 0.000084466 -0.000075556 -0.000051018 1.000000000 -0.000187283 0.000133791 -0.000084476 0.000187278 1.000000000 0.000092166
1.000000000 0.000002566 -0.000003838 -0.000007742 -0.000002566 1.000000000 -0.000007381 -0.000004803 0.000003838 0.000007381 1.000000000 -0.000020109
1.000000000 0.000012531 -0.000000485 -0.000002380 -0.000012531 1.000000000 -0.000028060 0.000021706 0.000000485 0.000028060 1.000000000 -0.000002056
1.000000000 0.000042922 0.000058043 -0.000025623 -0.000042915 1.000000000 -0.000109705 0.000082258 -0.000058048 0.000109703 1.000000000 0.000050948
1.000000000 0.000049698 0.000083899 -0.000074687 -0.000049683 1.000000000 -0.000188115 0.000134224 -0.000083908 0.000188111 1.000000000 0.000092026
1.000000000 0.000005694 -0.000002504 -0.000009604 -0.000005694 1.000000000 -0.000011158 -0.000002234 0.000002504 0.000011158 1.000000000 -0.000020706
1.000000000 0.000012350 -0.000000575 -0.000002321 -0.000012350 1.000000000 -0.000027734 0.000021278 0.000000574 0.000027734 1.000000000 -0.000002419
1.000000000 0.000052425 0.000057646 -0.000029863 -0.000052420 1.000000000 -0.000091380 0.000084306 -0.000057651 0.000091377 1.000000000 0.000043419
1.000000000 0.000035355 0.000196715 -0.000111454 -0.000035327 1.000000000 -0.000140525 0.000133275 -0.000196720 0.000140518 1.000000000 0.000089324
1.000000000 -0.000002608 0.000000481 -0.000003538 0.000002608 1.000000000 -0.000014451 0.000005106 -0.000000481 0.000014451 1.000000000 0.000001250
1.000000000 0.000004018 0.000001090 0.000004578 -0.000004018 1.000000000 -0.000039473 0.000027833 -0.000001091 0.000039473 1.000000000 0.000018117
1.000000000 -0.000002607 0.000001367 0.000000280 0.000002607 1.000000000 -0.000003719 0.000001955 -0.000001367 0.000003719 1.000000000 -0.000001397
1.000000000 -0.000040245 0.000010762 0.000002000 0.000040246 1.000000000 -0.000073378 0.000034863 -0.000010759 0.000073378 1.000000000 -0.000019197
1.000000000 -0.000002607 0.000001372 0.000000277 0.000002607 1.000000000 -0.000003714 0.000001952 -0.000001372 0.000003714 1.000000000 -0.000001395
1.000000000 0.000043767 0.000066278 -0.000034467 -0.000043761 1.000000000 -0.000086851 0.000078189 -0.000066282 0.000086848 1.000000000 0.000041824
1.000000000 -0.000017136 0.000048690 -0.000024124 0.000017142 1.000000000 -0.000129661 0.000080561 -0.000048688 0.000129662 1.000000000 -0.000000727
1.000000000 0.000014157 0.000006615 -0.000006889 -0.000014157 1.000000000 -0.000015227 0.000019537 -0.000006615 0.000015226 1.000000000 -0.000000768
1.000000000 0.000018048 0.000006646 -0.000008680 -0.000018047 1.000000000 -0.000012114 0.000018014 -0.000006647 0.000012113 1.000000000 -0.000000524
1.000000000 0.000067114 0.000116859 -0.000075628 -0.000067093 1.000000000 -0.000176759 0.000157755 -0.000116871 0.000176751 1.000000000 0.000054852
1.000000000 -0.000002572 0.000001565 0.000000038 0.000002572 1.000000000 -0.000004053 0.000002228 -0.000001565 0.000004053 1.000000000 -0.000001255
1.000000000 0.000042625 0.000066479 -0.000035095 -0.000042620 1.000000000 -0.000085593 0.000077491 -0.000066483 0.000085590 1.000000000 0.000041794
1.000000000 -0.000042224 0.000047651 -0.000002028 0.000042231 1.000000000 -0.000128859 0.000079213 -0.000047646 0.000128861 1.000000000 0.000028403
1.000000000 0.000006736 0.000000458 -0.000007460 -0.000006736 1.000000000 -0.000015007 0.000008476 -0.000000458 0.000015007 1.000000000 0.000000370
1.000000000 0.000082606 0.000116723 -0.000089672 -0.000082583 1.000000000 -0.000193429 0.000169473 -0.000116739 0.000193420 1.000000000 0.000048451
1.000000000 0.000006737 0.000000460 -0.000007463 -0.000006737 1.000000000 -0.000015010 0.000008480 -0.000000460 0.000015010 1.000000000 0.000000371
1.000000000 0.000050818 0.000084344 -0.000075638 -0.000050802 1.000000000 -0.000187925 0.000134289 -0.000084354 0.000187921 1.000000000 0.000092391
1.000000000 0.000042755 0.000066900 -0.000035427 -0.000042749 1.000000000 -0.000085686 0.000077549 -0.000066903 0.000085683 1.000000000 0.000041749
1.000000000 0.000005596 -0.000003266 -0.000008908 -0.000005596 1.000000000 -0.000011013 -0.000002305 0.000003266 0.000011013 1.000000000 -0.000020596
1.000000000 -0.000042363 0.000047908 -0.000002266 0.000042369 1.000000000 -0.000129593 0.000079790 -0.000047903 0.000129595 1.000000000 0.000028638
1.000000000 0.000005579 0.000004918 -0.000001831 -0.000005579 1.000000000 -0.000014717 0.000010753 -0.000004918 0.000014717 1.000000000 0.000005971
1.000000000 0.000012544 -0.000000502 -0.000002375 -0.000012544 1.000000000 -0.000028061 0.000021707 0.000000501 0.000028061 1.000000000 -0.000002056
1.000000000 0.000005578 0.000004914 -0.000001829 -0.000005578 1.000000000 -0.000014714 0.000010751 -0.000004914 0.000014714 1.000000000 0.000005970
1.000000000 0.000012544 -0.000000504 -0.000002374 -0.000012544 1.000000000 -0.000028061 0.000021708 0.000000503 0.000028061 1.000000000 -0.000002059
1.000000000 0.000005278 0.000005005 -0.000002166 -0.000005278 1.000000000 -0.000014099 0.000010177 -0.000005005 0.000014099 1.000000000 0.000005585
0.999999881 0.000315408 0.000422089 -0.000203966 -0.000315246 0.999999881 -0.000385327 0.000423518 -0.000422211 0.000385194 0.999999821 0.004881641
0.999999762 0.000327676 -0.000643217 0.000196689 -0.000327713 0.999999940 -0.000058366 0.000037390 0.000643198 0.000058577 0.999999821 0.024438012
1.000000000 0.000202293 -0.000100346 0.000243847 -0.000202213 0.999999642 0.000797009 -0.000455513 0.000100508 -0.000796988 0.999999702 0.055592474
1.000000000 0.000053244 -0.000139427 0.000053214 -0.000053074 0.999999225 0.001221978 -0.000546831 0.000139492 -0.001221970 0.999999225 0.093952589
0.999999583 -0.000322641 -0.000850281 0.000575371 0.000322904 0.999999881 0.000308891 0.000168904 0.000850181 -0.000309165 0.999999583 0.137652159
0.999999940 -0.000256278 -0.000169021 -0.000378821 0.000256233 0.999999940 -0.000263504 0.000214944 0.000169088 0.000263461 0.999999940 0.187450737
0.999999821 -0.000512780 0.000389669 -0.000465803 0.000512640 0.999999821 0.000358176 -0.000597264 -0.000389852 -0.000357976 0.999999881 0.239833057
0.999999881 -0.000478721 0.000049992 -0.000393899 0.000478724 0.999999881 -0.000056030 -0.000539620 -0.000049965 0.000056054 1.000000000 0.293308467
0.999999404 -0.001062892 -0.000130343 -0.000213279 0.001062890 0.999999464 -0.000018047 -0.000815372 0.000130362 0.000017909 1.000000000 0.350199640
0.999999106 -0.001327154 -0.000051929 -0.000456349 0.001327233 0.999997914 0.001563072 -0.002457060 0.000049854 -0.001563139 0.999998748 0.407469481
0.999999642 -0.000833078 -0.000066828 -0.000258157 0.000833158 0.999998927 0.001196652 -0.002251281 0.000065831 -0.001196708 0.999999285 0.463209897
0.999998808 -0.001539760 -0.000087426 -0.000595893 0.001539815 0.999998629 0.000631736 -0.002246237 0.000086454 -0.000631870 0.999999821 0.522056580
0.999998569 -0.001667708 -0.000154094 -0.000336272 0.001667957 0.999997258 0.001629748 -0.002625593 0.000151375 -0.001630003 0.999998689 0.579748034
0.999999821 -0.000384911 -0.000517270 -0.001036363 0.000385662 0.999998868 0.001452357 -0.002468568 0.000516710 -0.001452556 0.999998808 0.640234292
0.999999821 -0.000543695 -0.000073608 -0.001401291 0.000543810 0.999998629 0.001576104 -0.002807488 0.000072751 -0.001576144 0.999998748 0.698958635
0.999999762 -0.000624873 -0.000339746 -0.001311560 0.000625544 0.999997854 0.001977596 -0.003259137 0.000338509 -0.001977808 0.999997973 0.756113946
0.999999702 -0.000485782 -0.000576902 -0.001479318 0.000486633 0.999998808 0.001476922 -0.003066373 0.000576184 -0.001477203 0.999998748 0.818578720
0.999999523 -0.000307495 -0.000942333 -0.000921437 0.000308490 0.999999404 0.001055698 -0.002691947 0.000942007 -0.001055988 0.999998987 0.873515666
0.999999642 -0.000287955 -0.000802454 -0.000667197 0.000288871 0.999999285 0.001141312 -0.003040992 0.000802125 -0.001141543 0.999999046 0.923789799
0.999999464 -0.000393588 -0.000955144 -0.000550158 0.000395560 0.999997795 0.002066134 -0.003668973 0.000954329 -0.002066511 0.999997437 0.942924857
0.999999642 0.000157229 -0.000826648 -0.000510429 -0.000156283 0.999999344 0.001144595 -0.003037296 0.000826828 -0.001144466 0.999998987 0.963324189
0.999999344 -0.000236966 -0.001113165 -0.000002081 0.000238071 0.999999464 0.000991898 -0.003144349 0.001112929 -0.000992163 0.999998868 0.978214860
0.999999046 -0.000852442 -0.001072128 -0.000137710 0.000856580 0.999992192 0.003864797 -0.004768859 0.001068825 -0.003865712 0.999991953 0.989608526
0.999999404 -0.000333375 -0.001016231 -0.000387249 0.000337131 0.999993086 0.003697750 -0.004600854 0.001014991 -0.003698091 0.999992669 0.997635901
0.999998987 -0.000133468 -0.001410375 -0.000221334 0.000138534 0.999993563 0.003592418 -0.004530929 0.001409887 -0.003592610 0.999992549 1.003315449
0.999998450 -0.000789925 -0.001567152 0.000026520 0.000795129 0.999994159 0.003322967 -0.004495172 0.001564518 -0.003324208 0.999993265 1.007431865
0.999998748 -0.000804422 -0.001376866 0.000080825 0.000808259 0.999995768 0.002788728 -0.004048684 0.001374617 -0.002789837 0.999995172 1.010346413
0.999998927 -0.000658005 -0.001309978 -0.000179782 0.000662917 0.999992728 0.003752802 -0.004446722 0.001307499 -0.003753667 0.999992073 1.012633443
0.999998629 -0.000850226 -0.001430080 -0.000037713 0.000855037 0.999993980 0.003366648 -0.004347488 0.001427209 -0.003367866 0.999993324 1.014132977
0.999999166 -0.000517039 -0.001201187 -0.000084381 0.000521737 0.999992192 0.003914241 -0.004765376 0.001199154 -0.003914865 0.999991596 1.014843941
0.999998450 -0.000664667 -0.001621504 -0.000290737 0.000670179 0.999993980 0.003401120 -0.004452393 0.001619234 -0.003402202 0.999992907 1.015818834
0.999999166 -0.000620270 -0.001157623 -0.000540272 0.000623792 0.999995172 0.003044370 -0.004108772 0.001155729 -0.003045090 0.999994695 1.016512036
0.999999523 -0.000333592 -0.000920322 -0.000811371 0.000336876 0.999993563 0.003571175 -0.004315927 0.000919124 -0.003571483 0.999993205 1.017007709
0.999998689 -0.000509701 -0.001536314 -0.000306184 0.000515481 0.999992788 0.003764178 -0.004482097 0.001534384 -0.003764965 0.999991715 1.017102718
0.999998689 -0.000774381 -0.001430899 -0.000465400 0.000779856 0.999992371 0.003829138 -0.004452071 0.001427923 -0.003830249 0.999991655 1.017232060
0.999998808 -0.000678562 -0.001405767 -0.000382336 0.000683786 0.999992847 0.003718908 -0.004410543 0.001403233 -0.003719864 0.999992073 1.017218947
0.999998629 -0.000728350 -0.001478499 -0.000174284 0.000734040 0.999992311 0.003851436 -0.004606210 0.001475682 -0.003852516 0.999991477 1.017299294
0.999998808 -0.000841332 -0.001317485 -0.000310254 0.000845890 0.999993622 0.003462990 -0.004423868 0.001314563 -0.003464100 0.999993145 1.017216086
0.999998868 -0.000518459 -0.001391811 -0.000393340 0.000524028 0.999991834 0.004003917 -0.004867763 0.001389723 -0.004004641 0.999991000 1.017314792
0.999999106 -0.000603520 -0.001203335 -0.000474106 0.000608225 0.999992132 0.003913728 -0.004755903 0.001200964 -0.003914456 0.999991596 1.017322063
0.999998569 -0.000969570 -0.001388969 -0.000286876 0.000975155 0.999991417 0.004025783 -0.005138535 0.001385054 -0.004027132 0.999990940 1.017273903
0.999998808 -0.000531595 -0.001431303 -0.000290583 0.000537005 0.999992728 0.003782517 -0.004746538 0.001429282 -0.003783281 0.999991834 1.017459512
0.999999046 -0.000486360 -0.001286017 -0.000355459 0.000491126 0.999993026 0.003708363 -0.004675389 0.001284205 -0.003708991 0.999992311 1.017476678
0.999998987 -0.000635556 -0.001291449 -0.000243836 0.000640527 0.999992371 0.003851962 -0.004823020 0.001288991 -0.003852785 0.999991775 1.017405987
0.999998927 -0.000558634 -0.001334357 -0.000254384 0.000563866 0.999992132 0.003924389 -0.004794008 0.001332154 -0.003925138 0.999991417 1.017542243
0.999999166 -0.000504746 -0.001191929 -0.000378446 0.000509159 0.999993026 0.003704756 -0.004677219 0.001190051 -0.003705360 0.999992430 1.017402887
0.999999225 -0.000222646 -0.001206729 -0.000424286 0.000227901 0.999990463 0.004356681 -0.005187069 0.001205748 -0.004356953 0.999989808 1.022666335
0.999999106 -0.000718313 -0.001121870 -0.000993358 0.000721248 0.999996305 0.002617871 -0.003971900 0.001119985 -0.002618678 0.999995947 1.043616533
0.999998271 -0.001216392 -0.001402036 -0.000457155 0.001219091 0.999997377 0.001925568 -0.003637675 0.001399690 -0.001927274 0.999997139 1.073635936
0.999999464 -0.000574139 -0.000857609 -0.001273151 0.000576161 0.999997079 0.002358920 -0.003730669 0.000856252 -0.002359413 0.999996841 1.111289382
0.999998927 -0.001260600 -0.000766977 -0.000946923 0.001262617 0.999995708 0.002634790 -0.003819298 0.000763652 -0.002635756 0.999996245 1.152104855
0.999999583 -0.000909549 -0.000178675 -0.002278101 0.000910036 0.999995828 0.002749341 -0.003585343 0.000176174 -0.002749502 0.999996185 1.186880469
1.000000000 -0.000093499 -0.000207773 -0.002665705 0.000093976 0.999997377 0.002296630 -0.003123347 0.000207558 -0.002296649 0.999997318 1.227679372
0.999999940 -0.000232150 0.000092686 -0.002542368 0.000231929 0.999997139 0.002380472 -0.002528174 -0.000093238 -0.002380450 0.999997139 1.274119973
0.999999702 -0.000063806 -0.000797103 -0.001429694 0.000064897 0.999999046 0.001368076 -0.002097132 0.000797015 -0.001368128 0.999998748 1.322125196
0.999999404 -0.000695411 -0.000834022 -0.001157834 0.000696607 0.999998748 0.001433853 -0.002064977 0.000833024 -0.001434434 0.999998629 1.372334480
0.999999285 -0.000752195 -0.000939207 -0.001536008 0.000753688 0.999998450 0.001590062 -0.002560115 0.000938010 -0.001590769 0.999998271 1.405373096
0.999998510 -0.000320732 -0.001703939 -0.000130015 0.000324507 0.999997497 0.002215502 -0.003124644 0.001703224 -0.002216051 0.999996066 1.435704947
0.999997497 -0.000994930 -0.001995226 0.000242370 0.000998291 0.999998093 0.001684106 -0.003055444 0.001993546 -0.001686094 0.999996603 1.471876860
0.999997556 -0.000521576 -0.002142428 0.000116091 0.000524671 0.999998808 0.001444307 -0.002450695 0.002141672 -0.001445427 0.999996662 1.518209815
0.999998331 -0.000459465 -0.001781493 0.000141762 0.000460983 0.999999523 0.000851972 -0.002402927 0.001781101 -0.000852791 0.999998033 1.585962772
0.999997318 -0.000459871 -0.002261464 0.000077233 0.000463939 0.999998271 0.001798963 -0.002953509 0.002260632 -0.001800007 0.999995828 1.620875239
0.999997258 -0.000712148 -0.002240352 0.000091308 0.000716432 0.999997914 0.001911995 -0.002848576 0.002238986 -0.001913595 0.999995649 1.672575235
0.999997616 -0.000106055 -0.002192018 -0.000438457 0.000111163 0.999997258 0.002330361 -0.003190313 0.002191765 -0.002330599 0.999994874 1.727160215
0.999996543 -0.000508919 -0.002579165 -0.000164012 0.000515632 0.999996483 0.002602800 -0.003417571 0.002577831 -0.002604121 0.999993265 1.782341838
0.999997139 0.000045273 -0.002394337 -0.000967906 -0.000037143 0.999994218 0.003395564 -0.004140751 0.002394477 -0.003395465 0.999991357 1.840090752
0.999997556 -0.000834132 -0.002034008 -0.001582494 0.000840714 0.999994397 0.003237218 -0.004444349 0.002031296 -0.003238920 0.999992669 1.895994306
0.999998271 -0.000390680 -0.001828222 -0.001778278 0.000396743 0.999994397 0.003317015 -0.004424066 0.001826916 -0.003317734 0.999992847 1.952939153
0.999998212 -0.000643860 -0.001775291 -0.002041776 0.000649459 0.999994814 0.003154995 -0.004604910 0.001773250 -0.003156142 0.999993443 1.996935010
0.999999940 -0.000050364 -0.000281303 -0.003369212 0.000051053 0.999997020 0.002448125 -0.004136043 0.000281179 -0.002448139 0.999996960 2.044353724
0.999998748 -0.000826858 -0.001355340 -0.002667866 0.000830839 0.999995351 0.002939279 -0.004453789 0.001352903 -0.002940401 0.999994755 2.095276833
0.999999702 -0.000053980 -0.000764387 -0.003470327 0.000056896 0.999992728 0.003814992 -0.004828046 0.000764175 -0.003815035 0.999992430 2.147786140
0.999999881 -0.000228399 -0.000455754 -0.004010272 0.000230327 0.999991000 0.004234595 -0.005221198 0.000454783 -0.004234700 0.999990940 2.204061985
0.999999821 -0.000477771 0.000271893 -0.004784043 0.000476605 0.999990761 0.004274714 -0.005335997 -0.000273933 -0.004274584 0.999990821 2.254995584
0.999999881 -0.000254847 -0.000411012 -0.004467562 0.000256771 0.999988973 0.004687575 -0.005586720 0.000409813 -0.004687680 0.999988914 2.298680782
0.999999881 -0.000078349 -0.000518090 -0.003704892 0.000080249 0.999993265 0.003667055 -0.005119477 0.000517799 -0.003667096 0.999993145 2.344801188
1.000000000 -0.000194540 -0.000054529 -0.004305432 0.000194747 0.999992728 0.003810053 -0.005099542 0.000053787 -0.003810063 0.999992728 2.396945000
0.999999881 -0.000191587 -0.000426988 -0.003847157 0.000193302 0.999991894 0.004019660 -0.005344806 0.000426214 -0.004019742 0.999991834 2.450289488
0.999999940 0.000076865 0.000306756 -0.004404637 -0.000078083 0.999992132 0.003972735 -0.005341552 -0.000306448 -0.003972759 0.999992073 2.497894526
0.999999702 0.000029186 0.000772747 -0.004682888 -0.000033165 0.999986768 0.005149190 -0.006251030 -0.000772587 -0.005149214 0.999986470 2.534587622
0.999999762 0.000266556 0.000676929 -0.004624902 -0.000270648 0.999981642 0.006052267 -0.006386777 -0.000675303 -0.006052448 0.999981463 2.567137003
0.999999404 0.000119535 0.001111522 -0.005487982 -0.000124734 0.999989033 0.004678830 -0.005431839 -0.001110951 -0.004678966 0.999988437 2.605714321
0.999999404 0.001108670 -0.000069273 -0.004380804 -0.001108310 0.999986827 0.005005966 -0.005959607 0.000074822 -0.005005886 0.999987483 2.650471449
0.999999583 0.000559581 0.000688470 -0.004646523 -0.000562630 0.999989986 0.004435339 -0.005719097 -0.000685982 -0.004435724 0.999989927 2.697410345
0.999998510 0.001656692 0.000478814 -0.004693371 -0.001659500 0.999981046 0.005924614 -0.006590550 -0.000468990 -0.005925400 0.999982357 2.750776052
0.999998689 0.001613975 -0.000253446 -0.004428096 -0.001612648 0.999985456 0.005149676 -0.005721861 0.000261754 -0.005149260 0.999986708 2.799537420
0.999999523 0.000859890 -0.000428361 -0.003665315 -0.000857401 0.999982953 0.005777334 -0.006202119 0.000433322 -0.005776965 0.999983191 2.840147972
0.999999464 0.001002176 -0.000250898 -0.003731201 -0.001000532 0.999978602 0.006466385 -0.006566074 0.000257373 -0.006466130 0.999979079 2.884880781
0.999999881 0.000298908 -0.000387332 -0.003837105 -0.000296205 0.999975741 0.006960536 -0.006460410 0.000389403 -0.006960420 0.999975681 2.935121298
0.999999523 0.000953437 -0.000190778 -0.004272279 -0.000951930 0.999969482 0.007751156 -0.006596596 0.000198162 -0.007750970 0.999969959 2.989460230
0.999999821 -0.000145922 0.000548230 -0.004102677 0.000141807 0.999971867 0.007498143 -0.006248763 -0.000549309 -0.007498064 0.999971747 3.038141012
0.999999762 0.000157255 0.000631868 -0.004205386 -0.000162168 0.999969721 0.007783462 -0.006196730 -0.000630624 -0.007783563 0.999969482 3.078876257
0.999999762 -0.000507698 0.000472939 -0.003873651 0.000504305 0.999974370 0.007145259 -0.005773104 -0.000476555 -0.007145018 0.999974370 3.125787258
0.999999642 -0.000770154 0.000347849 -0.003742674 0.000767595 0.999973118 0.007295456 -0.005513980 -0.000353458 -0.007295186 0.999973357 3.174913883
0.999999881 0.000096100 0.000433954 -0.003706029 -0.000099435 0.999970436 0.007690467 -0.005523060 -0.000433202 -0.007690509 0.999970317 3.225218296
0.999999762 -0.000409291 0.000538411 -0.003582730 0.000404965 0.999967813 0.008010736 -0.005543025 -0.000541672 -0.008010516 0.999967754 3.275206566
0.999999166 0.000275440 0.001239261 -0.004135852 -0.000286209 0.999962151 0.008698003 -0.005658513 -0.001236818 -0.008698351 0.999961376 3.313285351
0.999996662 0.000086095 0.002579181 -0.004444081 -0.000104759 0.999973834 0.007237099 -0.004708596 -0.002578491 -0.007237345 0.999970496 3.342754602
0.999997020 0.000083085 0.002436572 -0.004181391 -0.000100345 0.999974906 0.007084509 -0.004624070 -0.002435923 -0.007084733 0.999971926 3.381582022
0.999993622 -0.001006932 0.003432839 -0.004146238 0.000987164 0.999982953 0.005755294 -0.003529677 -0.003438576 -0.005751868 0.999977529 3.425206900
0.999999166 0.000580243 0.001153046 -0.003447207 -0.000591615 0.999950945 0.009886274 -0.005142578 -0.001147253 -0.009886947 0.999950469 3.476113558
0.999998987 0.000507031 0.001330873 -0.003538395 -0.000519719 0.999954283 0.009550077 -0.004451035 -0.001325969 -0.009550759 0.999953508 3.525379419
0.999995053 0.001305470 0.002862865 -0.004138054 -0.001321024 0.999984324 0.005437989 -0.002326884 -0.002855721 -0.005441744 0.999981105 3.579932928
0.999998033 0.000196439 0.001982522 -0.003161691 -0.000196563 1.000000000 0.000062458 -0.000058650 -0.001982510 -0.000062848 0.999998033 3.633006334
0.999987423 0.001493073 0.004793379 -0.004687428 -0.001535921 0.999958813 0.008947794 -0.002981369 -0.004779821 -0.008955044 0.999948502 3.691240072
0.999989986 0.002035044 0.003979705 -0.004611276 -0.001842481 0.998854995 -0.047805455 0.016069191 -0.004072435 0.047797643 0.998848736 3.735761166
0.999987006 0.003294702 0.003885886 -0.005098860 -0.002863332 0.994338632 -0.106218971 0.033144876 -0.004213846 0.106206469 0.994335175 3.780872583
0.999987006 0.003294702 0.003885886 -0.005098860 -0.002863332 0.994338632 -0.106218971 0.033144876 -0.004213846 0.106206469 0.994335175 3.780872583
0.999987006 0.003294702 0.003885886 -0.005098860 -0.002863332 0.994338632 -0.106218971 0.033144876 -0.004213846 0.106206469 0.994335175 3.780872583
0.999987006 0.003294702 0.003885886 -0.005098860 -0.002863332 0.994338632 -0.106218971 0.033144876 -0.004213846 0.106206469 0.994335175 3.780872583
0.999987006 0.003294702 0.003885886 -0.005098860 -0.002863332 0.994338632 -0.106218971 0.033144876 -0.004213846 0.106206469 0.994335175 3.780872583
0.999987006 0.003294702 0.003885886 -0.005098860 -0.002863332 0.994338632 -0.106218971 0.033144876 -0.004213846 0.106206469 0.994335175 3.780872583
0.999987006 0.003294702 0.003885886 -0.005098860 -0.002863332 0.994338632 -0.106218971 0.033144876 -0.004213846 0.106206469 0.994335175 3.780872583
0.999987006 0.003294702 0.003885886 -0.005098860 -0.002863332 0.994338632 -0.106218971 0.033144876 -0.004213846 0.106206469 0.994335175 3.780872583
0.999987006 0.003294702 0.003885886 -0.005098860 -0.002863332 0.994338632 -0.106218971 0.033144876 -0.004213846 0.106206469 0.994335175 3.780872583
0.999987006 0.003294702 0.003885886 -0.005098860 -0.002863332 0.994338632 -0.106218971 0.033144876 -0.004213846 0.106206469 0.994335175 3.780872583
0.999987006 0.003294702 0.003885886 -0.005098860 -0.002863332 0.994338632 -0.106218971 0.033144876 -0.004213846 0.106206469 0.994335175 3.780872583
0.999987006 0.003294702 0.003885886 -0.005098860 -0.002863332 0.994338632 -0.106218971 0.033144876 -0.004213846 0.106206469 0.994335175 3.780872583
0.999987006 0.003294702 0.003885886 -0.005098860 -0.002863332 0.994338632 -0.106218971 0.033144876 -0.004213846 0.106206469 0.994335175 3.780872583
0.999987006 0.003294702 0.003885886 -0.005098860 -0.002863332 0.994338632 -0.106218971 0.033144876 -0.004213846 0.106206469 0.994335175 3.780872583
0.999987006 0.003294702 0.003885886 -0.005098860 -0.002863332 0.994338632 -0.106218971 0.033144876 -0.004213846 0.106206469 0.994335175 3.780872583
0.999987006 0.003294702 0.003885886 -0.005098860 -0.002863332 0.994338632 -0.106218971 0.033144876 -0.004213846 0.106206469 0.994335175 3.780872583
0.999987006 0.003294702 0.003885886 -0.005098860 -0.002863332 0.994338632 -0.106218971 0.033144876 -0.004213846 0.106206469 0.994335175 3.780872583
0.999987006 0.003294702 0.003885886 -0.005098860 -0.002863332 0.994338632 -0.106218971 0.033144876 -0.004213846 0.106206469 0.994335175 3.780872583
0.999987006 0.003294702 0.003885886 -0.005098860 -0.002863332 0.994338632 -0.106218971 0.033144876 -0.004213846 0.106206469 0.994335175 3.780872583
0.999987006 0.003294702 0.003885886 -0.005098860 -0.002863332 0.994338632 -0.106218971 0.033144876 -0.004213846 0.106206469 0.994335175 3.780872583
0.999987006 0.003294702 0.003885886 -0.005098860 -0.002863332 0.994338632 -0.106218971 0.033144876 -0.004213846 0.106206469 0.994335175 3.780872583
0.999987006 0.003294702 0.003885886 -0.005098860 -0.002863332 0.994338632 -0.106218971 0.033144876 -0.004213846 0.106206469 0.994335175 3.780872583
0.999987006 0.003294702 0.003885886 -0.005098860 -0.002863332 0.994338632 -0.106218971 0.033144876 -0.004213846 0.106206469 0.994335175 3.780872583
0.999987006 0.003294702 0.003885886 -0.005098860 -0.002863332 0.994338632 -0.106218971 0.033144876 -0.004213846 0.106206469 0.994335175 3.780872583
0.999987006 0.003294702 0.003885886 -0.005098860 -0.002863332 0.994338632 -0.106218971 0.033144876 -0.004213846 0.106206469 0.994335175 3.780872583
0.999987006 0.003294702 0.003885886 -0.005098860 -0.002863332 0.994338632 -0.106218971 0.033144876 -0.004213846 0.106206469 0.994335175 3.780872583
0.999987006 0.003294702 0.003885886 -0.005098860 -0.002863332 0.994338632 -0.106218971 0.033144876 -0.004213846 0.106206469 0.994335175 3.780872583
0.999987006 0.003294702 0.003885886 -0.005098860 -0.002863332 0.994338632 -0.106218971 0.033144876 -0.004213846 0.106206469 0.994335175 3.780872583
0.999987006 0.003294702 0.003885886 -0.005098860 -0.002863332 0.994338632 -0.106218971 0.033144876 -0.004213846 0.106206469 0.994335175 3.780872583
0.999987006 0.003294702 0.003885886 -0.005098860 -0.002863332 0.994338632 -0.106218971 0.033144876 -0.004213846 0.106206469 0.994335175 3.780872583
1.000000000 0.000000000 0.000000000 0.000000000 0.000000000 1.000000000 0.000000000 0.000000000 0.000000000 0.000000000 1.000000000 0.000000000
0.999146879 -0.000691492 -0.041291457 -0.004816641 0.000679316 0.999999702 -0.000308915 -0.000272570 0.041291658 0.000280601 0.999147117 0.004539995
0.997999847 -0.000063017 -0.063216716 -0.007084389 0.000039825 0.999999940 -0.000368124 -0.000152564 0.063216738 0.000364870 0.997999728 0.004742901
1.000000000 0.000000000 0.000000000 0.000000000 0.000000000 1.000000000 0.000000000 0.000000000 0.000000000 0.000000000 1.000000000 0.000000000
1.000000000 0.000000000 0.000000000 0.000000000 0.000000000 1.000000000 0.000000000 0.000000000 0.000000000 0.000000000 1.000000000 0.000000000
1.000000000 0.000000000 0.000000000 0.000000000 0.000000000 1.000000000 0.000000000 0.000000000 0.000000000 0.000000000 1.000000000 0.000000000
1.000000000 0.000000000 0.000000000 0.000000000 0.000000000 1.000000000 0.000000000 0.000000000 0.000000000 0.000000000 1.000000000 0.000000000
1.000000000 0.000000000 0.000000000 0.000000000 0.000000000 1.000000000 0.000000000 0.000000000 0.000000000 0.000000000 1.000000000 0.000000000
1.000000000 0.000000000 0.000000000 0.000000000 0.000000000 1.000000000 0.000000000 0.000000000 0.000000000 0.000000000 1.000000000 0.000000000
0.999144495 0.005693725 -0.040961724 -0.008352662 -0.005496539 0.999972761 0.004924932 -0.019701248 0.040988650 -0.004695571 0.999148607 -0.039899994
0.999144495 0.005693725 -0.040961724 -0.008352662 -0.005496539 0.999972761 0.004924932 -0.019701248 0.040988650 -0.004695571 0.999148607 -0.039899994
0.999144495 0.005693725 -0.040961724 -0.008352662 -0.005496539 0.999972761 0.004924932 -0.019701248 0.040988650 -0.004695571 0.999148607 -0.039899994
0.999144495 0.005693725 -0.040961724 -0.008352662 -0.005496539 0.999972761 0.004924932 -0.019701248 0.040988650 -0.004695571 0.999148607 -0.039899994
0.999144495 0.005693725 -0.040961724 -0.008352662 -0.005496539 0.999972761 0.004924932 -0.019701248 0.040988650 -0.004695571 0.999148607 -0.039899994
0.999144495 0.005693725 -0.040961724 -0.008352662 -0.005496539 0.999972761 0.004924932 -0.019701248 0.040988650 -0.004695571 0.999148607 -0.039899994
0.999144495 0.005693725 -0.040961724 -0.008352662 -0.005496539 0.999972761 0.004924932 -0.019701248 0.040988650 -0.004695571 0.999148607 -0.039899994
0.999144495 0.005693725 -0.040961724 -0.008352662 -0.005496539 0.999972761 0.004924932 -0.019701248 0.040988650 -0.004695571 0.999148607 -0.039899994
0.999144495 0.005693725 -0.040961724 -0.008352662 -0.005496539 0.999972761 0.004924932 -0.019701248 0.040988650 -0.004695571 0.999148607 -0.039899994
0.999144495 0.005693725 -0.040961724 -0.008352662 -0.005496539 0.999972761 0.004924932 -0.019701248 0.040988650 -0.004695571 0.999148607 -0.039899994
0.999144495 0.005693725 -0.040961724 -0.008352662 -0.005496539 0.999972761 0.004924932 -0.019701248 0.040988650 -0.004695571 0.999148607 -0.039899994
0.999144495 0.005693725 -0.040961724 -0.008352662 -0.005496539 0.999972761 0.004924932 -0.019701248 0.040988650 -0.004695571 0.999148607 -0.039899994
0.999144495 0.005693725 -0.040961724 -0.008352662 -0.005496539 0.999972761 0.004924932 -0.019701248 0.040988650 -0.004695571 0.999148607 -0.039899994
0.999144495 0.005693725 -0.040961724 -0.008352662 -0.005496539 0.999972761 0.004924932 -0.019701248 0.040988650 -0.004695571 0.999148607 -0.039899994
0.999144495 0.005693725 -0.040961724 -0.008352662 -0.005496539 0.999972761 0.004924932 -0.019701248 0.040988650 -0.004695571 0.999148607 -0.039899994
0.999144495 0.005693725 -0.040961724 -0.008352662 -0.005496539 0.999972761 0.004924932 -0.019701248 0.040988650 -0.004695571 0.999148607 -0.039899994
0.999144495 0.005693725 -0.040961724 -0.008352662 -0.005496539 0.999972761 0.004924932 -0.019701248 0.040988650 -0.004695571 0.999148607 -0.039899994
0.999144495 0.005693725 -0.040961724 -0.008352662 -0.005496539 0.999972761 0.004924932 -0.019701248 0.040988650 -0.004695571 0.999148607 -0.039899994
0.999144495 0.005693725 -0.040961724 -0.008352662 -0.005496539 0.999972761 0.004924932 -0.019701248 0.040988650 -0.004695571 0.999148607 -0.039899994
0.999144495 0.005693725 -0.040961724 -0.008352662 -0.005496539 0.999972761 0.004924932 -0.019701248 0.040988650 -0.004695571 0.999148607 -0.039899994
0.999144495 0.005693725 -0.040961724 -0.008352662 -0.005496539 0.999972761 0.004924932 -0.019701248 0.040988650 -0.004695571 0.999148607 -0.039899994
0.999144495 0.005693725 -0.040961724 -0.008352662 -0.005496539 0.999972761 0.004924932 -0.019701248 0.040988650 -0.004695571 0.999148607 -0.039899994
0.999144495 0.005693725 -0.040961724 -0.008352662 -0.005496539 0.999972761 0.004924932 -0.019701248 0.040988650 -0.004695571 0.999148607 -0.039899994
0.999144495 0.005693725 -0.040961724 -0.008352662 -0.005496539 0.999972761 0.004924932 -0.019701248 0.040988650 -0.004695571 0.999148607 -0.039899994
0.999144495 0.005693725 -0.040961724 -0.008352662 -0.005496539 0.999972761 0.004924932 -0.019701248 0.040988650 -0.004695571 0.999148607 -0.039899994
0.999144495 0.005693725 -0.040961724 -0.008352662 -0.005496539 0.999972761 0.004924932 -0.019701248 0.040988650 -0.004695571 0.999148607 -0.039899994
0.999144495 0.005693725 -0.040961724 -0.008352662 -0.005496539 0.999972761 0.004924932 -0.019701248 0.040988650 -0.004695571 0.999148607 -0.039899994
0.999144495 0.005693725 -0.040961724 -0.008352662 -0.005496539 0.999972761 0.004924932 -0.019701248 0.040988650 -0.004695571 0.999148607 -0.039899994
0.999144495 0.005693725 -0.040961724 -0.008352662 -0.005496539 0.999972761 0.004924932 -0.019701248 0.040988650 -0.004695571 0.999148607 -0.039899994
0.999144495 0.005693725 -0.040961724 -0.008352662 -0.005496539 0.999972761 0.004924932 -0.019701248 0.040988650 -0.004695571 0.999148607 -0.039899994
1.000000000 0.000000000 0.000000000 0.000000000 0.000000000 1.000000000 0.000000000 0.000000000 0.000000000 0.000000000 1.000000000 0.000000000
0.999323368 0.000324896 -0.036778670 -0.002682474 -0.000321790 0.999999940 0.000090360 0.000013410 0.036778696 -0.000078464 0.999323428 0.010800391
0.996552765 0.000075458 -0.082961529 -0.006969157 -0.000103445 0.999999940 -0.000333048 0.000147348 0.082961500 0.000340482 0.996552706 0.017953906
0.991576731 -0.000123154 -0.129520446 -0.011263085 0.000086375 0.999999940 -0.000289581 0.000359816 0.129520476 0.000275954 0.991576731 0.021693310
0.984503031 0.001134504 -0.175364047 -0.017456166 -0.001147873 0.999999344 0.000025196 0.000141451 0.175363958 0.000176490 0.984503627 0.023170833
0.976449013 0.001148613 -0.215745181 -0.022598175 -0.001256293 0.999999166 -0.000361974 0.000221279 0.215744585 0.000624488 0.976449609 0.023027353
0.970960021 0.000854799 -0.239240184 -0.024349928 -0.000925976 0.999999583 -0.000185116 0.000417823 0.239239916 0.000401271 0.970960379 0.023849731
0.968295872 0.000835682 -0.249804810 -0.025524825 -0.001013698 0.999999344 -0.000583968 0.000576548 0.249804154 0.000818680 0.968296051 0.024575440
0.966825545 0.000702964 -0.255436599 -0.025372105 -0.000781281 0.999999702 -0.000205134 0.000270935 0.255436361 0.000397897 0.966825783 0.025381655
0.966062069 0.000353583 -0.258309722 -0.025433572 -0.000369911 0.999999940 -0.000014612 0.000195549 0.258309722 0.000109668 0.966062129 0.026082510
0.965663493 0.000959334 -0.259794414 -0.025702957 -0.001012181 0.999999464 -0.000069641 0.000263580 0.259794205 0.000330208 0.965663970 0.026640998
0.963403881 0.001302585 -0.268050909 -0.026857043 -0.001337375 0.999999106 0.000052795 0.000290427 0.268050730 0.000307622 0.963404775 0.026565483
0.955574930 0.001098567 -0.294746250 -0.030163575 -0.001055246 0.999999404 0.000306025 0.000094599 0.294746429 0.000018600 0.955575526 0.023761719
0.943439543 0.000712647 -0.331543893 -0.034962904 -0.000700179 0.999999762 0.000157052 0.000257749 0.331543922 0.000083971 0.943439782 0.020420039
0.927601337 0.000147515 -0.373571694 -0.039732601 -0.000300790 0.999999881 -0.000352003 0.000648681 0.373571604 0.000438885 0.927601218 0.016141361
0.909608006 0.001284976 -0.415465534 -0.046180557 -0.001277564 0.999999166 0.000295793 0.000418326 0.415465564 0.000261728 0.909608901 0.010695193
0.889522135 0.001575019 -0.456889391 -0.052913330 -0.001422285 0.999998748 0.000678201 0.000165369 0.456889898 0.000046551 0.889523268 0.009371537
0.865177274 0.001674799 -0.501463413 -0.066621199 -0.001198673 0.999998450 0.001271741 -0.000408397 0.501464784 -0.000499190 0.865177929 0.020450532
0.838673592 0.003152470 -0.544625223 -0.087580174 -0.002345462 0.999994874 0.002176500 -0.001038515 0.544629276 -0.000547975 0.838676691 0.041669857
0.811452389 0.001231013 -0.584417224 -0.110145725 -0.001238434 0.999999166 0.000386850 -0.000179347 0.584417224 0.000409852 0.811453223 0.067349106
0.780393124 0.000655583 -0.625288904 -0.139446959 -0.000729648 0.999999702 0.000137810 0.000313380 0.625288785 0.000348695 0.780393362 0.099154256
0.753950119 0.001543267 -0.656929910 -0.167322874 -0.001270801 0.999998808 0.000890726 -0.000638306 0.656930506 0.000163265 0.753951132 0.128851250
0.733863652 0.001522364 -0.679295123 -0.187409446 -0.001508843 0.999998689 0.000611040 -0.000306296 0.679295182 0.000576529 0.733864963 0.151189566
0.707531095 0.002760611 -0.706676841 -0.203685030 -0.002267192 0.999996066 0.001636521 -0.000901248 0.706678629 0.000444283 0.707534552 0.164331615
0.676031113 0.002325044 -0.736869395 -0.215693980 -0.002191272 0.999996960 0.001144936 -0.000594818 0.736869812 0.000840669 0.676034093 0.171801627
0.640165806 0.003375407 -0.768229425 -0.225221664 -0.002503492 0.999994218 0.002307563 -0.001264733 0.768232763 0.000446033 0.640170574 0.174454957
0.600344300 0.003144749 -0.799735487 -0.232684836 -0.001962597 0.999995053 0.002458937 -0.001246127 0.799739242 0.000093349 0.600347519 0.174749970
0.563489914 0.003347240 -0.826116264 -0.237965316 -0.001676426 0.999994338 0.002908273 -0.001481317 0.826121330 -0.000253860 0.563492298 0.172345072
