1.000000000 0.000000000 0.000000000 0.000000000 0.000000000 1.000000000 0.000000000 0.000000000 0.000000000 0.000000000 1.000000000 0.000000000
1.000000000 0.000025035 0.000099278 0.000051507 -0.000025028 1.000000000 -0.000072525 0.000059859 -0.000099280 0.000072523 1.000000000 0.000109229
1.000000000 0.000045029 -0.000089690 0.000079155 -0.000045029 1.000000000 -0.000002613 -0.000009509 0.000089690 0.000002617 1.000000000 0.000011545
1.000000000 -0.000042947 0.000008355 0.000001668 0.000042946 1.000000000 0.000074584 -0.000021721 -0.000008358 -0.000074583 1.000000000 -0.000077302
1.000000000 -0.000076288 0.000140329 -0.000104336 0.000076316 1.000000000 -0.000195407 0.000190048 -0.000140314 0.000195418 1.000000000 -0.000186565
1.000000000 -0.000032916 0.000128425 -0.000091010 0.000032925 1.000000000 -0.000064728 0.000022671 -0.000128423 0.000064732 1.000000000 0.000041642
1.000000000 -0.000082679 0.000011250 -0.000010598 0.000082681 1.000000000 -0.000143524 0.000151380 -0.000011239 0.000143525 1.000000000 -0.000055903
1.000000000 -0.000014190 -0.000058535 0.000052098 0.000014181 1.000000000 -0.000154356 0.000069549 0.000058537 0.000154356 1.000000000 0.000010462
1.000000000 -0.000157665 -0.000030266 0.000036081 0.000157661 1.000000000 -0.000137123 0.000107442 0.000030288 0.000137118 1.000000000 -0.000088152
1.000000000 -0.000067554 0.000027714 -0.000013382 0.000067553 1.000000000 0.000006247 -0.000043858 -0.000027714 -0.000006245 1.000000000 0.000022507
1.000000000 -0.000042493 -0.000046488 0.000085678 0.000042496 1.000000000 0.000066250 -0.000044989 0.000046485 -0.000066252 1.000000000 -0.000006245
1.000000000 -0.000049770 -0.000014094 0.000003383 0.000049770 1.000000000 -0.000002025 0.000020489 0.000014094 0.000002024 1.000000000 -0.000051314
1.000000000 -0.000066072 -0.000059406 0.000058471 0.000066072 1.000000000 0.000009873 -0.000002784 0.000059406 -0.000009877 1.000000000 0.000009580
1.000000000 0.000036920 -0.000059308 0.000078723 -0.000036922 1.000000000 -0.000030153 0.000025237 0.000059307 0.000030155 1.000000000 0.000005832
1.000000000 -0.000095084 0.000007748 0.000006998 0.000095084 1.000000000 -0.000071666 0.000033047 -0.000007741 0.000071667 1.000000000 0.000011243
1.000000000 -0.000077502 -0.000120468 0.000188496 0.000077499 1.000000000 -0.000023796 -0.000004311 0.000120470 0.000023787 1.000000000 0.000079918
1.000000000 -0.000099398 0.000021483 -0.000014883 0.000099399 1.000000000 -0.000029218 0.000020224 -0.000021481 0.000029220 1.000000000 -0.000024714
1.000000000 0.000009209 -0.000057531 0.000087833 -0.000009207 1.000000000 0.000044665 -0.000016861 0.000057532 -0.000044665 1.000000000 0.000056805
1.000000000 -0.000010579 -0.000035715 0.000102810 0.000010582 1.000000000 0.000065997 -0.000022441 0.000035714 -0.000065997 1.000000000 -0.000061308
1.000000000 -0.000071659 -0.000041048 0.000156029 0.000071661 1.000000000 0.000046715 -0.000011578 0.000041045 -0.000046718 1.000000000 0.000099381
1.000000000 -0.000003828 -0.000004508 0.000029174 0.000003829 1.000000000 0.000109688 -0.000062890 0.000004508 -0.000109688 1.000000000 -0.000035174
1.000000000 0.000036060 -0.000086875 0.000099476 -0.000036066 1.000000000 -0.000066174 0.000093381 0.000086872 0.000066178 1.000000000 0.000036868
1.000000000 -0.000008772 -0.000097019 0.000124130 0.000008771 1.000000000 -0.000013776 -0.000005314 0.000097019 0.000013775 1.000000000 0.000010236
1.000000000 -0.000104292 -0.000014051 0.000090566 0.000104290 1.000000000 -0.000142558 0.000125856 0.000014066 0.000142556 1.000000000 -0.000070253
1.000000000 -0.000200160 0.000028279 -0.000067182 0.000200163 1.000000000 -0.000088657 0.000056676 -0.000028261 0.000088662 1.000000000 0.000010839
1.000000000 -0.000234095 -0.000014775 0.000060768 0.000234093 0.999999940 -0.000134141 0.000106255 0.000014806 0.000134138 1.000000000 0.000070548
1.000000000 -0.000198886 -0.000038725 0.000127495 0.000198891 1.000000000 0.000130688 -0.000081690 0.000038699 -0.000130695 1.000000000 -0.000031337
1.000000000 0.000025722 -0.000044500 0.000061659 -0.000025721 1.000000000 0.000005964 -0.000007183 0.000044501 -0.000005962 1.000000000 0.000016369
1.000000000 -0.000100521 -0.000033474 0.000078502 0.000100517 1.000000000 -0.000122459 0.000059026 0.000033486 0.000122455 1.000000000 0.000035972
1.000000000 0.000108707 -0.000143794 0.000151354 -0.000108736 1.000000000 -0.000198224 0.000084615 0.000143773 0.000198240 0.999999940 0.000022717
1.000000000 -0.000059699 -0.000113322 0.000120343 0.000059701 1.000000000 0.000020850 -0.000010077 0.000113321 -0.000020857 1.000000000 0.000010768
1.000000000 -0.000151528 -0.000016109 0.000088007 0.000151527 1.000000000 -0.000060864 0.000024301 0.000016118 0.000060861 1.000000000 -0.000019446
1.000000000 -0.000081813 0.000058401 -0.000012082 0.000081813 1.000000000 0.000003486 -0.000012003 -0.000058401 -0.000003481 1.000000000 -0.000040593
1.000000000 -0.000154406 0.000006276 0.000080933 0.000154406 1.000000000 -0.000052835 0.000014004 -0.000006268 0.000052836 1.000000000 -0.000005190
1.000000000 0.000202177 0.000094900 -0.000000761 -0.000202201 0.999999940 0.000252156 -0.000198451 -0.000094849 -0.000252175 0.999999940 -0.000052962
1.000000000 -0.000183242 0.000035562 0.000080967 0.000183242 1.000000000 0.000000992 -0.000030153 -0.000035563 -0.000000985 1.000000000 -0.000023276
1.000000000 -0.000093820 -0.000086835 0.000139073 0.000093814 1.000000000 -0.000069901 0.000056452 0.000086842 0.000069892 1.000000000 -0.000000865
1.000000000 -0.000142745 -0.000077419 0.000054470 0.000142738 1.000000000 -0.000092410 0.000071921 0.000077432 0.000092399 1.000000000 0.000019061
1.000000000 -0.000118132 -0.000089700 0.000092375 0.000118126 1.000000000 -0.000061918 0.000001537 0.000089708 0.000061908 1.000000000 0.000061286
1.000000000 0.000044224 -0.000016395 0.000057795 -0.000044224 1.000000000 0.000000851 0.000016440 0.000016395 -0.000000850 1.000000000 -0.000053132
1.000000000 0.000044391 0.000059550 0.000031957 -0.000044395 1.000000000 0.000060606 -0.000039912 -0.000059548 -0.000060608 1.000000000 -0.000072821
1.000000000 0.000027175 -0.000086467 0.000158359 -0.000027172 1.000000000 0.000034916 -0.000042054 0.000086468 -0.000034914 1.000000000 0.000011957
1.000000000 0.000072511 0.000007866 0.000113166 -0.000072511 1.000000000 0.000093350 -0.000048010 -0.000007860 -0.000093351 1.000000000 0.000013470
1.000000000 -0.000106000 0.000020549 0.000034522 0.000105998 1.000000000 0.000083889 -0.000053825 -0.000020558 -0.000083887 1.000000000 0.000056988
1.000000000 0.000038834 -0.000085224 0.000135448 -0.000038828 1.000000000 0.000072481 -0.000012977 0.000085227 -0.000072477 1.000000000 0.000020877
1.000000000 -0.000039408 -0.000010037 0.000118042 0.000039408 1.000000000 -0.000073966 0.000072131 0.000010040 0.000073966 1.000000000 -0.000088260
1.000000000 -0.000067268 -0.000218652 0.000252150 0.000067270 1.000000000 0.000012269 -0.000023244 0.000218652 -0.000012283 1.000000000 0.000008867
1.000000000 -0.000024862 -0.000122286 0.000196284 0.000024870 1.000000000 0.000063823 -0.000023706 0.000122284 -0.000063826 1.000000000 -0.000023444
1.000000000 0.000082263 -0.000061508 0.000084110 -0.000082261 1.000000000 0.000034703 0.000033230 0.000061511 -0.000034697 1.000000000 -0.000129890
1.000000000 -0.000031272 -0.000062062 0.000107434 0.000031274 1.000000000 0.000035822 -0.000035581 0.000062061 -0.000035824 1.000000000 0.000019274
1.000000000 -0.000056178 -0.000018944 0.000071342 0.000056177 1.000000000 -0.000014594 0.000006490 0.000018945 0.000014593 1.000000000 -0.000048084
1.000000000 -0.000097044 0.000051978 0.000068379 0.000097041 1.000000000 0.000063025 -0.000027213 -0.000051985 -0.000063020 1.000000000 0.000068072
1.000000000 0.000094289 0.000035480 0.000181301 -0.000094294 1.000000000 0.000136535 -0.000023270 -0.000035468 -0.000136538 1.000000000 -0.000061965
1.000000000 0.000038941 0.000056843 0.000116150 -0.000038951 1.000000000 0.000177837 -0.000053822 -0.000056836 -0.000177839 1.000000000 0.000005149
1.000000000 -0.000026330 -0.000097661 0.000174075 0.000026330 1.000000000 -0.000004355 0.000040347 0.000097662 0.000004353 1.000000000 0.000062802
1.000000000 0.000059075 0.000080208 0.000010698 -0.000059068 1.000000000 -0.000083095 0.000057120 -0.000080213 0.000083090 1.000000000 -0.000024929
1.000000000 -0.000149120 -0.000165651 0.000258396 0.000149129 1.000000000 0.000059443 0.000020529 0.000165643 -0.000059468 1.000000000 0.000060197
1.000000000 0.000029109 0.000144607 -0.000011883 -0.000029126 1.000000000 0.000123020 -0.000105055 -0.000144604 -0.000123025 1.000000000 0.000071476
1.000000000 -0.000056703 -0.000089798 0.000211182 0.000056713 1.000000000 0.000113743 -0.000053891 0.000089792 -0.000113748 1.000000000 0.000039718
1.000000000 0.000023802 0.000024062 -0.000009175 -0.000023804 1.000000000 0.000073281 -0.000017610 -0.000024060 -0.000073281 1.000000000 -0.000037674
1.000000000 -0.000183315 -0.000038854 0.000064506 0.000183314 1.000000000 -0.000007641 0.000045492 0.000038856 0.000007634 1.000000000 -0.000119726
1.000000000 -0.000114322 -0.000029264 0.000118583 0.000114322 1.000000000 -0.000014701 0.000006129 0.000029265 0.000014698 1.000000000 -0.000080817
1.000000000 -0.000148564 0.000035207 0.000070656 0.000148565 1.000000000 -0.000042449 -0.000026402 -0.000035201 0.000042454 1.000000000 0.000053000
1.000000000 0.000110569 0.000005914 0.000054492 -0.000110569 1.000000000 0.000098630 -0.000077057 -0.000005903 -0.000098631 1.000000000 -0.000013038
1.000000000 0.000060497 -0.000031437 0.000132014 -0.000060495 1.000000000 0.000060192 -0.000015922 0.000031440 -0.000060191 1.000000000 0.000110595
1.000000000 0.000010700 0.000037323 0.000041126 -0.000010702 1.000000000 0.000045512 -0.000014620 -0.000037322 -0.000045512 1.000000000 0.000057859
1.000000000 0.000020587 -0.000031145 0.000160856 -0.000020584 1.000000000 0.000076731 -0.000035606 0.000031146 -0.000076731 1.000000000 0.000041983
1.000000000 0.000075004 0.000106152 0.000048046 -0.000075011 1.000000000 0.000057975 0.000020695 -0.000106148 -0.000057983 1.000000000 -0.000044073
1.000000000 0.000152689 -0.000088628 0.000197873 -0.000152680 1.000000000 0.000109048 -0.000052029 0.000088645 -0.000109034 1.000000000 0.000037933
1.000000000 -0.000070028 0.000084607 -0.000005301 0.000070022 1.000000000 0.000075808 -0.000029893 -0.000084612 -0.000075802 1.000000000 -0.000030878
1.000000000 0.000084515 0.000107076 0.000001155 -0.000084538 1.000000000 0.000213806 -0.000106816 -0.000107058 -0.000213815 1.000000000 0.000052031
1.000000000 0.000038354 -0.000000097 0.000071578 -0.000038354 1.000000000 0.000017000 -0.000009291 0.000000098 -0.000017000 1.000000000 -0.000057584
1.000000000 -0.000081766 0.000026078 0.000022688 0.000081768 1.000000000 -0.000076182 0.000021897 -0.000026072 0.000076184 1.000000000 0.000127296
1.000000000 0.000077348 0.000071030 0.000013142 -0.000077344 1.000000000 -0.000051268 -0.000015237 -0.000071034 0.000051262 1.000000000 0.000074586
1.000000000 0.000085265 -0.000066891 0.000149760 -0.000085259 1.000000000 0.000091454 -0.000073634 0.000066899 -0.000091449 1.000000000 0.000086721
1.000000000 -0.000040970 0.000009363 0.000054454 0.000040969 1.000000000 0.000093423 -0.000057071 -0.000009367 -0.000093423 1.000000000 0.000067961
1.000000000 -0.000104532 0.000064577 0.000020457 0.000104530 1.000000000 0.000035082 -0.000037778 -0.000064581 -0.000035076 1.000000000 0.000058589
1.000000000 0.000069359 0.000168414 0.000008716 -0.000069399 0.999999940 0.000239153 -0.000142755 -0.000168397 -0.000239164 0.999999940 0.000043012
1.000000000 0.000073034 -0.000078489 0.000478757 -0.000073046 1.000000000 -0.000142423 0.000531309 0.000078479 0.000142429 1.000000000 0.000462387
0.999998510 0.001114892 -0.001300567 0.001269580 -0.001113335 0.999998689 0.001197369 0.000596559 0.001301900 -0.001195919 0.999998450 0.002366408
0.999996305 0.001566102 -0.002219749 0.001906897 -0.001560756 0.999995887 0.002407785 0.000700913 0.002223511 -0.002404312 0.999994636 0.003493574
0.999998510 0.001430826 -0.000970856 -0.000847418 -0.001427448 0.999992967 0.003470474 0.000359234 0.000975815 -0.003469083 0.999993503 0.006680346
0.999997437 0.001443542 -0.001729188 -0.000985583 -0.001437076 0.999992013 0.003734893 0.000866755 0.001734566 -0.003732398 0.999991536 0.008667276
0.999995828 0.001613532 -0.002407274 -0.000700371 -0.001603992 0.999990880 0.003959697 0.000597184 0.002413641 -0.003955819 0.999989271 0.010902216
0.999995589 0.001577501 -0.002512594 -0.000794751 -0.001566967 0.999989986 0.004189222 0.000569428 0.002519177 -0.004185266 0.999988079 0.013272962
0.999997914 0.001392514 -0.001503526 -0.001774653 -0.001385796 0.999989092 0.004459514 0.000214871 0.001509719 -0.004457421 0.999988914 0.015459480
0.999996901 0.001319203 -0.002105633 -0.001200385 -0.001311065 0.999991655 0.003861789 0.000405249 0.002110710 -0.003859016 0.999990344 0.017291667
0.999995530 0.001745380 -0.002429510 -0.000914478 -0.001736061 0.999991119 0.003832579 0.000190133 0.002436177 -0.003828345 0.999989688 0.019576991
0.999995947 0.001701154 -0.002288034 -0.001135436 -0.001693187 0.999992490 0.003479509 0.000463094 0.002293936 -0.003475621 0.999991357 0.021697685
0.999996126 0.001419325 -0.002394690 -0.000977251 -0.001412468 0.999994934 0.002862303 0.001035257 0.002398741 -0.002858910 0.999993026 0.023601891
0.999996305 0.001460328 -0.002289459 -0.000981741 -0.001452647 0.999993324 0.003353016 0.000819476 0.002294340 -0.003349677 0.999991775 0.025913438
0.999996901 0.001505944 -0.001995595 -0.001740674 -0.001499140 0.999993086 0.003406947 0.000746814 0.002000712 -0.003403945 0.999992192 0.028078750
0.999995589 0.001247449 -0.002700367 -0.000694152 -0.001237286 0.999992132 0.003761764 0.000696575 0.002705038 -0.003758406 0.999989271 0.030479699
0.999996781 0.001678835 -0.001900531 -0.001876621 -0.001671130 0.999990404 0.004048432 0.000319082 0.001907310 -0.004045242 0.999989986 0.032590188
0.999996185 0.001592056 -0.002248395 -0.001572598 -0.001582970 0.999990582 0.004037205 0.000632222 0.002254801 -0.004033630 0.999989331 0.034137931
0.999997675 0.001160617 -0.001825896 -0.002308047 -0.001153337 0.999991417 0.003983120 0.000474757 0.001830503 -0.003981005 0.999990404 0.036761466
0.999996066 0.001261166 -0.002500231 -0.000903250 -0.001252268 0.999992907 0.003557598 0.001055044 0.002504700 -0.003554453 0.999990523 0.037878569
0.999997795 0.001228578 -0.001708445 -0.002263492 -0.001222069 0.999992013 0.003806029 0.001158777 0.001713107 -0.003803933 0.999991298 0.040827814
0.999996543 0.001452175 -0.002181728 -0.002218205 -0.001443706 0.999991417 0.003878658 0.001187987 0.002187341 -0.003875495 0.999990106 0.042571846
0.999997437 0.001553328 -0.001663136 -0.003038442 -0.001546712 0.999990940 0.003972251 0.001212929 0.001669291 -0.003969669 0.999990702 0.044760019
0.999994338 0.001907186 -0.002763060 -0.001131277 -0.001895414 0.999989152 0.004257051 0.001136402 0.002771149 -0.004251790 0.999987125 0.046598058
0.999997616 0.001089369 -0.001898666 -0.002497945 -0.001082931 0.999993682 0.003388531 0.001565841 0.001902346 -0.003386467 0.999992430 0.049035501
0.999998629 0.000705131 -0.001496331 -0.003221606 -0.000700157 0.999994218 0.003321968 0.001158712 0.001498665 -0.003320916 0.999993384 0.050727084
0.999998748 0.000277235 -0.001575922 -0.003021220 -0.000271113 0.999992430 0.003883783 0.000397749 0.001576987 -0.003883351 0.999991238 0.054336455
0.999998927 -0.000002270 -0.001476210 -0.002390164 0.000007136 0.999994576 0.003296223 0.000835542 0.001476195 -0.003296230 0.999993503 0.055585437
0.999998748 -0.000074432 -0.001563356 -0.002501074 0.000079957 0.999993742 0.003534624 0.000587327 0.001563083 -0.003534744 0.999992549 0.057843346
0.999998093 0.000282654 -0.001928291 -0.002631516 -0.000274777 0.999991596 0.004084216 0.000212712 0.001929429 -0.004083679 0.999989808 0.060230393
0.999997854 0.000094317 -0.002077257 -0.002744465 -0.000086164 0.999992311 0.003924448 0.000465846 0.002077611 -0.003924260 0.999990165 0.062235489
0.999998271 0.000384923 -0.001809379 -0.002924407 -0.000378772 0.999994159 0.003398476 0.000705315 0.001810676 -0.003397785 0.999992609 0.064851925
0.999997437 0.000737575 -0.002133584 -0.002035371 -0.000730533 0.999994278 0.003299518 0.001013585 0.002136006 -0.003297951 0.999992251 0.065622181
0.999997318 0.000648781 -0.002227498 -0.001862908 -0.000641406 0.999994338 0.003310257 0.001420993 0.002229633 -0.003308819 0.999992013 0.067644328
0.999993145 0.001597819 -0.003344563 -0.000647386 -0.001583402 0.999989450 0.004308964 0.000344820 0.003351412 -0.004303639 0.999985099 0.069736004
0.999994993 0.001147168 -0.002953411 -0.001313793 -0.001134657 0.999990404 0.004234267 0.000547584 0.002958240 -0.004230895 0.999986649 0.071839847
0.999993801 0.001352730 -0.003254320 -0.000537300 -0.001339519 0.999990880 0.004058454 0.000793007 0.003259780 -0.004054070 0.999986470 0.073744766
0.999996185 0.001166350 -0.002494691 -0.002132475 -0.001155803 0.999990404 0.004224867 0.000464040 0.002499595 -0.004221967 0.999987960 0.076279081
0.999998033 0.000632414 -0.001871594 -0.003068887 -0.000624767 0.999991477 0.004083353 0.000637078 0.001874160 -0.004082175 0.999989927 0.079098143
0.999995887 0.000403332 -0.002848400 -0.001145617 -0.000393484 0.999993920 0.003456955 0.001358182 0.002849777 -0.003455820 0.999989986 0.079690367
0.999995649 0.001092897 -0.002731790 -0.001154810 -0.001082052 0.999991536 0.003968449 0.000261464 0.002736104 -0.003965476 0.999988377 0.081989795
0.999997199 -0.000018133 -0.002354435 -0.001563195 0.000024673 0.999996126 0.002777647 0.000759912 0.002354375 -0.002777697 0.999993384 0.084491216
0.999998510 -0.000469457 -0.001676571 -0.003068545 0.000472472 0.999998271 0.001798205 0.001666431 0.001675724 -0.001798994 0.999996960 0.087074392
0.999996424 -0.000580843 -0.002614128 -0.001780226 0.000585542 0.999998212 0.001797279 0.001653683 0.002613079 -0.001798804 0.999994993 0.088488862
0.999996006 0.000146663 -0.002823272 -0.001471103 -0.000140185 0.999997377 0.002294665 0.001059436 0.002823601 -0.002294260 0.999993384 0.090403788
0.999998152 0.000257360 -0.001899542 -0.003412249 -0.000253130 0.999997497 0.002227172 0.001231147 0.001900110 -0.002226687 0.999995708 0.092773318
0.999997854 -0.000226692 -0.002048481 -0.002718098 0.000230058 0.999998629 0.001642850 0.001830000 0.002048106 -0.001643318 0.999996543 0.094124004
0.999996483 -0.001282345 -0.002311489 -0.002594523 0.001284792 0.999998629 0.001057458 0.002668342 0.002310129 -0.001060424 0.999996781 0.097245678
0.999996185 0.001221570 -0.002478113 -0.002324268 -0.001216451 0.999997139 0.002066134 0.001120719 0.002480630 -0.002063112 0.999994814 0.098883614
0.999997437 0.000808558 -0.002103080 -0.003603110 -0.000803502 0.999996781 0.002403791 0.001096673 0.002105017 -0.002402095 0.999994874 0.101553418
0.999997139 0.000304262 -0.002362978 -0.003608105 -0.000298795 0.999997258 0.002313315 0.000965142 0.002363676 -0.002312603 0.999994516 0.103656039
0.999996364 0.000089873 -0.002685512 -0.002446105 -0.000084674 0.999998152 0.001935879 0.001356386 0.002685681 -0.001935645 0.999994516 0.105685435
0.999996066 0.001163196 -0.002542923 -0.002898843 -0.001156137 0.999995470 0.002775665 0.000691458 0.002546140 -0.002772714 0.999992907 0.107768357
0.999996781 0.001775870 -0.001812603 -0.004299634 -0.001769211 0.999991715 0.003668632 -0.000599568 0.001819102 -0.003665413 0.999991655 0.109803289
0.999996960 0.001495300 -0.001949253 -0.003326893 -0.001490726 0.999996126 0.002346144 0.000598361 0.001952753 -0.002343231 0.999995351 0.111503035
0.999997377 0.000529196 -0.002237452 -0.003195550 -0.000526138 0.999998927 0.001367321 0.001802230 0.002238173 -0.001366140 0.999996543 0.113544099
0.999998868 -0.000110852 -0.001514768 -0.004585319 0.000111837 0.999999762 0.000649930 0.001968536 0.001514695 -0.000650099 0.999998629 0.116470046
0.999996662 0.000990049 -0.002398651 -0.003007856 -0.000986791 0.999998569 0.001359144 0.000426882 0.002399993 -0.001356773 0.999996185 0.117078297
0.999996066 0.000553445 -0.002746856 -0.002815518 -0.000553507 0.999999821 -0.000021525 0.001246941 0.002746843 0.000023045 0.999996245 0.119238913
0.999996483 0.000713867 -0.002554838 -0.003065171 -0.000714289 0.999999702 -0.000164155 0.000807620 0.002554720 0.000165980 0.999996722 0.121155769
0.999996006 0.001775189 -0.002203058 -0.003826013 -0.001775793 0.999998391 -0.000272202 0.000651735 0.002202572 0.000276113 0.999997556 0.124250986
0.999986947 0.003037791 -0.004112419 -0.000980682 -0.003042143 0.999994814 -0.001052365 0.001839332 0.004109201 0.001064862 0.999991000 0.124550946
0.999988198 0.002820652 -0.003949175 -0.001016521 -0.002824837 0.999995470 -0.001054668 0.001002076 0.003946182 0.001065811 0.999991655 0.126782894
0.999993801 0.002281376 -0.002686449 -0.002413948 -0.002283686 0.999997020 -0.000857066 0.000026627 0.002684485 0.000863196 0.999996006 0.130823493
0.999993742 0.002259462 -0.002727161 -0.002597200 -0.002260878 0.999997318 -0.000516383 0.000058365 0.002725987 0.000522546 0.999996126 0.133383214
0.999994636 0.002635273 -0.001932143 -0.003771308 -0.002636101 0.999996424 -0.000425961 -0.000056209 0.001931014 0.000431052 0.999998033 0.135599598
0.999994636 0.002731905 -0.001798286 -0.004594653 -0.002732581 0.999996185 -0.000373647 -0.000313694 0.001797258 0.000378559 0.999998331 0.136855930
0.999995410 0.002407454 -0.001852408 -0.003796908 -0.002408398 0.999996960 -0.000507217 -0.000480353 0.001851181 0.000511676 0.999998152 0.140095711
0.999996543 0.002090010 -0.001606205 -0.004490752 -0.002093040 0.999996006 -0.001886892 0.000787407 0.001602256 0.001890247 0.999996901 0.141549438
0.999996603 0.002123172 -0.001493644 -0.004647082 -0.002126007 0.999995947 -0.001899012 0.000662642 0.001489606 0.001902181 0.999997079 0.143118858
0.999997675 0.001972667 -0.000882272 -0.005289922 -0.001973936 0.999997020 -0.001440112 0.000198575 0.000879429 0.001441850 0.999998569 0.146051288
0.999997616 0.001432706 -0.001664644 -0.004308104 -0.001435418 0.999997616 -0.001629134 0.000365507 0.001662306 0.001631519 0.999997258 0.147229791
0.999996126 0.002081861 -0.001831893 -0.004050795 -0.002084280 0.999996960 -0.001319562 -0.000540246 0.001829140 0.001323375 0.999997437 0.150197774
0.999998033 0.000893450 -0.001764401 -0.003523018 -0.000897850 0.999996483 -0.002494629 0.000146407 0.001762166 0.002496209 0.999995351 0.152047306
0.999999583 0.000526228 -0.000758307 -0.004921905 -0.000528217 0.999996424 -0.002624929 -0.000753918 0.000756923 0.002625328 0.999996245 0.156516090
0.999999642 0.000138273 -0.000799800 -0.004833239 -0.000140575 0.999995828 -0.002878581 -0.000014723 0.000799398 0.002878692 0.999995530 0.157261968
0.999999881 0.000102005 -0.000502280 -0.005495574 -0.000103025 0.999997914 -0.002031065 -0.001401501 0.000502072 0.002031117 0.999997795 0.160211146
0.999999881 -0.000222730 -0.000403478 -0.005181929 0.000221720 0.999996841 -0.002501911 -0.000885743 0.000404034 0.002501821 0.999996781 0.163375631
0.999999702 -0.000416958 -0.000644100 -0.004518324 0.000415787 0.999998271 -0.001817962 -0.001182487 0.000644856 0.001817693 0.999998152 0.165818140
1.000000000 0.000033554 0.000176599 -0.005965773 -0.000033374 0.999999464 -0.001019007 -0.002575535 -0.000176633 0.001019002 0.999999464 0.168095574
0.999999344 -0.000450505 -0.001056137 -0.004172781 0.000447141 0.999994814 -0.003183096 0.000440481 0.001057566 0.003182622 0.999994397 0.169338778
0.999999762 -0.000664813 -0.000279838 -0.005618701 0.000664273 0.999997914 -0.001926228 -0.001300043 0.000281118 0.001926042 0.999998093 0.173021615
0.999999821 0.000026102 -0.000546292 -0.005454664 -0.000027385 0.999997258 -0.002349824 -0.001529795 0.000546229 0.002349838 0.999997079 0.174640015
0.999997854 -0.000992226 -0.001824732 -0.002734414 0.000985690 0.999993086 -0.003579337 0.000404163 0.001828270 0.003577531 0.999991953 0.175953433
0.999998391 -0.000776501 -0.001599398 -0.004438689 0.000772051 0.999995828 -0.002780951 -0.000796327 0.001601551 0.002779711 0.999994874 0.180095971
0.999999821 -0.000466092 -0.000356724 -0.005743703 0.000464824 0.999993622 -0.003546296 -0.000664528 0.000358374 0.003546129 0.999993622 0.182586297
0.999999106 -0.001044875 -0.000868539 -0.005068423 0.001041128 0.999990225 -0.004303202 0.000250500 0.000873026 0.004302294 0.999990344 0.184431702
0.999999404 -0.000270383 -0.001037207 -0.004850098 0.000267432 0.999995947 -0.002844477 -0.001090964 0.001037972 0.002844198 0.999995410 0.186712116
0.999999464 -0.000865737 0.000535951 -0.006794225 0.000867172 0.999996006 -0.002683831 -0.001321847 -0.000533626 0.002684294 0.999996245 0.187970951
0.999999940 -0.000051782 0.000289373 -0.008184844 0.000052686 0.999995112 -0.003122167 -0.001081835 -0.000289210 0.003122182 0.999995112 0.186575577
0.999999762 0.000028236 0.000686510 -0.010792138 -0.000025657 0.999992967 -0.003756709 -0.001089550 -0.000686611 0.003756690 0.999992728 0.186893269
0.999999344 -0.000431021 0.001073008 -0.013690677 0.000435383 0.999991655 -0.004068897 -0.001165849 -0.001071245 0.004069361 0.999991119 0.186783835
0.999998450 -0.000645793 0.001628971 -0.016515313 0.000653225 0.999989390 -0.004565876 -0.000083411 -0.001626005 0.004566933 0.999988258 0.186399758
0.999998271 -0.000341203 0.001837839 -0.018600002 0.000350321 0.999987602 -0.004963199 -0.000083196 -0.001836122 0.004963834 0.999985993 0.185916945
0.999997914 -0.000501509 0.001993729 -0.021848368 0.000509388 0.999992073 -0.003952991 -0.001213088 -0.001991731 0.003953998 0.999990225 0.186722577
0.999995887 -0.000998426 0.002697677 -0.025673725 0.001008627 0.999992311 -0.003782568 -0.001583796 -0.002693880 0.003785274 0.999989212 0.187533155
0.999999106 -0.000736757 0.001105035 -0.024828503 0.000740964 0.999992490 -0.003811623 -0.000667234 -0.001102219 0.003812438 0.999992132 0.185763940
0.999997497 -0.000356465 0.002218399 -0.028292473 0.000364776 0.999992907 -0.003746793 -0.000812970 -0.002217047 0.003747593 0.999990523 0.185380504
0.999996364 -0.001060543 0.002469943 -0.031445578 0.001070392 0.999991477 -0.003989573 -0.000544982 -0.002465690 0.003992202 0.999988973 0.185665846
0.999995053 -0.000499728 0.003100669 -0.034266748 0.000510629 0.999993682 -0.003516111 -0.000580186 -0.003098892 0.003517677 0.999989033 0.185619026
0.999996960 0.000748097 0.002345067 -0.034534074 -0.000741551 0.999995828 -0.002790960 -0.001315590 -0.002347145 0.002789213 0.999993384 0.184700832
0.999996483 -0.000330464 0.002625460 -0.034677703 0.000337641 0.999996185 -0.002733520 -0.002196900 -0.002624547 0.002734397 0.999992788 0.184365541
0.999998152 0.000446964 0.001861370 -0.031438116 -0.000442156 0.999996543 -0.002582764 -0.002303101 -0.001862518 0.002581937 0.999994934 0.184902728
0.999998033 0.000880823 0.001760755 -0.028288366 -0.000875176 0.999994457 -0.003205256 -0.001863934 -0.001763568 0.003203709 0.999993324 0.184567958
0.999998987 0.000009093 0.001443049 -0.025995117 -0.000003313 0.999991953 -0.004005609 -0.000962255 -0.001443074 0.004005600 0.999990940 0.184836015
0.999998868 0.000084451 0.001516626 -0.023280714 -0.000078630 0.999992609 -0.003837307 -0.001320030 -0.001516939 0.003837184 0.999991477 0.185320914
0.999997318 0.000753721 0.002179082 -0.021625429 -0.000744558 0.999990880 -0.004202677 -0.000689812 -0.002182230 0.004201044 0.999988794 0.185457587
0.999998748 0.000076035 0.001562510 -0.018084608 -0.000068403 0.999988079 -0.004883810 -0.000035452 -0.001562863 0.004883697 0.999986827 0.185132101
0.999999464 -0.000201506 0.001000469 -0.015632119 0.000205651 0.999991357 -0.004145525 -0.000505022 -0.000999625 0.004145729 0.999990880 0.185389370
0.999999762 0.000355651 0.000591473 -0.013372365 -0.000353605 0.999993980 -0.003455488 -0.001852716 -0.000592699 0.003455278 0.999993861 0.185354725
0.999999642 -0.000807798 0.000218617 -0.011814887 0.000808694 0.999991179 -0.004127515 -0.000306677 -0.000215281 0.004127691 0.999991477 0.184505761
0.999999523 0.000208132 -0.000964965 -0.007591816 -0.000210775 0.999996245 -0.002739574 -0.000910799 0.000964391 0.002739776 0.999995768 0.184985504
0.999999285 0.000238473 -0.001193206 -0.005683089 -0.000241838 0.999996006 -0.002820826 -0.001086371 0.001192528 0.002821113 0.999995291 0.184605613
0.999999464 -0.000099659 -0.001042642 -0.003100487 0.000096624 0.999995768 -0.002910711 -0.000684716 0.001042927 0.002910608 0.999995232 0.185341150
0.999999583 -0.000930341 -0.000081829 -0.002092902 0.000930068 0.999994218 -0.003278430 -0.000957671 0.000084878 0.003278353 0.999994636 0.185894221
0.999999166 -0.001271098 0.000093276 -0.000035306 0.001271394 0.999993920 -0.003246837 -0.001172054 -0.000089148 0.003246953 0.999994695 0.186215192
0.999999702 -0.000655132 -0.000355630 0.003148368 0.000653973 0.999994516 -0.003249772 -0.001440999 0.000357757 0.003249539 0.999994636 0.185081482
0.999999464 -0.000672494 -0.000783209 0.005894753 0.000669768 0.999993742 -0.003475231 -0.000629078 0.000785542 0.003474704 0.999993682 0.184546158
0.999998987 -0.000136582 -0.001409591 0.009285867 0.000131387 0.999993205 -0.003684314 -0.000429090 0.001410085 0.003684125 0.999992192 0.184239984
0.999998450 -0.000736070 -0.001604758 0.011366131 0.000730637 0.999994040 -0.003383205 -0.000447467 0.001607239 0.003382028 0.999992967 0.185512453
0.999997735 -0.001023870 -0.001857305 0.014141236 0.001017017 0.999992669 -0.003686746 -0.000303473 0.001861066 0.003684849 0.999991477 0.185509190
0.999997854 -0.000472455 -0.002019524 0.016457669 0.000465923 0.999994636 -0.003233715 -0.000802485 0.002021041 0.003232768 0.999992728 0.185778037
0.999997616 -0.000496735 -0.002120874 0.018976852 0.000490735 0.999995887 -0.002828492 -0.001125916 0.002122270 0.002827444 0.999993742 0.185608253
0.999998033 -0.000330405 -0.001943340 0.021689275 0.000324322 0.999995053 -0.003129652 -0.000824820 0.001944365 0.003129015 0.999993205 0.185840413
0.999996722 0.000011612 -0.002561739 0.025471738 -0.000018546 0.999996364 -0.002706780 -0.001140552 0.002561698 0.002706819 0.999993026 0.186054096
0.999994636 0.000073635 -0.003274672 0.028239690 -0.000083015 0.999995887 -0.002864287 -0.000786535 0.003274448 0.002864543 0.999990523 0.185467795
0.999993920 0.000566619 -0.003435270 0.029660113 -0.000575555 0.999996424 -0.002601079 -0.001151244 0.003433784 0.002603041 0.999990702 0.185887769
0.999992847 0.000258600 -0.003778534 0.031809740 -0.000269378 0.999995887 -0.002852248 -0.000657884 0.003777780 0.002853245 0.999988794 0.185991645
0.999991298 0.000361304 -0.004158407 0.034630656 -0.000373408 0.999995708 -0.002910420 -0.000492324 0.004157337 0.002911947 0.999987125 0.185843483
0.999991536 0.000540686 -0.004082920 0.036872834 -0.000552589 0.999995589 -0.002914566 -0.000366105 0.004081326 0.002916797 0.999987423 0.185953453
0.999991059 0.000741034 -0.004156293 0.039495718 -0.000753902 0.999994934 -0.003095411 0.000068742 0.004153979 0.003098517 0.999986589 0.185450882
0.999991238 0.001066652 -0.004051021 0.041655138 -0.001079144 0.999994695 -0.003082624 0.000027388 0.004047711 0.003086968 0.999987066 0.185659856
0.999990582 0.000719844 -0.004280635 0.044469178 -0.000730880 0.999996424 -0.002576893 -0.000101191 0.004278765 0.002579998 0.999987543 0.185730800
0.999990165 0.000946758 -0.004332300 0.047269542 -0.000956922 0.999996781 -0.002344481 -0.000428618 0.004330066 0.002348604 0.999987841 0.186178058
0.999988854 0.000894461 -0.004636369 0.050094366 -0.000904439 0.999997258 -0.002150647 -0.000214539 0.004634432 0.002154816 0.999986947 0.185455903
0.999991059 0.000387271 -0.004217191 0.052318797 -0.000399325 0.999995828 -0.002857846 0.000253186 0.004216067 0.002859504 0.999987006 0.186554015
0.999990642 0.001371078 -0.004109837 0.051762082 -0.001379642 0.999996901 -0.002081556 -0.000618274 0.004106970 0.002087207 0.999989390 0.190761119
0.999989510 0.001587310 -0.004292363 0.051991317 -0.001596138 0.999996603 -0.002054189 -0.000718995 0.004289088 0.002061019 0.999988675 0.193400458
0.999988854 0.001299200 -0.004536350 0.052524555 -0.001311699 0.999995351 -0.002753473 -0.000382583 0.004532752 0.002759393 0.999985933 0.195180416
0.999991000 0.001306641 -0.004030953 0.052014880 -0.001318540 0.999994755 -0.002950584 0.000183765 0.004027077 0.002955872 0.999987543 0.197790533
0.999988198 0.001269628 -0.004695458 0.053214256 -0.001285523 0.999993443 -0.003383705 0.000341182 0.004691131 0.003389701 0.999983251 0.200291291
0.999989271 0.001786317 -0.004275375 0.052516252 -0.001798206 0.999994516 -0.002778601 -0.000448142 0.004270388 0.002786259 0.999987006 0.203032404
0.999985874 0.001967233 -0.004941849 0.052716080 -0.001979606 0.999994934 -0.002500177 -0.001072950 0.004936905 0.002509924 0.999984682 0.205021441
0.999990880 0.002030232 -0.003751336 0.051043749 -0.002037914 0.999995828 -0.002045049 -0.001696299 0.003747169 0.002052675 0.999990880 0.208826676
0.999993086 0.001760552 -0.003278163 0.050450679 -0.001769154 0.999994993 -0.002623045 -0.001116056 0.003273529 0.002628826 0.999991179 0.211264104
0.999993801 0.001585951 -0.003139225 0.050482940 -0.001594417 0.999995112 -0.002695969 -0.001205777 0.003134934 0.002700957 0.999991417 0.213599637
0.999993980 0.001332229 -0.003212289 0.050421830 -0.001341152 0.999995232 -0.002777329 -0.000791540 0.003208574 0.002781620 0.999991000 0.216110468
0.999994934 0.001410846 -0.002860670 0.050030112 -0.001418656 0.999995291 -0.002730070 -0.000742552 0.002856805 0.002734114 0.999992192 0.218523741
0.999993801 0.001795785 -0.003024644 0.050489485 -0.001803701 0.999994934 -0.002616609 -0.000752991 0.003019929 0.002622049 0.999992013 0.221478432
0.999993980 0.001700782 -0.003026357 0.051036436 -0.001708278 0.999995470 -0.002476088 -0.001093102 0.003022132 0.002481243 0.999992371 0.223334074
0.999993563 0.001709412 -0.003163755 0.050971121 -0.001716550 0.999996006 -0.002254627 -0.001210611 0.003159888 0.002260044 0.999992430 0.225809351
0.999991000 0.002269495 -0.003592462 0.051644824 -0.002276174 0.999995708 -0.001856265 -0.001393218 0.003588233 0.001864425 0.999991834 0.228143796
0.999991834 0.002335501 -0.003298869 0.051150668 -0.002342511 0.999994993 -0.002122840 -0.001395606 0.003293894 0.002130551 0.999992311 0.231516629
0.999992907 0.002111052 -0.003120645 0.051120795 -0.002119204 0.999994338 -0.002611197 -0.000914940 0.003115115 0.002617792 0.999991715 0.233664572
0.999993861 0.001950749 -0.002911975 0.050895482 -0.001958460 0.999994576 -0.002647419 -0.000998519 0.002906794 0.002653105 0.999992251 0.236295447
0.999993980 0.002191088 -0.002694572 0.049964264 -0.002196527 0.999995530 -0.002017172 -0.001568415 0.002690141 0.002023079 0.999994338 0.238537535
0.999993861 0.001777971 -0.003020948 0.050955746 -0.001786191 0.999994695 -0.002720740 -0.000650394 0.003016095 0.002726120 0.999991715 0.240225837
0.999994338 0.002020346 -0.002684954 0.050749678 -0.002028274 0.999993563 -0.002953232 -0.000606870 0.002678970 0.002958661 0.999992013 0.243442178
0.999990106 0.002769384 -0.003478938 0.052365482 -0.002780526 0.999991000 -0.003201877 -0.000858487 0.003470039 0.003211519 0.999988794 0.245490864
0.999989748 0.002984429 -0.003402724 0.051882498 -0.002996875 0.999988794 -0.003658261 -0.000670404 0.003391769 0.003668421 0.999987543 0.247774735
0.999988556 0.003306148 -0.003465038 0.052200094 -0.003320613 0.999985754 -0.004177316 0.000342779 0.003451178 0.004188774 0.999985278 0.249760285
0.999991179 0.003054456 -0.002892264 0.051404256 -0.003064695 0.999989033 -0.003542611 -0.000629334 0.002881412 0.003551443 0.999989569 0.253516287
0.999990523 0.003566881 -0.002491672 0.050796196 -0.003576876 0.999985516 -0.004018391 0.000360393 0.002477303 0.004027265 0.999988794 0.255546868
0.999990940 0.003685811 -0.002119266 0.050396033 -0.003693837 0.999985993 -0.003796122 0.000240113 0.002105244 0.003803916 0.999990523 0.257724136
0.999990642 0.003881400 -0.001916749 0.050091002 -0.003887805 0.999986827 -0.003348844 -0.000607672 0.001903725 0.003356264 0.999992549 0.261091262
0.999987364 0.004384386 -0.002466239 0.051241331 -0.004392694 0.999984682 -0.003373263 -0.000249695 0.002451411 0.003384054 0.999991298 0.263141334
0.999987721 0.004188104 -0.002657248 0.051620331 -0.004196611 0.999986053 -0.003203972 -0.001004611 0.002643792 0.003215084 0.999991357 0.265634835
0.999989212 0.004164400 -0.002053388 0.050608698 -0.004173042 0.999982357 -0.004222458 -0.000093710 0.002035768 0.004230981 0.999988973 0.268846840
0.999989212 0.003945392 -0.002453511 0.051329315 -0.003955893 0.999982953 -0.004290054 -0.000410820 0.002436544 0.004299713 0.999987781 0.271041483
0.999990582 0.003837499 -0.002023225 0.050357781 -0.003845868 0.999984026 -0.004148804 -0.000271691 0.002007272 0.004156546 0.999989331 0.273764759
0.999993384 0.003128594 -0.001866068 0.050755985 -0.003137220 0.999984324 -0.004637486 0.000332211 0.001851530 0.004643309 0.999987483 0.275605977
0.999994874 0.002828457 -0.001495281 0.050544441 -0.002834808 0.999986887 -0.004262519 0.000453233 0.001483205 0.004266736 0.999989808 0.278903335
0.999993682 0.003144427 -0.001653965 0.050448511 -0.003149988 0.999989331 -0.003370177 -0.001041373 0.001643350 0.003375366 0.999992967 0.280885249
0.999993145 0.003263420 -0.001762775 0.050749276 -0.003268822 0.999989927 -0.003070101 -0.000882443 0.001752738 0.003075842 0.999993742 0.283769518
0.999994218 0.002614407 -0.002176300 0.051456418 -0.002622270 0.999990046 -0.003617963 -0.000189655 0.002166819 0.003623649 0.999991059 0.286511540
0.999992549 0.003398622 -0.001819436 0.050844550 -0.003404910 0.999988198 -0.003464049 -0.000444878 0.001807642 0.003470219 0.999992371 0.289242983
0.999992967 0.003228442 -0.001910906 0.051040709 -0.003236210 0.999986470 -0.004076332 0.000991194 0.001897720 0.004082487 0.999989867 0.290841192
0.999994516 0.002940151 -0.001519072 0.050887495 -0.002946551 0.999986708 -0.004228538 0.000661480 0.001506619 0.004232991 0.999989927 0.294070631
0.999995232 0.003055720 -0.000442601 0.050116032 -0.003057155 0.999989927 -0.003278893 -0.000392451 0.000432578 0.003280231 0.999994516 0.297345430
0.999995530 0.002803445 -0.001058894 0.050863847 -0.002807879 0.999987185 -0.004209859 0.000564462 0.001047078 0.004212813 0.999990582 0.298262835
0.999997556 0.002176523 -0.000416173 0.049470525 -0.002178377 0.999987483 -0.004509445 0.000488071 0.000406353 0.004510341 0.999989748 0.302447170
0.999998331 0.001810692 -0.000177909 0.048945922 -0.001811559 0.999985874 -0.005002090 0.000894013 0.000168849 0.005002404 0.999987483 0.304901421
0.999997973 0.001970734 -0.000423095 0.049834479 -0.001972750 0.999986470 -0.004818316 0.000195077 0.000413594 0.004819141 0.999988317 0.307399362
0.999999404 0.001011773 0.000406239 0.049412481 -0.001009542 0.999984622 -0.005454779 0.000940147 -0.000411752 0.005454366 0.999985039 0.309422493
0.999997079 0.002354407 -0.000597186 0.050795883 -0.002356709 0.999989688 -0.003884704 -0.001015323 0.000588034 0.003886100 0.999992251 0.311293274
0.999999225 0.001196159 -0.000402295 0.050186336 -0.001198304 0.999984860 -0.005373077 0.000235289 0.000395862 0.005373555 0.999985456 0.314145625
0.999998868 0.001508352 0.000192371 0.049137209 -0.001507383 0.999986649 -0.004944742 0.000081753 -0.000199827 0.004944446 0.999987781 0.315857470
0.999998689 0.001452250 -0.000709228 0.050670326 -0.001455361 0.999989212 -0.004406375 -0.000551458 0.000702822 0.004407402 0.999990046 0.318590015
0.999997675 0.002161263 0.000096415 0.049209431 -0.002160848 0.999989212 -0.004108165 -0.000952298 -0.000105293 0.004107947 0.999991536 0.322204530
0.999996305 0.002725331 0.000091277 0.049639672 -0.002724948 0.999988437 -0.003963194 -0.001005067 -0.000102077 0.003962931 0.999992132 0.324907780
0.999997616 0.002167596 -0.000311613 0.050757583 -0.002168935 0.999988139 -0.004361777 -0.000548193 0.000302155 0.004362443 0.999990463 0.326982945
0.999996722 0.002522923 0.000436788 0.049049139 -0.002521116 0.999988437 -0.004088537 -0.001167662 -0.000447098 0.004087423 0.999991536 0.329455256
0.999997497 0.002222039 0.000270621 0.049354043 -0.002220852 0.999988258 -0.004310258 -0.001024978 -0.000280195 0.004309646 0.999990702 0.331726402
