1.000000000 0.000000000 0.000000000 0.000000000 0.000000000 1.000000000 0.000000000 0.000000000 0.000000000 0.000000000 1.000000000 0.000000000
1.000000000 -0.000009175 0.000078319 -0.000044081 0.000009175 1.000000000 0.000006429 0.000004098 -0.000078319 -0.000006429 1.000000000 0.000024959
1.000000000 0.000022368 0.000010299 -0.000008426 -0.000022368 1.000000000 0.000031633 -0.000010305 -0.000010298 -0.000031633 1.000000000 0.000001849
1.000000000 -0.000034999 0.000013527 0.000011660 0.000034999 1.000000000 0.000001596 0.000021327 -0.000013527 -0.000001595 1.000000000 0.000037467
1.000000000 0.000029209 0.000006734 -0.000008987 -0.000029209 1.000000000 -0.000005156 0.000010072 -0.000006734 0.000005156 1.000000000 -0.000003023
1.000000000 0.000017790 0.000013393 -0.000007440 -0.000017791 1.000000000 0.000033373 -0.000009667 -0.000013393 -0.000033373 1.000000000 0.000003207
1.000000000 0.000001242 0.000002781 -0.000001873 -0.000001242 1.000000000 -0.000000298 0.000000336 -0.000002781 0.000000298 1.000000000 0.000000309
1.000000000 -0.000028953 -0.000028358 0.000026021 0.000028954 1.000000000 0.000030766 -0.000023086 0.000028358 -0.000030766 1.000000000 -0.000008617
1.000000000 0.000001315 0.000003099 -0.000002238 -0.000001315 1.000000000 -0.000000749 0.000000749 -0.000003099 0.000000749 1.000000000 0.000000685
1.000000000 -0.000028948 -0.000028355 0.000026019 0.000028949 1.000000000 0.000030763 -0.000023085 0.000028355 -0.000030763 1.000000000 -0.000008622
1.000000000 -0.000028032 -0.000020892 0.000024642 0.000028033 1.000000000 0.000017809 -0.000001320 0.000020892 -0.000017810 1.000000000 -0.000005271
1.000000000 -0.000049754 -0.000047161 0.000078504 0.000049741 0.999999940 -0.000286060 0.000258164 0.000047176 0.000286058 0.999999940 0.000122719
1.000000000 0.000021022 0.000020968 -0.000015317 -0.000021022 1.000000000 0.000017309 -0.000002728 -0.000020967 -0.000017309 1.000000000 0.000003616
1.000000000 0.000018654 0.000021142 -0.000057620 -0.000018651 1.000000000 -0.000123013 0.000074535 -0.000021144 0.000123012 1.000000000 0.000035643
1.000000000 0.000019242 0.000013388 -0.000007783 -0.000019243 1.000000000 0.000027861 -0.000008194 -0.000013388 -0.000027861 1.000000000 0.000002173
1.000000000 0.000148225 0.000014463 0.000040644 -0.000148214 0.999999702 -0.000760236 0.000310236 -0.000014575 0.000760233 0.999999702 0.000535179
0.999999762 0.000380650 -0.000579003 0.000436237 -0.000381186 0.999999523 -0.000925996 0.000484232 0.000578651 0.000926216 0.999999404 0.009856934
0.999999225 0.000010912 -0.001233591 0.000755805 -0.000011060 1.000000000 -0.000120021 -0.000017053 0.001233590 0.000120034 0.999999225 0.027997695
0.999999225 -0.000351638 -0.001177731 0.000927490 0.000351188 0.999999881 -0.000382613 0.000180502 0.001177865 0.000382199 0.999999225 0.051791694
0.999999762 -0.000159467 -0.000665133 0.000461189 0.000158784 0.999999464 -0.001026062 0.000305590 0.000665296 0.001025956 0.999999225 0.079869293
0.999999523 0.000521316 -0.000860441 0.000256392 -0.000521805 0.999999702 -0.000568388 0.000050672 0.000860145 0.000568836 0.999999464 0.111705445
0.999999106 0.000330378 -0.001294324 0.000485487 -0.000332111 0.999999046 -0.001339408 0.000548524 0.001293880 0.001339837 0.999998271 0.146065727
0.999999404 0.000130604 -0.001089647 0.000518136 -0.000131071 0.999999881 -0.000428735 0.000126536 0.001089590 0.000428878 0.999999285 0.182189614
0.999999166 0.000120211 -0.001290077 0.000752147 -0.000122333 0.999998629 -0.001645215 0.000790322 0.001289877 0.001645371 0.999997795 0.218855351
0.999999166 -0.000435323 -0.001227775 0.000250130 0.000435718 0.999999881 0.000320970 -0.001199306 0.001227635 -0.000321505 0.999999166 0.256010264
0.999999285 -0.000115036 -0.001213582 -0.000042314 0.000115946 0.999999702 0.000749970 -0.001453423 0.001213496 -0.000750110 0.999998987 0.293327600
0.999999344 0.000299302 -0.001122270 -0.000555985 -0.000299175 0.999999940 0.000113991 -0.001226329 0.001122304 -0.000113655 0.999999344 0.323218703
0.999999404 0.000545719 -0.000938265 -0.000872500 -0.000546106 0.999999762 -0.000412871 -0.001117446 0.000938039 0.000413383 0.999999464 0.343267143
0.999999344 0.001024045 -0.000452289 -0.001478364 -0.001024009 0.999999464 0.000080082 -0.001584657 0.000452371 -0.000079619 0.999999881 0.358519077
0.999999583 0.000659207 -0.000668848 -0.000790661 -0.000659555 0.999999642 -0.000520394 -0.001092027 0.000668504 0.000520835 0.999999642 0.369950950
0.999999106 0.000948674 -0.000940243 -0.000478872 -0.000948918 0.999999523 -0.000258952 -0.001044347 0.000939997 0.000259844 0.999999523 0.377784461
0.999999881 0.000167854 -0.000419393 -0.001041448 -0.000167498 0.999999642 0.000848250 -0.001828132 0.000419536 -0.000848180 0.999999523 0.383619726
0.999999583 0.000740024 -0.000486899 -0.000989274 -0.000739957 0.999999702 0.000136532 -0.001428914 0.000487000 -0.000136172 0.999999881 0.387286574
0.999999642 0.000763937 -0.000292841 -0.001060533 -0.000763997 0.999999702 -0.000202630 -0.001384449 0.000292686 0.000202854 0.999999940 0.390676051
0.999999046 0.001153447 -0.000728436 -0.000847888 -0.001154024 0.999999046 -0.000792333 -0.000935511 0.000727522 0.000793173 0.999999404 0.392973423
0.999999523 0.000762628 -0.000607637 -0.000940251 -0.000762750 0.999999702 -0.000200810 -0.001311153 0.000607484 0.000201274 0.999999821 0.394336075
0.999999344 0.000673094 -0.000921322 -0.000790340 -0.000673728 0.999999523 -0.000687324 -0.001121007 0.000920859 0.000687945 0.999999344 0.395347953
0.999999583 0.000539882 -0.000722126 -0.001016043 -0.000540284 0.999999702 -0.000557671 -0.001045051 0.000721825 0.000558061 0.999999583 0.396190017
0.999999344 0.000475598 -0.001058618 -0.000729618 -0.000476001 0.999999821 -0.000380129 -0.001154170 0.001058437 0.000380633 0.999999344 0.396875411
0.999998927 0.000225422 -0.001437198 -0.000421602 -0.000225188 0.999999940 0.000163336 -0.001382026 0.001437234 -0.000163012 0.999998927 0.397407889
0.999999046 0.000305471 -0.001362334 -0.000499774 -0.000305662 0.999999940 -0.000140133 -0.001318557 0.001362292 0.000140549 0.999999046 0.397375971
0.999999166 0.000205754 -0.001261028 -0.000512476 -0.000205740 1.000000000 0.000010900 -0.001478237 0.001261030 -0.000010640 0.999999225 0.397928655
0.999999225 0.000659643 -0.001076696 -0.000589850 -0.000659948 0.999999762 -0.000282957 -0.001278219 0.001076509 0.000283667 0.999999404 0.398017585
0.999999166 0.000805251 -0.001016509 -0.000616525 -0.000805656 0.999999583 -0.000398131 -0.001265836 0.001016188 0.000398950 0.999999404 0.398083389
0.999998987 0.000836320 -0.001167328 -0.000551910 -0.000836860 0.999999523 -0.000462068 -0.001233242 0.001166941 0.000463045 0.999999225 0.398102701
0.999999225 0.000752735 -0.001015802 -0.000632071 -0.000753195 0.999999642 -0.000452901 -0.001277968 0.001015461 0.000453666 0.999999404 0.398131341
0.999999106 0.000773540 -0.001068913 -0.000478322 -0.000774155 0.999999523 -0.000575147 -0.001156732 0.001068468 0.000575974 0.999999285 0.398290187
0.999999106 0.000727954 -0.001126063 -0.000523751 -0.000728829 0.999999404 -0.000777164 -0.001043823 0.001125497 0.000777984 0.999999046 0.398402452
0.999999046 0.000741877 -0.001154273 -0.000512395 -0.000742730 0.999999464 -0.000739107 -0.001111820 0.001153724 0.000739963 0.999999046 0.398379326
0.999999046 0.000720060 -0.001193803 -0.000465492 -0.000721065 0.999999404 -0.000841511 -0.001057348 0.001193196 0.000842371 0.999998927 0.398375899
0.999999106 0.000718066 -0.001104725 -0.000517862 -0.000718930 0.999999464 -0.000782022 -0.001084586 0.001104163 0.000782816 0.999999106 0.398408830
0.999998927 0.000640397 -0.001308660 -0.000410771 -0.000641394 0.999999523 -0.000762120 -0.001091285 0.001308171 0.000762958 0.999998868 0.398383796
0.999999106 0.000676413 -0.001137132 -0.000509799 -0.000677368 0.999999404 -0.000839821 -0.001029674 0.001136563 0.000840591 0.999998987 0.398427874
0.999999166 0.000665399 -0.001121015 -0.000513767 -0.000666358 0.999999404 -0.000855852 -0.001026200 0.001120445 0.000856599 0.999998987 0.398411244
0.999999106 0.000692992 -0.001148620 -0.000514464 -0.000693946 0.999999404 -0.000830543 -0.001037369 0.001148044 0.000831340 0.999998987 0.398422152
0.999999166 0.000702921 -0.001100238 -0.000531960 -0.000703697 0.999999523 -0.000704498 -0.001087344 0.001099743 0.000705272 0.999999166 0.398443252
0.999999046 0.000698021 -0.001169612 -0.000501287 -0.000698969 0.999999404 -0.000809844 -0.001043517 0.001169046 0.000810661 0.999998987 0.398433179
0.999999106 0.000690554 -0.001122878 -0.000518995 -0.000691449 0.999999464 -0.000796139 -0.001046163 0.001122327 0.000796915 0.999999046 0.398433805
0.999999106 0.000671523 -0.001146656 -0.000514456 -0.000672437 0.999999464 -0.000796859 -0.001033649 0.001146120 0.000797629 0.999999046 0.398452342
0.999999166 0.000646350 -0.001129646 -0.000510557 -0.000647259 0.999999464 -0.000804188 -0.001028475 0.001129126 0.000804919 0.999999046 0.398444057
0.999999166 0.000647161 -0.001129179 -0.000535534 -0.000648045 0.999999464 -0.000782752 -0.001046564 0.001128672 0.000783483 0.999999046 0.398439914
0.999999166 0.000638358 -0.001114429 -0.000535099 -0.000639239 0.999999464 -0.000789616 -0.001041013 0.001113925 0.000790328 0.999999046 0.398432165
0.999998868 0.000528425 -0.001410114 -0.000386439 -0.000529530 0.999999583 -0.000783312 -0.001073394 0.001409699 0.000784058 0.999998689 0.398351073
0.999998868 0.000519148 -0.001395862 -0.000385509 -0.000520253 0.999999523 -0.000790744 -0.001067691 0.001395451 0.000791469 0.999998689 0.398342758
0.999999166 0.000647409 -0.001128267 -0.000535417 -0.000648291 0.999999464 -0.000781727 -0.001047402 0.001127760 0.000782458 0.999999046 0.398439348
0.999999166 0.000611945 -0.001154279 -0.000521036 -0.000612861 0.999999523 -0.000794078 -0.001037091 0.001153793 0.000794785 0.999999046 0.398432970
0.999999166 0.000617191 -0.001144200 -0.000503209 -0.000618203 0.999999404 -0.000884379 -0.001006839 0.001143654 0.000885085 0.999998927 0.398476422
0.999998868 0.000449866 -0.001415608 -0.000336115 -0.000451091 0.999999523 -0.000865656 -0.001031238 0.001415218 0.000866294 0.999998629 0.398379236
0.999999225 0.000545048 -0.001136707 -0.000481569 -0.000546013 0.999999464 -0.000848985 -0.001016081 0.001136244 0.000849605 0.999998987 0.398477554
0.999999106 0.000631091 -0.001153612 -0.000491120 -0.000632124 0.999999404 -0.000895468 -0.000994862 0.001153046 0.000896196 0.999998927 0.398471862
0.999998868 0.000440831 -0.001423797 -0.000333717 -0.000442064 0.999999523 -0.000865885 -0.001037059 0.001423415 0.000866514 0.999998629 0.398380011
0.999998868 0.000361827 -0.001452566 -0.000317849 -0.000362805 0.999999702 -0.000672905 -0.001007727 0.001452322 0.000673431 0.999998748 0.399311692
0.999998927 0.000186927 -0.001464621 -0.000177151 -0.000187421 0.999999940 -0.000337237 -0.001186580 0.001464558 0.000337511 0.999998868 0.409310311
0.999999285 0.000431139 -0.001093304 -0.001045784 -0.000431735 0.999999762 -0.000545444 -0.001051467 0.001093069 0.000545915 0.999999225 0.427926332
0.999999285 0.000908257 -0.000799220 -0.000901536 -0.000908032 0.999999523 0.000282241 -0.001582158 0.000799476 -0.000281515 0.999999642 0.450377017
0.999998748 0.000186682 -0.001586673 -0.000401790 -0.000185731 0.999999821 0.000599162 -0.001800035 0.001586784 -0.000598866 0.999998569 0.479657143
0.999999583 0.000004056 -0.000901351 -0.001032575 -0.000003932 1.000000000 0.000137264 -0.001742882 0.000901352 -0.000137261 0.999999583 0.510976315
0.999999702 0.000444970 -0.000612940 -0.001434418 -0.000445173 0.999999821 -0.000331138 -0.001772161 0.000612793 0.000331410 0.999999762 0.543780327
0.999998808 0.001119055 -0.001077035 -0.000995453 -0.001118027 0.999998927 0.000954622 -0.002369939 0.001078102 -0.000953417 0.999998987 0.579221785
0.999999762 0.000198021 -0.000680716 -0.001510011 -0.000196880 0.999998569 0.001675033 -0.003098625 0.000681047 -0.001674899 0.999998391 0.616355479
0.999999940 0.000062961 -0.000397534 -0.001694374 -0.000062207 0.999998212 0.001895816 -0.003080156 0.000397653 -0.001895791 0.999998152 0.652673125
0.999999940 0.000186350 -0.000234557 -0.002707221 -0.000186001 0.999998868 0.001486158 -0.003303227 0.000234833 -0.001486114 0.999998868 0.691891670
0.999999940 -0.000148273 -0.000251973 -0.002552567 0.000148759 0.999998093 0.001932508 -0.003725977 0.000251686 -0.001932545 0.999998093 0.730439484
1.000000000 0.000117687 -0.000161671 -0.002770309 -0.000117532 0.999999523 0.000957069 -0.002989213 0.000161784 -0.000957050 0.999999523 0.770285487
0.999999464 -0.000004803 -0.001042562 -0.002079817 0.000005846 0.999999523 0.001000014 -0.002915954 0.001042557 -0.001000020 0.999998927 0.810930669
0.999999583 0.000625593 -0.000680450 -0.001987961 -0.000624795 0.999999106 0.001171991 -0.003000489 0.000681182 -0.001171565 0.999999106 0.850568295
0.999999762 0.000624212 -0.000206805 -0.002408511 -0.000623859 0.999998331 0.001705644 -0.003503694 0.000207870 -0.001705515 0.999998510 0.890540540
0.999999225 0.001113816 -0.000548725 -0.001971376 -0.001112883 0.999997914 0.001697291 -0.003509335 0.000550614 -0.001696679 0.999998391 0.920237362
0.999999523 0.000979784 0.000074919 -0.002537030 -0.000979941 0.999997258 0.002122798 -0.003758230 -0.000072839 -0.002122870 0.999997735 0.951261103
0.999999702 0.000707778 -0.000348129 -0.002250249 -0.000706936 0.999996841 0.002411674 -0.004102381 0.000349835 -0.002411427 0.999997020 0.984917700
0.999999702 0.000583682 -0.000541429 -0.001448186 -0.000582642 0.999997973 0.001919314 -0.004103165 0.000542548 -0.001918998 0.999998033 1.020880938
0.999999762 0.000715847 -0.000050721 -0.001722454 -0.000715795 0.999999225 0.001005942 -0.003802024 0.000051441 -0.001005905 0.999999464 1.056526780
0.999999762 0.000664770 -0.000274714 -0.001672231 -0.000664392 0.999998808 0.001375673 -0.003571282 0.000275628 -0.001375490 0.999998987 1.086203933
0.999999344 0.001149954 0.000016213 -0.001982330 -0.001149962 0.999999225 0.000465508 -0.003304131 -0.000015678 -0.000465527 0.999999881 1.116557240
0.999999821 0.000267765 -0.000529173 -0.001443351 -0.000266506 0.999997139 0.002377643 -0.004611044 0.000529808 -0.002377501 0.999997020 1.147862673
0.999999940 0.000333649 -0.000109825 -0.001862441 -0.000333424 0.999997854 0.002039497 -0.004223047 0.000110505 -0.002039460 0.999997914 1.182628036
0.999999702 -0.000588334 -0.000535753 -0.001328454 0.000588951 0.999999166 0.001152533 -0.003272880 0.000535074 -0.001152848 0.999999166 1.218806505
0.999999881 0.000430747 0.000030778 -0.002815761 -0.000430803 0.999998212 0.001833769 -0.003681731 -0.000029988 -0.001833782 0.999998331 1.247640252
1.000000000 -0.000202701 0.000031006 -0.002318362 0.000202634 0.999997675 0.002159111 -0.003666865 -0.000031444 -0.002159105 0.999997675 1.276190281
0.999999821 0.000217591 0.000505762 -0.002681213 -0.000218720 0.999997497 0.002234493 -0.003700575 -0.000505275 -0.002234603 0.999997377 1.308306217
0.999999940 -0.000416801 0.000004477 -0.002265988 0.000416791 0.999998093 0.001916317 -0.003671413 -0.000005276 -0.001916315 0.999998152 1.341715455
0.999999881 0.000464559 -0.000199098 -0.002032718 -0.000464236 0.999998569 0.001616155 -0.003579526 0.000199849 -0.001616062 0.999998689 1.378174901
0.999999702 0.000785064 -0.000004587 -0.001910874 -0.000785054 0.999997735 0.001981700 -0.003766680 0.000006143 -0.001981696 0.999998033 1.405912280
0.999999881 0.000399474 -0.000371006 -0.001966177 -0.000398634 0.999997377 0.002259272 -0.003791930 0.000371907 -0.002259124 0.999997377 1.435803652
0.999999940 0.000312611 -0.000129850 -0.001665801 -0.000312364 0.999998152 0.001892368 -0.004021190 0.000130442 -0.001892328 0.999998212 1.467492580
0.999999583 0.000154550 -0.000870631 -0.001787139 -0.000151945 0.999995530 0.002990453 -0.005122513 0.000871089 -0.002990320 0.999995172 1.505014300
0.999999821 -0.000242032 -0.000532727 -0.001596735 0.000243715 0.999994993 0.003160075 -0.005052961 0.000531959 -0.003160204 0.999994874 1.539439678
0.999999702 0.000795906 0.000008183 -0.002212304 -0.000795932 0.999992132 0.003891818 -0.005607177 -0.000005085 -0.003891823 0.999992430 1.565313220
0.999999821 0.000181289 -0.000600424 -0.001638515 -0.000179333 0.999994695 0.003256896 -0.005482434 0.000601011 -0.003256788 0.999994516 1.595208168
0.999999762 0.000144516 -0.000682798 -0.001630866 -0.000142606 0.999996066 0.002797131 -0.005356876 0.000683199 -0.002797033 0.999995828 1.627187014
0.999999821 0.000615624 0.000186277 -0.002350325 -0.000616092 0.999996603 0.002522543 -0.005009014 -0.000184723 -0.002522657 0.999996781 1.661315560
0.999999344 0.000914246 -0.000684698 -0.001641379 -0.000911962 0.999994040 0.003327954 -0.005475578 0.000687737 -0.003327327 0.999994218 1.697729349
0.999998987 0.001437511 0.000059245 -0.002708888 -0.001437669 0.999995172 0.002759255 -0.005130553 -0.000055278 -0.002759338 0.999996185 1.734438300
0.999999285 0.000796046 -0.000866941 -0.001478322 -0.000793460 0.999995232 0.002979197 -0.005125264 0.000869309 -0.002978507 0.999995172 1.771890402
0.999999702 0.000570472 -0.000494862 -0.002068650 -0.000568956 0.999995172 0.003057159 -0.005173128 0.000496604 -0.003056877 0.999995232 1.810256958
0.999999702 -0.000070001 -0.000738679 -0.001956537 0.000072717 0.999993265 0.003677423 -0.005663891 0.000738417 -0.003677476 0.999992967 1.848974705
0.999999702 0.000337562 -0.000710711 -0.002456299 -0.000334069 0.999987900 0.004909390 -0.006377266 0.000712360 -0.004909151 0.999987721 1.888135791
0.999999642 0.000015362 -0.000817405 -0.002123839 -0.000012502 0.999993861 0.003499643 -0.005729316 0.000817454 -0.003499632 0.999993563 1.927587509
0.999999404 0.000193573 -0.001089288 -0.002002249 -0.000189461 0.999992847 0.003773789 -0.005738584 0.001090011 -0.003773580 0.999992311 1.967059374
0.999999344 0.001165792 0.000013323 -0.003069895 -0.001165833 0.999992728 0.003630254 -0.005227650 -0.000009091 -0.003630267 0.999993384 2.007592678
0.999999523 0.000835169 -0.000519171 -0.002533617 -0.000833768 0.999996006 0.002692609 -0.004873962 0.000521417 -0.002692175 0.999996245 2.046097517
0.999999404 0.000924773 -0.000622448 -0.002897166 -0.000922383 0.999992251 0.003828478 -0.005379812 0.000625984 -0.003827901 0.999992490 2.085961580
0.999999344 0.001043403 -0.000486869 -0.003042855 -0.001041912 0.999994814 0.003052386 -0.004730023 0.000490051 -0.003051877 0.999995232 2.126019716
0.999999762 0.000616958 -0.000297534 -0.003076849 -0.000616313 0.999997437 0.002165562 -0.003740900 0.000298869 -0.002165378 0.999997616 2.165620565
0.999999821 0.000524248 -0.000221081 -0.003395135 -0.000523606 0.999995708 0.002892553 -0.004336347 0.000222597 -0.002892437 0.999995768 2.204013348
0.999999702 0.000740262 0.000144624 -0.003432269 -0.000740778 0.999993265 0.003599305 -0.004712437 -0.000141959 -0.003599411 0.999993503 2.234688759
0.999999642 0.000809656 -0.000032964 -0.003485219 -0.000809531 0.999993086 0.003630583 -0.004973897 0.000035903 -0.003630555 0.999993384 2.266060829
0.999999940 0.000270537 0.000156870 -0.003533827 -0.000271104 0.999993384 0.003624206 -0.004526910 -0.000155889 -0.003624248 0.999993443 2.299620390
0.999999762 0.000296972 0.000590204 -0.003629580 -0.000299370 0.999991715 0.004066813 -0.005051456 -0.000588991 -0.004066988 0.999991536 2.334489584
0.999999940 0.000277726 0.000157028 -0.003522261 -0.000278441 0.999989510 0.004573615 -0.005247314 -0.000155757 -0.004573659 0.999989510 2.370415688
0.999999881 0.000488456 0.000137453 -0.003550303 -0.000489179 0.999985754 0.005312681 -0.005813887 -0.000134856 -0.005312748 0.999985874 2.408101320
0.999999464 0.000879349 -0.000540766 -0.003290328 -0.000876909 0.999989510 0.004497074 -0.005089746 0.000544715 -0.004496597 0.999989748 2.447074652
0.999999762 0.000648813 -0.000234399 -0.003101686 -0.000647607 0.999986708 0.005110642 -0.005210105 0.000237712 -0.005110490 0.999986887 2.486250639
0.999999642 0.000792014 -0.000280172 -0.003477807 -0.000790707 0.999988973 0.004635208 -0.004683526 0.000283840 -0.004634985 0.999989212 2.524736166
0.999999762 -0.000620429 -0.000237155 -0.002946742 0.000621662 0.999986112 0.005233539 -0.005072516 0.000233905 -0.005233685 0.999986291 2.563652515
0.999999642 0.000202568 -0.000821642 -0.003277200 -0.000198033 0.999984741 0.005515406 -0.005547519 0.000822747 -0.005515241 0.999984443 2.603095770
0.999999881 -0.000140981 -0.000438632 -0.003546099 0.000142989 0.999989510 0.004582340 -0.005034524 0.000437981 -0.004582402 0.999989390 2.642154694
0.999999940 0.000326571 -0.000193511 -0.003777320 -0.000325554 0.999986231 0.005233354 -0.005159374 0.000195218 -0.005233291 0.999986291 2.682232380
0.999999583 0.000703023 -0.000594468 -0.003664497 -0.000700006 0.999986947 0.005059488 -0.005086730 0.000598018 -0.005059069 0.999987006 2.724241495
0.999998212 -0.000001464 -0.001888959 -0.002599361 0.000011692 0.999985337 0.005414858 -0.005182721 0.001888923 -0.005414870 0.999983549 2.762116432
0.999999166 0.000217543 -0.001261436 -0.003187754 -0.000210753 0.999985516 0.005380565 -0.005091213 0.001262588 -0.005380294 0.999984741 2.801723242
0.999999464 -0.000054771 -0.001053518 -0.002934821 0.000060893 0.999983132 0.005811503 -0.005328741 0.001053181 -0.005811564 0.999982536 2.840945721
0.999998868 -0.000193407 -0.001490808 -0.002967465 0.000200668 0.999988139 0.004872098 -0.004305864 0.001489848 -0.004872391 0.999987006 2.881464243
0.999999106 0.000624557 -0.001176611 -0.003352904 -0.000617223 0.999980450 0.006223603 -0.004540247 0.001180475 -0.006222872 0.999979913 2.921935081
0.999999762 0.000663689 0.000096256 -0.004143872 -0.000664334 0.999976277 0.006857101 -0.004936102 -0.000091703 -0.006857164 0.999976456 2.963182211
0.999999464 -0.000415153 -0.000939731 -0.003152935 0.000420320 0.999984741 0.005504267 -0.004321398 0.000937432 -0.005504658 0.999984384 3.002233505
0.999999821 -0.000300156 -0.000460855 -0.003301639 0.000303599 0.999971926 0.007488474 -0.004767680 0.000458595 -0.007488613 0.999971867 3.042521000
0.999999583 -0.000594593 -0.000720952 -0.003060995 0.000598791 0.999982774 0.005837204 -0.004232520 0.000717469 -0.005837633 0.999982715 3.082946301
0.999999702 -0.000669565 -0.000389909 -0.003221834 0.000671660 0.999985218 0.005398636 -0.003718450 0.000386288 -0.005398897 0.999985337 3.122919559
0.999998629 -0.001418940 0.000846684 -0.003783220 0.001414560 0.999985754 0.005151153 -0.003050181 -0.000853981 -0.005149948 0.999986351 3.164479256
0.999999404 -0.001050055 0.000300675 -0.003352906 0.001047914 0.999974728 0.007033522 -0.004209913 -0.000308053 -0.007033203 0.999975204 3.201069832
0.999998987 -0.001406532 -0.000284873 -0.002994533 0.001408300 0.999979138 0.006304017 -0.003658480 0.000276000 -0.006304412 0.999980092 3.243800879
0.999998331 -0.001823721 -0.000126506 -0.002742743 0.001824606 0.999971092 0.007384188 -0.004129507 0.000113035 -0.007384406 0.999972701 3.282333612
0.999998868 -0.000762842 0.001290291 -0.003945483 0.000756130 0.999986231 0.005194543 -0.002746129 -0.001294236 -0.005193562 0.999985695 3.321066141
0.999997973 -0.001474935 0.001371910 -0.003761014 0.001468776 0.999988914 0.004479848 -0.002181160 -0.001378502 -0.004477824 0.999989033 3.359374523
0.999996901 -0.001625537 0.001896890 -0.003975207 0.001617048 0.999988735 0.004468178 -0.002201485 -0.001904131 -0.004465097 0.999988198 3.389562368
0.999992430 -0.001245292 0.003679688 -0.004904604 0.001236931 0.999996662 0.002273410 -0.000986265 -0.003682507 -0.002268841 0.999990642 3.421165705
0.999991596 -0.001418361 0.003840640 -0.004730172 0.001414330 0.999998450 0.001052175 -0.000313508 -0.003842127 -0.001046734 0.999992073 3.454583645
0.999993801 -0.000821944 0.003423449 -0.004769182 0.000810076 0.999993682 0.003466474 -0.001249150 -0.003426276 -0.003463680 0.999988139 3.494024515
0.999993920 -0.002103291 0.002776704 -0.003507202 0.002106357 0.999997199 -0.001101542 0.000835656 -0.002774379 0.001107385 0.999995530 3.526154518
0.999986410 -0.001101721 0.005099585 -0.004518284 0.001100255 0.999999344 0.000290141 0.000472442 -0.005099901 -0.000284526 0.999986947 3.555552244
0.999981940 -0.000655280 0.005974914 -0.004875112 0.000673546 0.999995112 -0.003055586 0.001847514 -0.005972883 0.003059556 0.999977469 3.585566998
0.999980628 -0.000360986 0.006216507 -0.004929133 0.000399761 0.999980450 -0.006237368 0.002842815 -0.006214134 0.006239732 0.999961197 3.617389679
0.999989450 -0.001223475 0.004432099 -0.003517813 0.001253248 0.999976635 -0.006721015 0.003143580 -0.004423773 0.006726498 0.999967575 3.650618792
0.999950469 -0.002342888 0.009675024 -0.005213315 0.002302121 0.999988437 0.004222660 -0.001088091 -0.009684806 -0.004200178 0.999944270 3.689083576
0.999956548 -0.001976469 0.009107678 -0.004782818 0.001987689 0.999997258 -0.001223080 0.001222686 -0.009105236 0.001241130 0.999957800 3.725288391
0.999906719 0.001945993 0.013519734 -0.007037465 -0.001045226 0.997798085 -0.066316336 0.022170912 -0.013619016 0.066296019 0.997707069 3.746940374
0.999834180 0.005925984 0.017219473 -0.008854963 -0.003465402 0.990207732 -0.139558762 0.044618014 -0.017877877 0.139475942 0.990064085 3.768094063
0.999834180 0.005925984 0.017219473 -0.008854963 -0.003465402 0.990207732 -0.139558762 0.044618014 -0.017877877 0.139475942 0.990064085 3.768094063
0.999834180 0.005925984 0.017219473 -0.008854963 -0.003465402 0.990207732 -0.139558762 0.044618014 -0.017877877 0.139475942 0.990064085 3.768094063
0.999834180 0.005925984 0.017219473 -0.008854963 -0.003465402 0.990207732 -0.139558762 0.044618014 -0.017877877 0.139475942 0.990064085 3.768094063
0.999834180 0.005925984 0.017219473 -0.008854963 -0.003465402 0.990207732 -0.139558762 0.044618014 -0.017877877 0.139475942 0.990064085 3.768094063
0.999834180 0.005925984 0.017219473 -0.008854963 -0.003465402 0.990207732 -0.139558762 0.044618014 -0.017877877 0.139475942 0.990064085 3.768094063
0.999834180 0.005925984 0.017219473 -0.008854963 -0.003465402 0.990207732 -0.139558762 0.044618014 -0.017877877 0.139475942 0.990064085 3.768094063
0.999834180 0.005925984 0.017219473 -0.008854963 -0.003465402 0.990207732 -0.139558762 0.044618014 -0.017877877 0.139475942 0.990064085 3.768094063
0.999834180 0.005925984 0.017219473 -0.008854963 -0.003465402 0.990207732 -0.139558762 0.044618014 -0.017877877 0.139475942 0.990064085 3.768094063
0.999834180 0.005925984 0.017219473 -0.008854963 -0.003465402 0.990207732 -0.139558762 0.044618014 -0.017877877 0.139475942 0.990064085 3.768094063
0.999834180 0.005925984 0.017219473 -0.008854963 -0.003465402 0.990207732 -0.139558762 0.044618014 -0.017877877 0.139475942 0.990064085 3.768094063
0.999834180 0.005925984 0.017219473 -0.008854963 -0.003465402 0.990207732 -0.139558762 0.044618014 -0.017877877 0.139475942 0.990064085 3.768094063
0.999834180 0.005925984 0.017219473 -0.008854963 -0.003465402 0.990207732 -0.139558762 0.044618014 -0.017877877 0.139475942 0.990064085 3.768094063
0.999834180 0.005925984 0.017219473 -0.008854963 -0.003465402 0.990207732 -0.139558762 0.044618014 -0.017877877 0.139475942 0.990064085 3.768094063
0.999834180 0.005925984 0.017219473 -0.008854963 -0.003465402 0.990207732 -0.139558762 0.044618014 -0.017877877 0.139475942 0.990064085 3.768094063
0.999834180 0.005925984 0.017219473 -0.008854963 -0.003465402 0.990207732 -0.139558762 0.044618014 -0.017877877 0.139475942 0.990064085 3.768094063
0.999834180 0.005925984 0.017219473 -0.008854963 -0.003465402 0.990207732 -0.139558762 0.044618014 -0.017877877 0.139475942 0.990064085 3.768094063
0.999834180 0.005925984 0.017219473 -0.008854963 -0.003465402 0.990207732 -0.139558762 0.044618014 -0.017877877 0.139475942 0.990064085 3.768094063
0.999834180 0.005925984 0.017219473 -0.008854963 -0.003465402 0.990207732 -0.139558762 0.044618014 -0.017877877 0.139475942 0.990064085 3.768094063
0.999834180 0.005925984 0.017219473 -0.008854963 -0.003465402 0.990207732 -0.139558762 0.044618014 -0.017877877 0.139475942 0.990064085 3.768094063
0.999834180 0.005925984 0.017219473 -0.008854963 -0.003465402 0.990207732 -0.139558762 0.044618014 -0.017877877 0.139475942 0.990064085 3.768094063
0.999834180 0.005925984 0.017219473 -0.008854963 -0.003465402 0.990207732 -0.139558762 0.044618014 -0.017877877 0.139475942 0.990064085 3.768094063
0.999834180 0.005925984 0.017219473 -0.008854963 -0.003465402 0.990207732 -0.139558762 0.044618014 -0.017877877 0.139475942 0.990064085 3.768094063
0.999834180 0.005925984 0.017219473 -0.008854963 -0.003465402 0.990207732 -0.139558762 0.044618014 -0.017877877 0.139475942 0.990064085 3.768094063
0.999834180 0.005925984 0.017219473 -0.008854963 -0.003465402 0.990207732 -0.139558762 0.044618014 -0.017877877 0.139475942 0.990064085 3.768094063
0.999834180 0.005925984 0.017219473 -0.008854963 -0.003465402 0.990207732 -0.139558762 0.044618014 -0.017877877 0.139475942 0.990064085 3.768094063
0.999834180 0.005925984 0.017219473 -0.008854963 -0.003465402 0.990207732 -0.139558762 0.044618014 -0.017877877 0.139475942 0.990064085 3.768094063
0.999834180 0.005925984 0.017219473 -0.008854963 -0.003465402 0.990207732 -0.139558762 0.044618014 -0.017877877 0.139475942 0.990064085 3.768094063
0.999834180 0.005925984 0.017219473 -0.008854963 -0.003465402 0.990207732 -0.139558762 0.044618014 -0.017877877 0.139475942 0.990064085 3.768094063
0.999834180 0.005925984 0.017219473 -0.008854963 -0.003465402 0.990207732 -0.139558762 0.044618014 -0.017877877 0.139475942 0.990064085 3.768094063
0.999834180 0.005925984 0.017219473 -0.008854963 -0.003465402 0.990207732 -0.139558762 0.044618014 -0.017877877 0.139475942 0.990064085 3.768094063
1.000000000 0.000000000 0.000000000 0.000000000 0.000000000 1.000000000 0.000000000 0.000000000 0.000000000 0.000000000 1.000000000 0.000000000
0.998696089 0.000743298 -0.051044609 -0.008368369 -0.000750498 0.999999702 -0.000121897 -0.000131242 0.051044505 0.000160047 0.998696387 -0.003366736
0.995247602 0.003104483 -0.097327121 -0.015514220 -0.003220782 0.999994278 -0.001037843 -0.000755419 0.097323336 0.001346381 0.995251894 -0.008149746
0.989143074 0.003476999 -0.146914646 -0.022583945 -0.003640160 0.999993026 -0.000841746 -0.000817779 0.146910682 0.001367400 0.989148796 -0.012490795
0.981127799 0.004643893 -0.193304509 -0.029332118 -0.005223186 0.999983251 -0.002487255 -0.000947305 0.193289727 0.003449980 0.981135666 -0.018077444
0.974739909 0.004638940 -0.223294899 -0.033519458 -0.005204832 0.999984562 -0.001945810 -0.000945247 0.223282412 0.003058871 0.974749029 -0.020801060
0.966295004 0.005330474 -0.257382035 -0.038903996 -0.006145075 0.999978304 -0.002360682 -0.000732875 0.257363886 0.003862747 0.966306865 -0.024237279
0.954401851 0.005201759 -0.298479497 -0.043811075 -0.006218044 0.999977648 -0.002455346 -0.000872463 0.298460066 0.004199346 0.954412878 -0.028989697
0.938932478 0.004176969 -0.344076127 -0.048751257 -0.003875121 0.999991238 0.001564932 -0.001794255 0.344079673 -0.000136029 0.938940465 -0.031935085
0.922026873 0.005087560 -0.387092382 -0.055176657 -0.006024185 0.999981105 -0.001206422 -0.000962944 0.387078911 0.003444270 0.922040164 -0.038602959
0.901784956 0.004904808 -0.432157189 -0.061057750 -0.005854677 0.999982476 -0.000867594 -0.000441514 0.432145387 0.003312524 0.901797891 -0.043830000
0.879411817 0.004874289 -0.476036817 -0.065918699 -0.005432369 0.999985218 0.000203613 -0.000925552 0.476030767 0.002406948 0.879425347 -0.049859207
0.855380356 0.005748839 -0.517968476 -0.071725085 -0.007128983 0.999974370 -0.000674366 -0.000395389 0.517951310 0.004269429 0.855399430 -0.056761567
0.828559935 0.005772701 -0.559870660 -0.076312654 -0.007016039 0.999975383 -0.000072606 -0.000573030 0.559856474 0.003988232 0.828580081 -0.063385315
0.800117493 0.005825637 -0.599815071 -0.081161216 -0.007290543 0.999973416 -0.000013018 -0.000498207 0.599799037 0.004383394 0.800138652 -0.070722014
0.768418312 0.005995407 -0.639919817 -0.084971838 -0.007400793 0.999972522 0.000481837 -0.000271162 0.639905095 0.004365661 0.768441558 -0.077119328
0.736473799 0.006237803 -0.676437378 -0.089352325 -0.008275053 0.999965727 0.000211740 -0.000195323 0.676415503 0.005441613 0.736500144 -0.085879542
0.686340630 0.006381848 -0.727252245 -0.094112195 -0.008144470 0.999966264 0.001088689 -0.000001064 0.727234602 0.005175872 0.686369419 -0.095985182
0.657339454 0.006967518 -0.753562450 -0.096982062 -0.008936641 0.999958992 0.001450213 0.000391758 0.753541648 0.005781034 0.657374740 -0.101833239
0.627713382 0.006533616 -0.778417110 -0.099023432 -0.008213710 0.999964714 0.001769655 0.000352138 0.778401196 0.005282857 0.627744913 -0.108230919
0.588109493 0.007054557 -0.808750629 -0.101561494 -0.008617255 0.999959826 0.002456114 0.000456839 0.808735490 0.005524746 0.588146627 -0.115843639
0.546048939 0.006700375 -0.837726474 -0.103041127 -0.007613012 0.999966383 0.003035684 0.000468388 0.837718666 0.004719989 0.546081662 -0.122891925
0.485005498 0.006630398 -0.874486029 -0.104754232 -0.007521110 0.999965906 0.003410452 0.000400928 0.874478817 0.004923017 0.485038877 -0.134459674
0.455983639 0.005494278 -0.889971197 -0.109434433 -0.006896609 0.999972761 0.002639847 0.003883411 0.889961421 0.004934056 0.456009090 -0.138897255
0.415595412 0.005694893 -0.909531772 -0.109975733 -0.007798254 0.999965966 0.002697851 0.004069706 0.909516156 0.005971545 0.415625632 -0.146299630
0.370162964 0.005123412 -0.928952694 -0.109919488 -0.007293639 0.999970019 0.002608769 0.004287536 0.928938210 0.005809776 0.370189250 -0.154518455
0.323828638 0.005399687 -0.946100295 -0.109601498 -0.007680601 0.999965787 0.003078219 0.003960439 0.946084499 0.006269804 0.323859036 -0.163084850
0.276419044 0.006554195 -0.961014926 -0.108665645 -0.008002374 0.999957800 0.004518046 0.003075358 0.961003959 0.006441526 0.276459813 -0.171294242
0.229306638 0.006462103 -0.973332882 -0.108047396 -0.008088391 0.999956071 0.004733321 0.003691570 0.973320723 0.006787314 0.229348838 -0.178693250
0.201281130 0.006204997 -0.979513824 -0.107511654 -0.008241476 0.999955297 0.004640940 0.003793280 0.979498863 0.007138506 0.201323271 -0.183844075
0.186418653 0.007414005 -0.982442439 -0.106618062 -0.008420678 0.999946833 0.005948277 0.002758148 0.982434332 0.007163962 0.186471164 -0.186325505
0.177685857 0.006132537 -0.984068215 -0.107340783 -0.006974595 0.999963343 0.004972241 0.003793508 0.984062552 0.005979979 0.177722096 -0.186413854
0.173714340 0.006042096 -0.984777510 -0.106347829 -0.007941607 0.999957263 0.004734335 0.003927486 0.984764040 0.006998294 0.173754930 -0.187132418
0.171344221 0.006127228 -0.985192239 -0.107603908 -0.007383775 0.999960542 0.004934894 0.004047918 0.985183597 0.006428871 0.171382725 -0.186946869
0.170307994 0.005814449 -0.985373735 -0.116855919 -0.006962458 0.999964714 0.004697185 0.004281600 0.985366285 0.006060656 0.170342445 -0.185316682
0.169637144 0.007007444 -0.985481739 -0.135072708 -0.008074186 0.999951065 0.005720470 0.003714596 0.985473573 0.006986558 0.169685423 -0.182474628
0.169485629 0.007382547 -0.985505104 -0.157321990 -0.007682501 0.999951482 0.006169542 0.002859335 0.985502839 0.006525494 0.169534147 -0.178270847
0.167923093 0.004871343 -0.985788107 -0.186687872 -0.006761073 0.999969959 0.003789715 0.005709065 0.985776961 0.006028604 0.167950988 -0.172597736
0.168183088 0.004812167 -0.985744119 -0.217962921 -0.006252116 0.999973178 0.003814923 0.005436335 0.985736012 0.005521380 0.168208718 -0.167013913
0.169149160 0.006038929 -0.985572040 -0.251180202 -0.007541126 0.999959886 0.004832839 0.005347951 0.985561669 0.006614851 0.169187963 -0.162289605
0.169114053 0.006177706 -0.985577166 -0.285973012 -0.007549534 0.999959111 0.004972438 0.005031162 0.985567629 0.006599738 0.169153750 -0.155795574
0.168777108 0.005854511 -0.985636830 -0.322827280 -0.007744603 0.999959350 0.004613425 0.004641411 0.985623777 0.006854726 0.168815613 -0.148977965
0.168243408 0.005809619 -0.985728383 -0.359728694 -0.007351195 0.999962211 0.004638813 0.004877405 0.985718131 0.006465831 0.168279767 -0.142460585
0.168320477 0.005357215 -0.985717833 -0.396880805 -0.007462918 0.999963522 0.004160275 0.005136173 0.985704124 0.006656071 0.168354332 -0.136244893
0.168941855 0.006357193 -0.985605657 -0.426379472 -0.008142604 0.999954104 0.005054024 0.004346934 0.985592484 0.007171559 0.168985844 -0.132121399
0.168920219 0.005524409 -0.985614300 -0.457161009 -0.007783432 0.999960601 0.004270852 0.005492331 0.985599041 0.006950028 0.168956518 -0.127128169
0.168952405 0.005585782 -0.985608399 -0.489555776 -0.007741208 0.999960601 0.004340127 0.005455517 0.985593855 0.006896525 0.168989003 -0.121623427
0.168173254 0.004986836 -0.985744953 -0.525490999 -0.007131997 0.999967158 0.003842029 0.006685322 0.985731721 0.006384203 0.168203294 -0.115344465
0.169019938 0.005663793 -0.985596299 -0.560045898 -0.007584173 0.999961376 0.004445732 0.005601078 0.985583425 0.006723515 0.169056356 -0.109292686
0.168912053 0.005644769 -0.985614955 -0.596522927 -0.007463024 0.999962270 0.004447945 0.005677670 0.985602856 0.006604356 0.168947816 -0.103496730
0.168527186 0.005744930 -0.985680282 -0.625267029 -0.007310348 0.999962807 0.004578283 0.005581301 0.985669911 0.006434101 0.168562949 -0.098351985
0.168514788 0.006440320 -0.985678077 -0.654467344 -0.007531718 0.999957860 0.005245974 0.005738455 0.985670328 0.006539824 0.168556213 -0.093473494
0.168152690 0.004572822 -0.985750496 -0.687245309 -0.006321928 0.999973655 0.003560386 0.006602517 0.985740840 0.005633153 0.168177187 -0.088113040
0.168396950 0.004719060 -0.985708058 -0.721949399 -0.006763131 0.999970555 0.003631938 0.006974879 0.985696137 0.006054865 0.168423891 -0.082533002
0.167977989 0.005604373 -0.985774815 -0.755843401 -0.006604790 0.999967813 0.004559594 0.006314478 0.985768616 0.005744924 0.168009579 -0.075939536
0.168431044 0.005432998 -0.985698462 -0.783556700 -0.007241928 0.999964654 0.004274168 0.006407712 0.985686839 0.006418455 0.168464422 -0.072050393
0.168865323 0.005793614 -0.985622168 -0.803005874 -0.007055010 0.999964237 0.004669193 0.006015197 0.985613942 0.006165109 0.168900132 -0.068886817
0.168824017 0.005928951 -0.985628486 -0.817394376 -0.007324453 0.999961853 0.004760599 0.006088019 0.985619068 0.006415484 0.168860972 -0.066766560
0.168497324 0.005189928 -0.985688508 -0.827930927 -0.006901155 0.999967813 0.004085402 0.006533402 0.985678017 0.006114008 0.168527722 -0.064528167
0.168201149 0.005804733 -0.985735595 -0.835006952 -0.006971526 0.999964654 0.004698936 0.005997540 0.985728025 0.006081716 0.168235660 -0.063312411
0.168419123 0.006006895 -0.985697150 -0.840606511 -0.007668695 0.999959171 0.004783513 0.006350357 0.985685647 0.006753376 0.168458283 -0.062293530
0.168193221 0.004464580 -0.985743999 -0.845044255 -0.006828449 0.999971032 0.003363907 0.007377288 0.985730469 0.006165315 0.168218851 -0.061443985
0.168660104 0.005059106 -0.985661387 -0.847125292 -0.007188475 0.999966562 0.003902484 0.006785065 0.985648215 0.006427207 0.168690801 -0.061381638
0.168126702 0.005464966 -0.985750258 -0.848968506 -0.007145488 0.999965131 0.004325059 0.006474752 0.985739470 0.006316509 0.168159902 -0.060655653
0.168166459 0.004830827 -0.985746920 -0.850793958 -0.007051080 0.999968290 0.003697620 0.006885367 0.985733569 0.006328763 0.168195188 -0.060616732
0.167892039 0.005272006 -0.985791445 -0.851466238 -0.006725889 0.999968529 0.004202325 0.006415407 0.985782564 0.005924785 0.167922199 -0.059939146
