1.000000000 0.000000000 0.000000000 0.000000000 0.000000000 1.000000000 0.000000000 0.000000000 0.000000000 0.000000000 1.000000000 0.000000000
1.000000000 -0.000000000 0.000000002 -0.000000003 0.000000000 1.000000000 -0.000000007 0.000000001 -0.000000002 0.000000007 1.000000000 -0.000000010
1.000000000 0.000000000 0.000000001 -0.000000005 -0.000000000 1.000000000 -0.000000012 0.000000002 -0.000000001 0.000000012 1.000000000 -0.000000012
1.000000000 -0.000000000 0.000000000 -0.000000003 0.000000000 1.000000000 -0.000000014 0.000000002 -0.000000000 0.000000014 1.000000000 -0.000000010
1.000000000 -0.000000001 0.000000001 -0.000000004 0.000000001 1.000000000 -0.000000009 0.000000001 -0.000000001 0.000000009 1.000000000 -0.000000010
1.000000000 -0.000000001 0.000000001 -0.000000004 0.000000001 1.000000000 -0.000000008 0.000000001 -0.000000001 0.000000008 1.000000000 -0.000000010
1.000000000 -0.000000001 0.000000002 -0.000000003 0.000000001 1.000000000 -0.000000007 0.000000001 -0.000000002 0.000000007 1.000000000 -0.000000010
1.000000000 -0.000000001 0.000000002 -0.000000004 0.000000001 1.000000000 -0.000000008 0.000000001 -0.000000002 0.000000008 1.000000000 -0.000000010
1.000000000 -0.000000001 0.000000001 -0.000000004 0.000000001 1.000000000 -0.000000009 0.000000001 -0.000000001 0.000000009 1.000000000 -0.000000010
1.000000000 -0.000000001 0.000000001 -0.000000004 0.000000001 1.000000000 -0.000000011 0.000000001 -0.000000001 0.000000011 1.000000000 -0.000000010
1.000000000 -0.000000001 0.000000001 -0.000000003 0.000000001 1.000000000 -0.000000008 0.000000001 -0.000000001 0.000000008 1.000000000 -0.000000009
1.000000000 -0.000000001 0.000000002 -0.000000003 0.000000001 1.000000000 -0.000000009 0.000000001 -0.000000002 0.000000009 1.000000000 -0.000000010
1.000000000 -0.000000001 0.000000002 -0.000000003 0.000000001 1.000000000 -0.000000009 0.000000001 -0.000000002 0.000000009 1.000000000 -0.000000010
1.000000000 -0.000000001 0.000000001 -0.000000004 0.000000001 1.000000000 -0.000000010 0.000000001 -0.000000001 0.000000010 1.000000000 -0.000000010
1.000000000 -0.000000002 0.000000001 -0.000000004 0.000000002 1.000000000 -0.000000010 0.000000001 -0.000000001 0.000000010 1.000000000 -0.000000010
1.000000000 -0.000000002 0.000000001 -0.000000004 0.000000002 1.000000000 -0.000000011 0.000000001 -0.000000001 0.000000011 1.000000000 -0.000000010
1.000000000 -0.000000002 0.000000001 -0.000000003 0.000000002 1.000000000 -0.000000010 0.000000002 -0.000000001 0.000000010 1.000000000 -0.000000009
1.000000000 -0.000000001 0.000000002 -0.000000004 0.000000001 1.000000000 -0.000000009 0.000000001 -0.000000002 0.000000009 1.000000000 -0.000000010
1.000000000 0.000000000 0.000000002 -0.000000004 -0.000000000 1.000000000 -0.000000007 0.000000001 -0.000000002 0.000000007 1.000000000 -0.000000010
1.000000000 0.000000002 0.000000002 -0.000000005 -0.000000002 1.000000000 -0.000000006 0.000000000 -0.000000002 0.000000006 1.000000000 -0.000000009
1.000000000 0.000000003 0.000000003 -0.000000005 -0.000000003 1.000000000 -0.000000005 -0.000000000 -0.000000003 0.000000005 1.000000000 -0.000000009
1.000000000 -0.000165500 -0.000117053 0.000070789 0.000165475 0.999999940 -0.000214842 0.000051236 0.000117088 0.000214823 0.999999940 0.000134070
0.999908209 0.004131597 0.012903301 -0.011586549 -0.004116062 0.999990761 -0.001230222 0.003687617 -0.012908264 0.001176998 0.999916017 0.010835296
0.999898076 0.003743211 0.013776646 -0.012243450 -0.003720737 0.999991715 -0.001656559 0.004341982 -0.013782733 0.001605131 0.999903738 0.021121548
0.999869168 0.004166094 0.015628025 -0.014203858 -0.004151104 0.999990880 -0.000991463 0.004864193 -0.015632013 0.000926460 0.999877393 0.037479836
0.999852419 0.004978549 0.016441319 -0.014656934 -0.004969402 0.999987483 -0.000597155 0.003895889 -0.016444085 0.000515364 0.999864638 0.054271791
0.999854088 0.005334363 0.016227378 -0.014013845 -0.005326713 0.999985695 -0.000514615 0.003132813 -0.016229890 0.000428101 0.999868214 0.076499954
0.999854624 0.004594345 0.016421147 -0.013640210 -0.004590876 0.999989450 -0.000248926 0.002796235 -0.016422115 0.000173503 0.999865115 0.095101513
0.999857664 0.004189710 0.016343182 -0.013688512 -0.004186019 0.999991179 -0.000260058 0.002617822 -0.016344128 0.000191608 0.999866426 0.110040016
0.999772131 0.006256836 0.020407857 -0.046568144 -0.006210770 0.999978006 -0.002319915 0.005272424 -0.020421924 0.002192638 0.999789059 0.142872944
0.999774456 0.006018054 0.020368304 -0.046058387 -0.005972869 0.999979556 -0.002278472 0.005521454 -0.020381600 0.002156301 0.999789953 0.165980190
0.999795854 0.006471574 0.019141428 -0.042617712 -0.006433469 0.999977171 -0.002051623 0.004891991 -0.019154269 0.001928058 0.999814689 0.186295509
0.999742746 0.003791824 0.022361159 -0.059402432 -0.003789358 0.999992788 -0.000152662 0.001403251 -0.022361577 0.000067889 0.999749959 0.216564581
0.999743879 0.003924065 0.022288486 -0.058884848 -0.003930470 0.999992251 0.000243551 0.000919571 -0.022287358 -0.000331093 0.999751568 0.242799476
0.999746621 0.003381362 0.022254720 -0.061851274 -0.003381024 0.999994278 -0.000052829 0.001866404 -0.022254772 -0.000022428 0.999752343 0.265195578
0.999641538 0.002544249 0.026651455 -0.069582708 -0.002511709 0.999996066 -0.001254363 0.003041612 -0.026654541 0.001186972 0.999643981 0.295830995
0.999687016 0.003498857 0.024771497 -0.062345222 -0.003431340 0.999990284 -0.002767538 0.005019006 -0.024780940 0.002681672 0.999689281 0.320177734
0.999677837 0.003471350 0.025141869 -0.061893273 -0.003424695 0.999992311 -0.001898507 0.004481236 -0.025148267 0.001811793 0.999682069 0.348280370
0.999700606 0.002954559 0.024289446 -0.062165216 -0.002947463 0.999995589 -0.000327926 0.003162932 -0.024290308 0.000256235 0.999704897 0.365396380
0.999752522 0.005195126 0.021630019 -0.058707036 -0.005157663 0.999985099 -0.001787409 0.003413745 -0.021638982 0.001675406 0.999764442 0.391704977
0.999762177 0.004715242 0.021290807 -0.058100749 -0.004681369 0.999987721 -0.001640557 0.003245230 -0.021298280 0.001540497 0.999771953 0.414792657
0.999626935 0.003627291 0.027071679 -0.062755696 -0.003626866 0.999993443 -0.000064815 0.002570495 -0.027071735 -0.000033395 0.999633491 0.429302365
0.999557912 0.003152184 0.029563859 -0.064822361 -0.003113838 0.999994278 -0.001342999 0.003751316 -0.029567923 0.001250348 0.999561965 0.452556789
0.999541223 0.002540092 0.030181341 -0.064793810 -0.002521052 0.999996603 -0.000668859 0.002850600 -0.030182937 0.000592463 0.999544203 0.477756560
0.999579489 0.004192360 0.028692078 -0.058075372 -0.004139715 0.999989629 -0.001893954 0.006146398 -0.028699720 0.001774380 0.999586523 0.505445063
0.999586463 0.003349480 0.028561138 -0.056889161 -0.003278889 0.999991477 -0.002518048 0.006384772 -0.028569328 0.002423357 0.999588847 0.534978032
0.999523640 0.003311537 0.030684216 -0.061471928 -0.003273378 0.999993801 -0.001293734 0.004373869 -0.030688310 0.001192676 0.999528289 0.558493078
0.999523282 0.003156972 0.030713065 -0.058972631 -0.003143325 0.999994934 -0.000492637 0.002284940 -0.030714465 0.000395861 0.999528110 0.583353877
0.999526501 0.002002579 0.030704008 -0.059146684 -0.001955538 0.999996841 -0.001562023 0.002863853 -0.030707039 0.001501241 0.999527276 0.611445487
0.999453127 0.003714928 0.032858621 -0.060857505 -0.003684333 0.999992728 -0.000991604 0.002410635 -0.032862067 0.000870000 0.999459505 0.638362586
0.999453783 0.003685823 0.032841332 -0.058017217 -0.003621723 0.999991417 -0.002011100 0.001848795 -0.032848462 0.001891059 0.999458551 0.670180976
0.999436319 0.002370545 0.033486888 -0.057737876 -0.002377086 0.999997139 0.000155517 0.001509238 -0.033486426 -0.000235031 0.999439120 0.698862493
0.999408960 0.002663980 0.034272321 -0.058408432 -0.002696946 0.999995947 0.000915698 0.000764256 -0.034269743 -0.001007587 0.999412119 0.726162434
0.999410450 0.003516908 0.034152407 -0.056442760 -0.003508175 0.999993801 -0.000315599 0.001277064 -0.034153305 0.000195601 0.999416590 0.741093338
0.999402463 0.003135846 0.034421656 -0.056594744 -0.003160083 0.999994814 0.000649746 0.001020965 -0.034419440 -0.000758133 0.999407172 0.757227004
0.999386966 0.003621952 0.034821521 -0.056313716 -0.003617226 0.999993443 -0.000198716 0.001320325 -0.034822013 0.000072637 0.999393523 0.769876122
0.999404848 0.002994123 0.034365300 -0.055164695 -0.003068074 0.999993086 0.002099385 -0.000980436 -0.034358777 -0.002203571 0.999407113 0.775960326
0.999369264 0.003263161 0.035361223 -0.056807335 -0.003240522 0.999994516 -0.000697521 0.001440534 -0.035363305 0.000582493 0.999374330 0.784328640
0.999404967 0.004044767 0.034254864 -0.055582121 -0.003996941 0.999990940 -0.001464541 0.002465687 -0.034260478 0.001326755 0.999412060 0.790235579
0.999389648 0.003862007 0.034718316 -0.055470891 -0.003818796 0.999991834 -0.001310847 0.002376277 -0.034723096 0.001177465 0.999396265 0.793487370
0.999378204 0.004083469 0.035021421 -0.055408753 -0.004049651 0.999991238 -0.001036508 0.001588960 -0.035025347 0.000894039 0.999386013 0.796854794
0.999384403 0.004008097 0.034853540 -0.055204641 -0.003969758 0.999991417 -0.001169131 0.002067639 -0.034857929 0.001030051 0.999391735 0.799598038
0.999395192 0.003217506 0.034625079 -0.056776252 -0.003239578 0.999994576 0.000581391 0.000558704 -0.034623019 -0.000693210 0.999400198 0.801608503
0.999388993 0.003500527 0.034776244 -0.056761060 -0.003520766 0.999993682 0.000520757 0.000154519 -0.034774199 -0.000642878 0.999395013 0.802896321
0.999384582 0.003126354 0.034938365 -0.056109935 -0.003139547 0.999994993 0.000322751 0.000367427 -0.034937181 -0.000432243 0.999389410 0.804018974
0.999398232 0.002889554 0.034566242 -0.056903787 -0.002895297 0.999995828 0.000116104 0.000859694 -0.034565762 -0.000216114 0.999402404 0.805347681
0.999409080 0.003183154 0.034225773 -0.055661242 -0.003197599 0.999994814 0.000367328 0.000612147 -0.034224425 -0.000476551 0.999414086 0.805896163
0.999397457 0.003387561 0.034543592 -0.055900756 -0.003406441 0.999994099 0.000487730 0.000560790 -0.034541737 -0.000605107 0.999403059 0.806471229
0.999374688 0.003508850 0.035184804 -0.057000015 -0.003534823 0.999993503 0.000675984 0.000539067 -0.035182204 -0.000799934 0.999380589 0.807670236
0.999382019 0.003160676 0.035008322 -0.056641232 -0.003173627 0.999994934 0.000314386 0.000651230 -0.035007149 -0.000425295 0.999386966 0.807461858
0.999378681 0.002996808 0.035118707 -0.057009589 -0.003006984 0.999995470 0.000236954 0.001041146 -0.035117839 -0.000342408 0.999383092 0.808400273
0.999371231 0.002979703 0.035331473 -0.057070386 -0.003014785 0.999994993 0.000939734 0.000340884 -0.035328500 -0.001045660 0.999375224 0.807991505
0.999374390 0.002998012 0.035239581 -0.056885343 -0.003033573 0.999994934 0.000955691 0.000436144 -0.035236537 -0.001061995 0.999378443 0.808310866
0.999375880 0.003232397 0.035176896 -0.056956884 -0.003246634 0.999994695 0.000347624 0.000864276 -0.035175584 -0.000461613 0.999381065 0.808743060
0.999365866 0.003303847 0.035454147 -0.057000097 -0.003314616 0.999994457 0.000244979 0.001047604 -0.035453144 -0.000362340 0.999371290 0.808840275
0.999361515 0.003429013 0.035563625 -0.057035711 -0.003452878 0.999993861 0.000609675 0.000505011 -0.035561316 -0.000732083 0.999367237 0.808587730
0.999362707 0.003348422 0.035538759 -0.057058051 -0.003382635 0.999993861 0.000902592 0.000286233 -0.035535518 -0.001022232 0.999367893 0.808324814
0.999359250 0.003299865 0.035639793 -0.057170834 -0.003332790 0.999994099 0.000864480 0.000556454 -0.035636730 -0.000982706 0.999364316 0.808449626
0.999360919 0.003239630 0.035597883 -0.057118326 -0.003273305 0.999994278 0.000887746 0.000403740 -0.035594802 -0.001003702 0.999365807 0.808577240
0.999360263 0.003097503 0.035628784 -0.057284724 -0.003116171 0.999995053 0.000468430 0.000727188 -0.035627156 -0.000579156 0.999364972 0.808462262
0.999361455 0.003266167 0.035581771 -0.057285756 -0.003282323 0.999994516 0.000395638 0.000837474 -0.035580285 -0.000512176 0.999366701 0.808697462
0.999360025 0.003185435 0.035627961 -0.057367645 -0.003197365 0.999994874 0.000277871 0.000906822 -0.035626892 -0.000391609 0.999365091 0.808609188
0.999361992 0.003371234 0.035555542 -0.057162020 -0.003389806 0.999994159 0.000462073 0.000717121 -0.035553776 -0.000582304 0.999367595 0.808643520
0.999361336 0.003224045 0.035588693 -0.057313334 -0.003237888 0.999994695 0.000331354 0.000719682 -0.035587434 -0.000446374 0.999366462 0.808608472
0.999361575 0.003175841 0.035586666 -0.057156112 -0.003187444 0.999994874 0.000269338 0.000742543 -0.035585631 -0.000382597 0.999366581 0.808622658
0.999359548 0.003365591 0.035626139 -0.057167154 -0.003379113 0.999994218 0.000319323 0.000844146 -0.035624858 -0.000439504 0.999365151 0.808633208
0.999359250 0.003334501 0.035636343 -0.057108898 -0.003347492 0.999994338 0.000304868 0.000826404 -0.035635125 -0.000423965 0.999364793 0.808699131
0.999358654 0.003276560 0.035658769 -0.057147350 -0.003287859 0.999994576 0.000258210 0.000940486 -0.035657730 -0.000375285 0.999364018 0.808661878
0.999360263 0.003334826 0.035608470 -0.057145860 -0.003344185 0.999994397 0.000203271 0.000909201 -0.035607591 -0.000322222 0.999365807 0.808620334
0.999359906 0.003275263 0.035623517 -0.057153150 -0.003283914 0.999994576 0.000184328 0.000888271 -0.035622720 -0.000301194 0.999365270 0.808637679
0.999359787 0.003341514 0.035621241 -0.057189628 -0.003352795 0.999994338 0.000256953 0.000823450 -0.035620179 -0.000376219 0.999365330 0.808569133
0.999358356 0.003347027 0.035659950 -0.057145048 -0.003358855 0.999994338 0.000271797 0.000861077 -0.035658836 -0.000391399 0.999363959 0.808633029
0.999359548 0.003294568 0.035631470 -0.057112079 -0.003306623 0.999994516 0.000279382 0.000827429 -0.035630357 -0.000397023 0.999364972 0.808622003
0.999358475 0.003299001 0.035661891 -0.057130788 -0.003311283 0.999994457 0.000285349 0.000835838 -0.035660751 -0.000403253 0.999363899 0.808629453
0.999359310 0.003336838 0.035635319 -0.057157092 -0.003348276 0.999994338 0.000261275 0.000833083 -0.035634246 -0.000380425 0.999364853 0.808617413
0.999358535 0.003337513 0.035656914 -0.057160616 -0.003348118 0.999994338 0.000237721 0.000867683 -0.035655919 -0.000356952 0.999364078 0.808645129
0.999359250 0.003334643 0.035637025 -0.057148419 -0.003345678 0.999994397 0.000250039 0.000849173 -0.035635993 -0.000369109 0.999364793 0.808635235
0.999358475 0.003339943 0.035657480 -0.057171773 -0.003351125 0.999994338 0.000253841 0.000850075 -0.035656430 -0.000373170 0.999364018 0.808625579
0.999360442 0.003325314 0.035603523 -0.057133660 -0.003335790 0.999994397 0.000234843 0.000852856 -0.035602544 -0.000353458 0.999365985 0.808625996
0.999363124 0.003259807 0.035534754 -0.057060044 -0.003270816 0.999994636 0.000251684 0.000859701 -0.035533741 -0.000367751 0.999368429 0.808611572
0.999359846 0.003330194 0.035621077 -0.057153367 -0.003341573 0.999994397 0.000259921 0.000846793 -0.035620008 -0.000378785 0.999365330 0.808640063
0.999358594 0.003372089 0.035651270 -0.057176609 -0.003384159 0.999994218 0.000278218 0.000844876 -0.035650127 -0.000398690 0.999364257 0.808643281
0.999363482 0.003293397 0.035522006 -0.057082325 -0.003301700 0.999994516 0.000175067 0.000900296 -0.035521235 -0.000292239 0.999368906 0.808632672
0.999359310 0.003346773 0.035634588 -0.057167955 -0.003356328 0.999994338 0.000208335 0.000899238 -0.035633691 -0.000327802 0.999364853 0.808657467
0.999358833 0.003358811 0.035645593 -0.057179235 -0.003368704 0.999994278 0.000217472 0.000877783 -0.035644658 -0.000337412 0.999364495 0.808651209
0.999358296 0.003365360 0.035660569 -0.057186566 -0.003375361 0.999994278 0.000220230 0.000885561 -0.035659626 -0.000340456 0.999363959 0.808656275
0.999358833 0.003367514 0.035645049 -0.057183173 -0.003377262 0.999994278 0.000213251 0.000882422 -0.035644125 -0.000333497 0.999364495 0.808651268
0.999363065 0.003292728 0.035532579 -0.057082027 -0.003301652 0.999994516 0.000192471 0.000898727 -0.035531752 -0.000309665 0.999368489 0.808636963
0.999359787 0.003325860 0.035622675 -0.057160851 -0.003334705 0.999994397 0.000188890 0.000896415 -0.035621848 -0.000307560 0.999365270 0.808653355
0.999358594 0.003339131 0.035654932 -0.057167124 -0.003350781 0.999994338 0.000266984 0.000858189 -0.035653837 -0.000386284 0.999364138 0.808605671
0.999363542 0.003253472 0.035523560 -0.057065848 -0.003263010 0.999994636 0.000210528 0.000877806 -0.035522684 -0.000326308 0.999368846 0.808584690
0.999359310 0.003320495 0.035636719 -0.057155225 -0.003331543 0.999994397 0.000250636 0.000876270 -0.035635687 -0.000369201 0.999364793 0.808610439
0.999358892 0.003332433 0.035647698 -0.057166580 -0.003343804 0.999994397 0.000259359 0.000855389 -0.035646632 -0.000378392 0.999364376 0.808604240
0.999363124 0.003273136 0.035533272 -0.057071097 -0.003283359 0.999994576 0.000229343 0.000878404 -0.035532329 -0.000345865 0.999368489 0.808587968
0.999375463 0.003168409 0.035194594 -0.056665599 -0.003190680 0.999994755 0.000576641 0.000367399 -0.035192579 -0.000688575 0.999380291 0.811463654
0.999393761 0.001967655 0.034760065 -0.054192781 -0.001934851 0.999997675 -0.000977328 0.001541519 -0.034761906 0.000909480 0.999395192 0.821618676
0.999392688 0.002165151 0.034778975 -0.053314339 -0.002139728 0.999997437 -0.000768193 0.001545784 -0.034780547 0.000693308 0.999394715 0.833571851
0.999379992 0.002921077 0.035086699 -0.054147758 -0.002947683 0.999995410 0.000706597 -0.000689134 -0.035084471 -0.000809584 0.999384046 0.848608732
0.999364197 0.003052092 0.035523746 -0.054385256 -0.003047682 0.999995351 -0.000178314 -0.000041345 -0.035524126 0.000069935 0.999368846 0.867183745
0.999364257 0.004945152 0.035307374 -0.050842199 -0.004926649 0.999987662 -0.000611020 0.000116597 -0.035309959 0.000436684 0.999376297 0.894438267
0.999385357 0.004066760 0.034819957 -0.049602129 -0.004022829 0.999991000 -0.001331615 0.000734443 -0.034825061 0.001190722 0.999392688 0.909788728
0.999357045 0.004508809 0.035568841 -0.049645435 -0.004466846 0.999989212 -0.001259159 0.000920619 -0.035574134 0.001099469 0.999366462 0.929677784
0.999370515 0.003984975 0.035251845 -0.048915096 -0.003996348 0.999991953 0.000252163 -0.000493666 -0.035250556 -0.000392883 0.999378443 0.948269784
0.999310017 0.004793826 0.036830336 -0.051883485 -0.004881276 0.999985456 0.002284844 -0.002215552 -0.036818851 -0.002463047 0.999318898 0.969262302
0.999336123 0.005020172 0.036085151 -0.049498420 -0.005070654 0.999986291 0.001307574 -0.001925305 -0.036078092 -0.001489681 0.999347866 1.008363008
0.999297321 0.005249884 0.037112683 -0.048795484 -0.005286788 0.999985635 0.000896296 -0.002878697 -0.037107445 -0.001091873 0.999310672 1.035271525
0.999303639 0.005709873 0.036872923 -0.048060920 -0.005740146 0.999983251 0.000715194 -0.002838594 -0.036868222 -0.000926352 0.999319732 1.069282055
0.999309361 0.004383691 0.036898877 -0.046601925 -0.004371517 0.999990344 -0.000410584 -0.000210167 -0.036900323 0.000248997 0.999318898 1.095339775
0.999305904 0.006625946 0.036657754 -0.045579456 -0.006663635 0.999977410 0.000906055 -0.003292862 -0.036650922 -0.001149700 0.999327481 1.125797629
0.999275863 0.005894578 0.037590124 -0.046833001 -0.005918470 0.999982357 0.000524343 -0.003138592 -0.037586372 -0.000746439 0.999293089 1.160787582
0.999307394 0.004699892 0.036913767 -0.035817612 -0.004685126 0.999988914 -0.000486513 -0.000566757 -0.036915645 0.000313231 0.999318361 1.183173895
0.999370098 0.007479773 0.034691125 -0.020675840 -0.007482204 0.999971986 -0.000059748 0.003516682 -0.034690600 -0.000199856 0.999398053 1.201248765
0.999406815 0.007773925 0.033549868 -0.017188599 -0.007787520 0.999969661 0.000274583 0.002660969 -0.033546712 -0.000535690 0.999437034 1.232628226
0.999361098 0.005627536 0.035295587 -0.016014736 -0.005634603 0.999984145 0.000100758 0.004656634 -0.035294458 -0.000299570 0.999376893 1.267190695
0.999382854 0.006292630 0.034559447 -0.013921225 -0.006324507 0.999979675 0.000813150 0.004344705 -0.034553628 -0.001031219 0.999402285 1.294800162
0.999375045 0.004052435 0.035115164 -0.012268592 -0.004116101 0.999989986 0.001740975 0.003915419 -0.035107758 -0.001884425 0.999381781 1.323417425
0.999358535 0.004362863 0.035544828 -0.012015884 -0.004409143 0.999989510 0.001223739 0.004213476 -0.035539117 -0.001379676 0.999367356 1.355076551
0.999335349 0.006987092 0.035777271 -0.006281303 -0.006995929 0.999975502 0.000121820 0.002747395 -0.035775546 -0.000372035 0.999359787 1.377972722
0.999339223 0.004106236 0.036115218 -0.006551372 -0.004045100 0.999990284 -0.001765703 0.007210467 -0.036122117 0.001618446 0.999346077 1.416413784
0.999293685 0.007703743 0.036780402 -0.004968797 -0.007642284 0.999969184 -0.001811280 0.004720556 -0.036793221 0.001528915 0.999321759 1.442565441
0.999304652 0.007400711 0.036543261 -0.003664287 -0.007320635 0.999970496 -0.002324583 0.005119226 -0.036559384 0.002055447 0.999329388 1.470153332
0.999291122 0.004924883 0.037322309 0.000332686 -0.005021802 0.999984264 0.002503522 -0.002051107 -0.037309393 -0.002689172 0.999300122 1.506964445
0.999307036 0.004458531 0.036953133 0.001375525 -0.004510787 0.999988914 0.001330881 -0.000687938 -0.036946788 -0.001496646 0.999316096 1.534958005
0.999276638 0.003347482 0.037881240 0.003673704 -0.003379823 0.999993980 0.000789754 0.000392583 -0.037878368 -0.000917215 0.999281943 1.572139502
0.999244153 0.003983439 0.038667910 0.002714305 -0.004037292 0.999991000 0.001314722 -0.000961101 -0.038662326 -0.001469842 0.999251246 1.598624825
0.999254048 0.003125517 0.038490660 0.004242315 -0.003189121 0.999993622 0.001591169 -0.000594163 -0.038485441 -0.001712733 0.999257684 1.626841187
0.999233782 0.003565812 0.038976800 0.005799923 -0.003610876 0.999992907 0.001085844 -0.000549636 -0.038972653 -0.001225753 0.999239504 1.654732585
0.999232709 0.004169596 0.038944058 0.006960821 -0.004242361 0.999989390 0.001785978 -0.000793223 -0.038936198 -0.001949822 0.999239802 1.686212778
0.999205530 0.003883086 0.039664552 0.007345952 -0.003871453 0.999992430 -0.000370100 0.000601860 -0.039665688 0.000216247 0.999212980 1.709708333
0.999241471 0.003324010 0.038799770 0.010576153 -0.003415512 0.999991536 0.002292256 -0.001272543 -0.038791824 -0.002423038 0.999244392 1.745005250
0.999224246 0.003752996 0.039201647 0.010834651 -0.003794028 0.999992311 0.000972353 -0.000715171 -0.039197695 -0.001120331 0.999230862 1.772945046
0.999193728 0.003567623 0.039989568 0.012603135 -0.003622677 0.999992609 0.001304340 -0.000466990 -0.039984617 -0.001448158 0.999199271 1.805593491
0.999160826 0.004067773 0.040757168 0.012186516 -0.004150552 0.999989510 0.001946590 -0.001339380 -0.040748820 -0.002114122 0.999167204 1.832865715
0.999181151 0.004563487 0.040202253 0.015397250 -0.004666825 0.999986053 0.002476983 -0.001236743 -0.040190388 -0.002662571 0.999188483 1.868443608
0.999130845 0.005299303 0.041345529 0.015567167 -0.005419294 0.999981403 0.002790607 -0.001646123 -0.041329972 -0.003012245 0.999141037 1.898757815
0.999161601 0.004314115 0.040712725 0.015821956 -0.004398505 0.999988377 0.001983466 -0.001125732 -0.040703695 -0.002160878 0.999168932 1.927402973
0.999193490 0.003577738 0.039994534 0.020490708 -0.003692250 0.999989271 0.002789693 -0.001096746 -0.039984126 -0.002935113 0.999195993 1.959044933
0.999072373 0.005349838 0.042728648 0.016882464 -0.005345576 0.999985695 -0.000213990 0.002687609 -0.042729180 -0.000014618 0.999086678 1.988884687
0.999115109 0.005462414 0.041702524 0.017994152 -0.005504050 0.999984443 0.000883671 0.000892921 -0.041697051 -0.001112422 0.999129653 2.015876532
0.999072611 0.005624006 0.042687926 0.017932173 -0.005700947 0.999982357 0.001680877 0.000613693 -0.042677719 -0.001922680 0.999087036 2.055026770
0.999046326 0.005328384 0.043336418 0.017611334 -0.005388454 0.999984682 0.001269428 0.001359183 -0.043328989 -0.001501733 0.999059737 2.087302923
0.999034643 0.005541359 0.043578099 0.018034434 -0.005513526 0.999984503 -0.000758864 0.003624902 -0.043581627 0.000517863 0.999049723 2.116440058
0.998998702 0.005628314 0.044383071 0.018258588 -0.005684571 0.999983191 0.001141424 0.001312248 -0.044375900 -0.001392580 0.999013960 2.148517609
0.998981774 0.006413954 0.044656906 0.018072488 -0.006486916 0.999977827 0.001489115 0.001294221 -0.044646367 -0.001777284 0.999001265 2.181544065
0.998943269 0.007607727 0.045326009 0.019408178 -0.007640238 0.999970675 0.000544084 0.003547670 -0.045320541 -0.000889811 0.998972118 2.210100889
0.998917699 0.006333337 0.046079420 0.018190140 -0.006406280 0.999978423 0.001435477 0.002204351 -0.046069335 -0.001729121 0.998936772 2.245304585
0.998883128 0.007341239 0.046674959 0.020799130 -0.007369630 0.999972761 0.000436207 0.003043256 -0.046670485 -0.000779697 0.998910010 2.273288727
0.998910844 0.005965206 0.046277113 0.021273768 -0.005989478 0.999981999 0.000385844 0.003348603 -0.046273977 -0.000662599 0.998928547 2.310557127
0.998897195 0.006370264 0.046517052 0.023440698 -0.006409700 0.999979198 0.000698670 0.003036464 -0.046511631 -0.000996060 0.998917222 2.342745781
0.998866022 0.005351547 0.047307990 0.023916228 -0.005471094 0.999982178 0.002397868 0.000959094 -0.047294311 -0.002653975 0.998877466 2.373895645
0.998878717 0.005140177 0.047063101 0.025276665 -0.005269055 0.999982715 0.002614774 0.000235269 -0.047048848 -0.002859820 0.998888493 2.400984287
0.998814821 0.006273447 0.048266321 0.024065861 -0.006356625 0.999978542 0.001570012 0.001760963 -0.048255436 -0.001874962 0.998833239 2.429427862
0.998821080 0.006559221 0.048098285 0.025758931 -0.006649485 0.999976397 0.001716890 0.001341669 -0.048085891 -0.002034695 0.998841107 2.460825920
0.998839498 0.005890089 0.047801528 0.029307486 -0.005941139 0.999981940 0.000925957 0.003445222 -0.047795210 -0.001208878 0.998856425 2.492700815
0.998851717 0.005473858 0.047594976 0.032080509 -0.005568852 0.999982774 0.001863502 0.002849552 -0.047583956 -0.002126411 0.998865008 2.525318861
0.998833477 0.006516290 0.047846276 0.034478955 -0.006639036 0.999975085 0.002406950 0.001228913 -0.047829401 -0.002721796 0.998851836 2.551947117
0.998825312 0.006573486 0.048008703 0.036138859 -0.006641814 0.999977171 0.001263847 0.002140132 -0.047999296 -0.001581227 0.998846114 2.587961912
0.998806059 0.007093653 0.048333947 0.037197586 -0.007167096 0.999973416 0.001346354 0.002024896 -0.048323110 -0.001691161 0.998830318 2.615864515
0.998786509 0.006853517 0.048770811 0.039722979 -0.006973145 0.999973059 0.002283137 0.001342124 -0.048753850 -0.002620452 0.998807371 2.650525331
0.998760521 0.006541400 0.049342502 0.041852292 -0.006691646 0.999973476 0.002880391 0.001458130 -0.049322352 -0.003207003 0.998777747 2.687148094
0.998795509 0.007223526 0.048531972 0.044578690 -0.007344920 0.999970317 0.002323441 0.001650574 -0.048513748 -0.002677106 0.998818934 2.714523077
0.998820424 0.007180992 0.048022415 0.048105799 -0.007349626 0.999967456 0.003335916 0.000365185 -0.047996897 -0.003684928 0.998840690 2.745801687
0.998785675 0.007234582 0.048732780 0.047662381 -0.007459188 0.999962389 0.004428651 -0.000502797 -0.048698906 -0.004786780 0.998802006 2.772824287
0.998780012 0.007016778 0.048880190 0.050330281 -0.007191346 0.999968350 0.003396404 0.000778727 -0.048854813 -0.003743775 0.998798847 2.809640408
0.998825610 0.009235617 0.047562182 0.064047568 -0.009444864 0.999946654 0.004176596 -0.000037753 -0.047521073 -0.004620909 0.998859525 2.840516090
0.998780370 0.009561965 0.048439451 0.066542864 -0.009743463 0.999946356 0.003512155 0.000595932 -0.048403271 -0.003979840 0.998819947 2.871678829
0.998781383 0.009657609 0.048398711 0.068655983 -0.009882487 0.999941468 0.004409227 -0.000086326 -0.048353292 -0.004882154 0.998818338 2.898881197
0.998840451 0.011688109 0.046702150 0.074855544 -0.011809298 0.999927580 0.002319871 0.001842282 -0.046671655 -0.002868700 0.998906195 2.932459593
0.998702288 0.010031577 0.049931105 0.071037844 -0.010217293 0.999941826 0.003465595 0.001465892 -0.049893435 -0.003971259 0.998746634 2.960974455
0.998812020 0.010557572 0.047571607 0.081285559 -0.010786791 0.999931395 0.004564262 -0.000149768 -0.047520157 -0.005071985 0.998857379 2.994652510
0.998856604 0.006484769 0.047364324 0.083434813 -0.006699961 0.999967933 0.004385987 0.000279540 -0.047334366 -0.004698312 0.998868048 3.020837069
0.998758495 0.010819280 0.048625406 0.084898092 -0.011083188 0.999925256 0.005161015 -0.000456143 -0.048565935 -0.005693533 0.998803735 3.056455612
0.998838961 0.006826591 0.047687862 0.091589816 -0.007082641 0.999961376 0.005202374 -0.001049115 -0.047650505 -0.005534090 0.998848736 3.090866566
0.998851359 0.008296884 0.047191944 0.094151385 -0.008651994 0.999935746 0.007325513 -0.003090457 -0.047128133 -0.007725403 0.998858988 3.121952772
0.998893738 0.008472545 0.046255071 0.098299675 -0.008689197 0.999952197 0.004484798 -0.000274654 -0.046214864 -0.004881756 0.998919606 3.150826693
0.998841405 0.008378580 0.047387786 0.098164424 -0.008578276 0.999955177 0.004012282 0.000109431 -0.047352042 -0.004414139 0.998868525 3.183450937
0.998882592 0.009394743 0.046317723 0.099932753 -0.009669198 0.999936998 0.005704985 -0.001791099 -0.046261206 -0.006146465 0.998910487 3.206698895
0.998817742 0.008485234 0.047865134 0.107238702 -0.008823512 0.999937534 0.006860452 -0.001192259 -0.047803931 -0.007274680 0.998830259 3.233010769
0.998822391 0.008258505 0.047808010 0.108631313 -0.008575527 0.999942541 0.006429838 -0.000857683 -0.047752164 -0.006832245 0.998835862 3.260219097
0.998825669 0.008805199 0.047641370 0.110494144 -0.009132612 0.999936104 0.006659161 0.000181175 -0.047579691 -0.007086431 0.998842299 3.287774801
0.998889923 0.014793008 0.044722930 0.135377750 -0.015252225 0.999834239 0.009944290 -0.003619137 -0.044568408 -0.010615375 0.998949945 3.318207026
0.998899519 0.014490951 0.044606257 0.136484489 -0.014934451 0.999842167 0.009625410 -0.002829983 -0.044459738 -0.010280987 0.998958290 3.347045183
0.999003649 0.015927477 0.041689001 0.154269829 -0.016466105 0.999784946 0.012608827 -0.008566164 -0.041479211 -0.013282720 0.999051094 3.376846075
0.999103963 0.016193496 0.039102372 0.168308988 -0.016823122 0.999733210 0.015826987 -0.012668433 -0.038835645 -0.016470630 0.999109864 3.397187948
0.999121785 0.015624961 0.038878165 0.169560462 -0.016242495 0.999746084 0.015618957 -0.010522415 -0.038624246 -0.016236719 0.999121904 3.430181742
0.998963594 0.015820142 0.042678799 0.161299869 -0.016304662 0.999806225 0.011028576 -0.008434356 -0.042496055 -0.011713009 0.999027967 3.494287729
0.998911321 0.015856605 0.043872543 0.161546513 -0.016321575 0.999814153 0.010260337 -0.007189446 -0.043701693 -0.010965236 0.998984456 3.531090975
0.998926222 0.018557005 0.042450093 0.172258303 -0.018736096 0.999817133 0.003824856 0.001933150 -0.042371351 -0.004616098 0.999091268 3.573370934
0.998954237 0.018342860 0.041880164 0.173241764 -0.018472377 0.999825716 0.002707669 0.003509065 -0.041823197 -0.003478463 0.999118984 3.601036549
0.999090552 0.020965731 0.037127942 0.190601304 -0.021174639 0.999762058 0.005242425 -0.003042387 -0.037009198 -0.006023828 0.999296784 3.633573771
0.999367118 0.021768833 0.028133424 0.214608014 -0.021835217 0.999759495 0.002054561 0.000855711 -0.028081931 -0.002667560 0.999602079 3.670884371
0.999415457 0.020808075 0.027125208 0.221461833 -0.020850224 0.999781787 0.001271989 0.000682515 -0.027092820 -0.001836812 0.999631226 3.702454090
0.999435663 0.021373775 0.025913231 0.223494977 -0.021428263 0.999768734 0.001826814 0.000903553 -0.025868192 -0.002381059 0.999662519 3.732678652
0.999176741 0.019184899 0.035746470 0.199671015 -0.019481841 0.999778390 0.007977132 -0.006645766 -0.035585508 -0.008666972 0.999329031 3.752135277
0.999056995 0.017149847 0.039886720 0.190050840 -0.017329536 0.999841154 0.004163616 0.000030770 -0.039808977 -0.004850908 0.999195516 3.791363955
0.999077678 0.015058628 0.040211990 0.187697187 -0.015281647 0.999869466 0.005244459 -0.001216223 -0.040127765 -0.005854127 0.999177396 3.822536945
0.999047518 0.015139052 0.040925629 0.189026013 -0.015360666 0.999868989 0.005106034 0.000140693 -0.040842969 -0.005729815 0.999149144 3.854394197
0.999067903 0.014882727 0.040518995 0.189786151 -0.015089695 0.999874592 0.004806899 0.001094864 -0.040442374 -0.005413838 0.999167204 3.886747122
0.999028385 0.014109254 0.041752245 0.186933592 -0.014383065 0.999876916 0.006264858 -0.001906744 -0.041658714 -0.006859296 0.999108374 3.917483568
0.998915315 0.012979837 0.044717848 0.183588177 -0.013338564 0.999881148 0.007732972 -0.002636176 -0.044612162 -0.008321056 0.998969734 3.949160337
0.998922229 0.012794557 0.044617623 0.183967128 -0.013188330 0.999876559 0.008542349 -0.003292551 -0.044502821 -0.009121574 0.998967588 3.972803593
0.998923838 0.013546956 0.044358235 0.186232656 -0.013891284 0.999875665 0.007463392 -0.002436449 -0.044251613 -0.008071553 0.998987794 4.004755974
0.998844445 0.013040780 0.046256974 0.183985606 -0.013406876 0.999881148 0.007612984 -0.001610164 -0.046152197 -0.008224349 0.998900592 4.038506508
0.998821199 0.012835750 0.046812870 0.183973253 -0.013202981 0.999884367 0.007543890 -0.002338990 -0.046710625 -0.008153066 0.998875201 4.070049286
0.998768091 0.013582922 0.047725834 0.185570195 -0.013892945 0.999884427 0.006170196 0.000294402 -0.047636509 -0.006825648 0.998841405 4.098450661
0.998345315 0.011121326 0.056417488 0.156912878 -0.011439333 0.999920428 0.005316856 0.003262696 -0.056353867 -0.005953436 0.998393118 4.141122341
0.998299420 0.011390296 0.057171464 0.157165051 -0.011754113 0.999912739 0.006031371 0.002981653 -0.057097778 -0.006693114 0.998346150 4.168444157
0.998354912 0.011178512 0.056236021 0.161805376 -0.011467305 0.999922633 0.004815284 0.004307608 -0.056177843 -0.005452238 0.998405874 4.200202942
0.997720242 0.008030968 0.067006566 0.129873753 -0.008009857 0.999967754 -0.000583700 0.016669370 -0.067009091 0.000045656 0.997752368 4.251763344
0.997713268 0.007776704 0.067139529 0.132037759 -0.007798567 0.999969602 0.000063558 0.016330272 -0.067136988 -0.000587005 0.997743607 4.278725147
0.997740269 0.006855468 0.066838041 0.134489432 -0.006879118 0.999976337 0.000123695 0.016180636 -0.066835612 -0.000583202 0.997763813 4.311851978
0.997487605 0.007862434 0.070403658 0.126836136 -0.007936564 0.999968231 0.000773267 0.015881572 -0.070395336 -0.001330087 0.997518301 4.340286255
0.997441888 0.007925180 0.071041040 0.128749847 -0.007980809 0.999968052 0.000499244 0.016081968 -0.071034819 -0.001064931 0.997473240 4.371843815
0.997494102 0.008066342 0.070288390 0.131439731 -0.008071717 0.999967396 -0.000207553 0.016910926 -0.070287772 -0.000360315 0.997526705 4.396232605
0.997343361 0.007116153 0.072495624 0.127686784 -0.007244663 0.999972641 0.001509856 0.014942720 -0.072482899 -0.002031051 0.997367561 4.429680824
0.997365892 0.006157556 0.072272852 0.130242378 -0.006255914 0.999979794 0.001134637 0.014784236 -0.072264403 -0.001583781 0.997384250 4.457404613
0.997161090 0.007400693 0.074933119 0.128240287 -0.007606796 0.999968052 0.002465466 0.013695428 -0.074912481 -0.003028468 0.997185528 4.488773823
0.997223556 0.006477518 0.074183308 0.130520970 -0.006762411 0.999970675 0.003589855 0.012397616 -0.074157879 -0.004081546 0.997238159 4.515330315
0.997096241 0.007546238 0.075776711 0.126653641 -0.007750202 0.999967098 0.002397940 0.014177611 -0.075756125 -0.002978262 0.997121930 4.546667576
0.997079492 0.007486791 0.076002680 0.128970221 -0.007742283 0.999965310 0.003067532 0.012991048 -0.075977080 -0.003647007 0.997102916 4.573885441
0.996833146 0.007651898 0.079152331 0.123171166 -0.007820005 0.999967754 0.001814081 0.014799916 -0.079135902 -0.002427307 0.996860862 4.604015350
0.996673644 0.007069996 0.081189238 0.120669425 -0.007305763 0.999969900 0.002607216 0.014106870 -0.081168361 -0.003191692 0.996695280 4.638944626
0.996759534 0.007407293 0.080097541 0.125498384 -0.007690624 0.999965191 0.003229404 0.013077003 -0.080070831 -0.003834939 0.996781826 4.666863918
0.996370852 0.005101876 0.084965430 0.111859001 -0.005531565 0.999973059 0.004822576 0.010711065 -0.084938541 -0.005275066 0.996372223 4.702637196
0.996349454 0.004416949 0.085253768 0.115425825 -0.004821468 0.999978065 0.004539567 0.011642555 -0.085231848 -0.004934043 0.996348917 4.740093708
0.996323824 0.004804786 0.085532315 0.116931833 -0.005237050 0.999974608 0.004830141 0.011746538 -0.085506938 -0.005260321 0.996323705 4.767599583
0.996318936 0.004862237 0.085585579 0.120824762 -0.005299854 0.999974012 0.004886733 0.012113034 -0.085559592 -0.005322336 0.996318817 4.807758331
0.996025026 0.005638359 0.088895373 0.114056438 -0.006097874 0.999969423 0.004898431 0.011950610 -0.088865034 -0.005421033 0.996028900 4.836595058
0.995997310 0.005334103 0.089224078 0.117303394 -0.005647922 0.999978721 0.003265106 0.013257903 -0.089204766 -0.003755968 0.996006250 4.868168354
0.996083677 0.005777839 0.088226505 0.120575249 -0.006202549 0.999970436 0.004540469 0.011107258 -0.088197663 -0.005069917 0.996090114 4.898121357
0.995714724 0.004859203 0.092350557 0.111997709 -0.005303245 0.999975502 0.004563426 0.012223814 -0.092326120 -0.005033628 0.995716095 4.934531689
0.995727181 0.004454044 0.092236325 0.114941120 -0.004844405 0.999980211 0.004008723 0.013464828 -0.092216648 -0.004438425 0.995729089 4.961675644
0.995384932 0.007115358 0.095698781 0.111236326 -0.007401076 0.999969125 0.002630963 0.015630493 -0.095677115 -0.003327095 0.995406866 4.992183208
0.995488346 0.006684173 0.094648354 0.116332054 -0.007124932 0.999965310 0.004319620 0.014614586 -0.094616190 -0.004974494 0.995501399 5.026772499
0.995119572 0.007244324 0.098410279 0.108035177 -0.007634244 0.999964416 0.003586206 0.014438593 -0.098380797 -0.004319992 0.995139480 5.059195518
0.995108068 0.007989447 0.098468810 0.111906409 -0.008523088 0.999951184 0.004999930 0.014301915 -0.098424055 -0.005814729 0.995127559 5.090458393
0.995198429 0.007369317 0.097600006 0.117516108 -0.007918034 0.999954939 0.005235957 0.014056211 -0.097557016 -0.005983616 0.995211959 5.120836258
0.994580805 0.009223360 0.103556260 0.109561965 -0.009840136 0.999936759 0.005446651 0.014649280 -0.103499472 -0.006436143 0.994608700 5.157834530
0.994530857 0.009491669 0.104010835 0.112493873 -0.010043789 0.999938130 0.004785806 0.015216076 -0.103958972 -0.005804295 0.994564652 5.189652443
0.994657576 0.008917200 0.102843598 0.117252439 -0.009505529 0.999941111 0.005231936 0.014982255 -0.102790892 -0.006181568 0.994683802 5.220381260
0.994611740 0.009511994 0.103232846 0.120129168 -0.010093879 0.999935985 0.005115665 0.016273040 -0.103177577 -0.006130120 0.994644046 5.248093128
0.994599521 0.008687651 0.103423089 0.122538738 -0.009181892 0.999948561 0.004303697 0.015889086 -0.103380382 -0.005230075 0.994628131 5.280195713
0.993680775 0.006874244 0.112032317 0.098382510 -0.007681646 0.999947548 0.006776797 0.009818041 -0.111979857 -0.007594565 0.993681431 5.316208839
0.993652880 0.006041943 0.112327531 0.100741692 -0.006765194 0.999958754 0.006058719 0.010755033 -0.112286292 -0.006780181 0.993652761 5.347767353
0.993744493 0.005911547 0.111520857 0.105506860 -0.006681239 0.999956369 0.006529321 0.011123534 -0.111477390 -0.007233575 0.993740618 5.377825737
0.993656576 0.006522025 0.112268023 0.106412828 -0.007303414 0.999951899 0.006550163 0.011579233 -0.112219900 -0.007328553 0.993656397 5.411576748
0.992861092 0.004268035 0.119199827 0.088750817 -0.005422457 0.999941468 0.009362104 0.005107435 -0.119152896 -0.009941625 0.992826164 5.440051556
0.992868364 0.004241853 0.119140521 0.093587875 -0.005381688 0.999942780 0.009247045 0.005305070 -0.119094476 -0.009822275 0.992834330 5.475261688
0.992839873 0.003533714 0.119400531 0.097457893 -0.004490904 0.999959886 0.007748506 0.006858233 -0.119368367 -0.008229243 0.992815912 5.508648396
0.992715478 0.004926750 0.120381713 0.099236831 -0.006076565 0.999939322 0.009186189 0.005518296 -0.120329157 -0.009850779 0.992685199 5.540371895
