1.000000000000000000e+00 -1.387779999999999868e-17 3.469449999999999670e-18 -4.440890000000000164e-16 1.907229999999999894e-19 9.984880000000000422e-01 5.497219999999999884e-02 1.110219999999999998e-16 3.464200000000000025e-18 -5.497219999999999884e-02 9.984880000000000422e-01 -5.000000000000000971e-02
1.000000000000000000e+00 -2.842930000000000240e-04 3.397359999999999877e-04 1.623550000000000134e-04 2.650190000000000184e-04 9.984619999999999607e-01 5.544469999999999954e-02 6.753510000000000329e-05 -3.549760000000000111e-04 -5.544459999999999666e-02 9.984619999999999607e-01 -4.994551040000000386e-02
1.000000000000000000e+00 8.468409999999999783e-05 7.341649999999999478e-04 2.364839999999999943e-04 -1.263340000000000003e-04 9.983790000000000164e-01 5.691849999999999687e-02 1.003129999999999999e-04 -7.281549999999999698e-04 -5.691849999999999687e-02 9.983790000000000164e-01 -4.995220680000000274e-02
9.999989999999999712e-01 -1.126300000000000001e-03 5.607690000000000244e-04 -2.498490000000000129e-04 1.093110000000000002e-03 9.984290000000000109e-01 5.602920000000000122e-02 1.457359999999999884e-04 -6.229929999999999626e-04 -5.602850000000000191e-02 9.984290000000000109e-01 -5.006930120000000622e-02
9.999989999999999712e-01 -1.258219999999999998e-03 5.005740000000000493e-04 3.378829999999999768e-04 1.228090000000000041e-03 9.984180000000000277e-01 5.621269999999999739e-02 4.776910000000000314e-05 -5.705089999999999684e-04 -5.621199999999999808e-02 9.984189999999999454e-01 -4.985973800000000067e-02
1.000000000000000000e+00 -5.650040000000000270e-04 5.171509999999999822e-04 4.861469999999999789e-04 5.348689999999999911e-04 9.984009999999999829e-01 5.652469999999999717e-02 1.415509999999999937e-05 -5.482599999999999583e-04 -5.652440000000000242e-02 9.984009999999999829e-01 -4.980957300000000282e-02
1.000000000000000000e+00 -4.794660000000000068e-04 3.173450000000000186e-04 9.222460000000000466e-05 4.610789999999999811e-04 9.984530000000000349e-01 5.560339999999999727e-02 3.982779999999999838e-05 -3.435140000000000047e-04 -5.560330000000000134e-02 9.984530000000000349e-01 -4.995687380000000261e-02
9.999989999999999712e-01 -1.311260000000000073e-03 2.952210000000000251e-04 -4.782739999999999951e-04 1.292830000000000021e-03 9.984549999999999814e-01 5.555000000000000215e-02 1.268780000000000005e-04 -3.676050000000000151e-04 -5.554950000000000165e-02 9.984560000000000102e-01 -5.020477100000000220e-02
1.000000000000000000e+00 -1.632150000000000018e-04 2.601950000000000118e-04 -1.275199999999999988e-04 1.485339999999999978e-04 9.984610000000000429e-01 5.545619999999999716e-02 9.076680000000000653e-05 -2.688459999999999938e-04 -5.545619999999999716e-02 9.984610000000000429e-01 -5.008243220000000578e-02
9.999989999999999712e-01 -1.204980000000000027e-03 1.902790000000000124e-04 -3.103830000000000131e-04 1.192640000000000020e-03 9.984750000000000014e-01 5.519460000000000338e-02 1.249749999999999884e-04 -2.564970000000000075e-04 -5.519430000000000169e-02 9.984760000000000302e-01 -5.010701800000000317e-02
9.999980000000000535e-01 -1.895200000000000096e-03 6.443910000000000447e-05 -7.235679999999999543e-04 1.888829999999999979e-03 9.984990000000000254e-01 5.473829999999999668e-02 1.489299999999999988e-04 -1.680820000000000079e-04 -5.473800000000000193e-02 9.985009999999999719e-01 -5.028917400000000593e-02
1.000000000000000000e+00 6.485930000000000428e-05 7.752710000000000113e-04 5.324390000000000026e-04 -1.101689999999999950e-04 9.982820000000000027e-01 5.858710000000000306e-02 6.543169999999999900e-05 -7.701389999999999798e-04 -5.858710000000000306e-02 9.982820000000000027e-01 -4.979694800000000060e-02
1.000000000000000000e+00 -7.343609999999999981e-04 -1.142530000000000054e-05 -5.334730000000000337e-05 7.338779999999999826e-04 9.984859999999999847e-01 5.500789999999999846e-02 4.885920000000000139e-05 -2.898770000000000030e-05 -5.500789999999999846e-02 9.984859999999999847e-01 -4.999976642099999979e-02
9.999989999999999712e-01 -1.036889999999999947e-03 3.181680000000000207e-04 1.051559999999999941e-04 1.017740000000000051e-03 9.984739999999999727e-01 5.521650000000000169e-02 6.520550000000000445e-05 -3.749359999999999759e-04 -5.521620000000000000e-02 9.984739999999999727e-01 -4.995510270000000363e-02
1.000000000000000000e+00 -4.692450000000000245e-04 2.954109999999999809e-04 3.098789999999999921e-04 4.521370000000000250e-04 9.984600000000000142e-01 5.546720000000000123e-02 1.521499999999999917e-05 -3.209840000000000154e-04 -5.546709999999999835e-02 9.984600000000000142e-01 -4.985631000000000090e-02
1.000000000000000000e+00 -2.761829999999999949e-04 4.066380000000000190e-04 -1.475840000000000019e-04 2.529400000000000008e-04 9.984260000000000357e-01 5.609080000000000316e-02 1.611000000000000127e-04 -4.214889999999999891e-04 -5.609070000000000028e-02 9.984260000000000357e-01 -5.009048390000000323e-02
1.000000000000000000e+00 6.248399999999999332e-05 4.800720000000000074e-04 3.025840000000000154e-06 -8.920209999999999760e-05 9.984389999999999654e-01 5.585749999999999743e-02 1.057119999999999935e-04 -4.758319999999999802e-04 -5.585749999999999743e-02 9.984389999999999654e-01 -5.002282390000000606e-02
9.999989999999999712e-01 -1.236179999999999918e-03 6.805210000000000122e-04 -6.483419999999999667e-05 1.194860000000000063e-03 9.983330000000000259e-01 5.770089999999999941e-02 1.737270000000000123e-04 -7.507149999999999978e-04 -5.770000000000000129e-02 9.983340000000000547e-01 -5.004425670000000465e-02
9.999989999999999712e-01 -1.146270000000000015e-03 1.397860000000000064e-04 -4.313160000000000019e-04 1.136700000000000037e-03 9.984450000000000269e-01 5.572740000000000332e-02 1.128699999999999951e-04 -2.034469999999999920e-04 -5.572719999999999757e-02 9.984459999999999447e-01 -5.016104400000000185e-02
1.000000000000000000e+00 1.854369999999999933e-04 1.642530000000000010e-04 4.653379999999999821e-04 -1.943690000000000088e-04 9.984220000000000317e-01 5.616129999999999733e-02 -8.487290000000000185e-06 -1.535800000000000034e-04 -5.616129999999999733e-02 9.984220000000000317e-01 -4.980736900000000411e-02
1.000000000000000000e+00 -2.219850000000000100e-04 1.618079999999999931e-04 2.495810000000000216e-04 2.127590000000000004e-04 9.984889999999999599e-01 5.494659999999999822e-02 4.235710000000000142e-05 -1.737610000000000055e-04 -5.494650000000000228e-02 9.984889999999999599e-01 -4.991728380000000354e-02
1.000000000000000000e+00 -2.206510000000000123e-04 -7.745869999999999752e-05 1.171289999999999961e-04 2.246179999999999965e-04 9.984520000000000062e-01 5.562849999999999739e-02 1.752580000000000083e-05 6.506430000000000655e-05 -5.562860000000000027e-02 9.984520000000000062e-01 -4.998107790000000383e-02
1.000000000000000000e+00 1.014140000000000018e-04 3.125359999999999770e-04 5.945479999999999868e-05 -1.187210000000000039e-04 9.984370000000000189e-01 5.588289999999999924e-02 8.666660000000000130e-05 -3.063809999999999928e-04 -5.588289999999999924e-02 9.984370000000000189e-01 -5.001194990000000506e-02
1.000000000000000000e+00 1.482140000000000009e-04 2.038499999999999947e-04 -2.534019999999999838e-05 -1.592540000000000036e-04 9.984709999999999974e-01 5.527030000000000137e-02 7.870200000000000644e-05 -1.953459999999999962e-04 -5.527030000000000137e-02 9.984709999999999974e-01 -5.003286090000000352e-02
1.000000000000000000e+00 1.393429999999999972e-04 4.665229999999999919e-04 2.815480000000000088e-04 -1.654249999999999959e-04 9.984089999999999909e-01 5.638130000000000225e-02 8.027720000000000450e-05 -4.579249999999999770e-04 -5.638130000000000225e-02 9.984089999999999909e-01 -4.990015420000000479e-02
9.999989999999999712e-01 -1.386889999999999998e-03 -6.868650000000000450e-04 -3.923889999999999865e-04 1.421809999999999914e-03 9.985530000000000239e-01 5.376149999999999679e-02 -1.558549999999999842e-05 6.113100000000000001e-04 -5.376240000000000185e-02 9.985540000000000527e-01 -5.019018100000000038e-02
1.000000000000000000e+00 -4.056779999999999740e-04 4.808330000000000091e-04 4.102360000000000208e-04 3.778729999999999784e-04 9.984039999999999582e-01 5.648040000000000005e-02 3.437919999999999773e-05 -5.029789999999999695e-04 -5.648020000000000124e-02 9.984039999999999582e-01 -4.987711900000000448e-02
9.999989999999999712e-01 -1.340980000000000080e-03 -2.118739999999999979e-06 -1.322210000000000095e-03 1.339059999999999990e-03 9.984750000000000014e-01 5.518519999999999676e-02 2.485569999999999989e-04 -7.188679999999999755e-05 -5.518519999999999676e-02 9.984760000000000302e-01 -5.056470400000000198e-02
9.999989999999999712e-01 -1.227790000000000088e-03 -1.003900000000000061e-04 -4.728189999999999737e-04 1.231419999999999997e-03 9.985429999999999584e-01 5.394580000000000208e-02 1.149080000000000050e-04 3.400980000000000089e-05 -5.394589999999999802e-02 9.985439999999999872e-01 -5.018692700000000617e-02
1.000000000000000000e+00 -5.334699999999999729e-04 9.576230000000000300e-05 -3.443669999999999913e-04 5.273460000000000430e-04 9.984640000000000182e-01 5.540099999999999886e-02 1.320410000000000052e-04 -1.251699999999999959e-04 -5.540090000000000292e-02 9.984640000000000182e-01 -5.018669200000000497e-02
9.999949999999999672e-01 -3.157459999999999954e-03 -3.410600000000000177e-04 -1.069950000000000068e-03 3.171259999999999964e-03 9.985370000000000079e-01 5.397749999999999770e-02 1.351249999999999912e-04 1.701290000000000105e-04 -5.397829999999999989e-02 9.985420000000000407e-01 -5.047866500000000589e-02
1.000000000000000000e+00 8.555830000000000379e-05 5.926819999999999745e-04 9.326490000000000214e-04 -1.189409999999999984e-04 9.983990000000000364e-01 5.655670000000000142e-02 -2.775389999999999867e-05 -5.868940000000000224e-04 -5.655670000000000142e-02 9.983990000000000364e-01 -4.963817499999999966e-02
1.000000000000000000e+00 -8.465789999999999730e-04 3.926889999999999938e-04 -6.129759999999999940e-04 8.234520000000000164e-04 9.984549999999999814e-01 5.556380000000000347e-02 2.028269999999999878e-04 -4.391209999999999992e-04 -5.556339999999999890e-02 9.984549999999999814e-01 -5.030043099999999962e-02
9.999980000000000535e-01 -2.077900000000000146e-03 7.385400000000000135e-05 -8.596359999999999939e-04 2.070660000000000209e-03 9.984739999999999727e-01 5.518719999999999876e-02 1.947420000000000000e-04 -1.884149999999999909e-04 -5.518689999999999707e-02 9.984760000000000302e-01 -5.037119100000000266e-02
9.999980000000000535e-01 -1.797549999999999972e-03 5.357699999999999746e-04 -5.599729999999999595e-04 1.764720000000000004e-03 9.984290000000000109e-01 5.599719999999999698e-02 2.376120000000000012e-04 -6.355860000000000502e-04 -5.599610000000000004e-02 9.984309999999999574e-01 -5.023196400000000394e-02
1.000000000000000000e+00 -4.580709999999999990e-04 3.211259999999999744e-04 -2.159279999999999967e-04 4.393970000000000081e-04 9.984349999999999614e-01 5.591999999999999749e-02 1.294710000000000077e-04 -3.462389999999999760e-04 -5.591990000000000155e-02 9.984349999999999614e-01 -5.013142300000000134e-02
1.000000000000000000e+00 -1.061860000000000028e-04 3.398620000000000200e-04 3.110170000000000209e-04 8.718859999999999393e-05 9.984629999999999894e-01 5.541780000000000317e-02 5.810049999999999709e-05 -3.452239999999999866e-04 -5.541780000000000317e-02 9.984629999999999894e-01 -4.987971600000000449e-02
1.000000000000000000e+00 5.208479999999999707e-04 1.975450000000000068e-04 2.263739999999999980e-04 -5.308799999999999587e-04 9.985009999999999719e-01 5.473510000000000181e-02 3.068510000000000204e-05 -1.687399999999999870e-04 -5.473519999999999774e-02 9.985009999999999719e-01 -4.994955930000000155e-02
9.999989999999999712e-01 -1.379540000000000063e-03 4.264630000000000265e-04 -3.595669999999999812e-04 1.353660000000000019e-03 9.984490000000000309e-01 5.566600000000000020e-02 1.844430000000000093e-04 -5.025949999999999949e-04 -5.566539999999999683e-02 9.984490000000000309e-01 -5.012956100000000303e-02
9.999989999999999712e-01 -1.434209999999999999e-03 -6.985609999999999953e-04 -1.323500000000000024e-03 1.469309999999999930e-03 9.985859999999999737e-01 5.314359999999999917e-02 1.173100000000000000e-04 6.213530000000000528e-04 -5.314460000000000017e-02 9.985870000000000024e-01 -5.059735300000000463e-02
9.999989999999999712e-01 -8.449500000000000196e-04 -5.963179999999999783e-04 -7.498850000000000481e-04 8.755600000000000535e-04 9.985760000000000192e-01 5.334959999999999702e-02 9.386749999999999532e-05 5.503910000000000096e-04 -5.335009999999999752e-02 9.985760000000000192e-01 -5.033729200000000570e-02
9.999959999999999960e-01 -2.736259999999999908e-03 -3.960599999999999993e-04 -1.787170000000000035e-03 2.753610000000000085e-03 9.985479999999999912e-01 5.379319999999999935e-02 2.919020000000000252e-04 2.482930000000000163e-04 -5.379409999999999747e-02 9.985519999999999952e-01 -5.074208000000000190e-02
9.999989999999999712e-01 -1.339389999999999982e-03 -2.642369999999999910e-05 -6.869000000000000539e-04 1.338830000000000055e-03 9.985030000000000294e-01 5.468909999999999744e-02 1.804909999999999902e-04 -4.686600000000000157e-05 -5.468909999999999744e-02 9.985030000000000294e-01 -5.028092800000000251e-02
9.999989999999999712e-01 -1.591570000000000051e-03 -5.266220000000000276e-04 -1.161389999999999992e-03 1.617649999999999991e-03 9.985439999999999872e-01 5.392220000000000346e-02 1.263520000000000127e-04 4.400340000000000089e-04 -5.392290000000000277e-02 9.985450000000000159e-01 -5.050806600000000424e-02
1.000000000000000000e+00 -7.855790000000000082e-04 -5.870279999999999639e-04 -6.625799999999999615e-04 8.156529999999999510e-04 9.985880000000000312e-01 5.312000000000000055e-02 8.507860000000000227e-05 5.444690000000000077e-04 -5.312050000000000105e-02 9.985880000000000312e-01 -5.030652700000000366e-02
9.999980000000000535e-01 -2.139509999999999849e-03 2.302419999999999955e-04 -1.646490000000000020e-03 2.123429999999999936e-03 9.984549999999999814e-01 5.552870000000000028e-02 3.500430000000000230e-04 -3.486900000000000242e-04 -5.552809999999999691e-02 9.984570000000000389e-01 -5.072260400000000446e-02
9.999989999999999712e-01 -1.616370000000000003e-03 -4.172649999999999970e-04 -1.569000000000000082e-03 1.636319999999999919e-03 9.985770000000000479e-01 5.330680000000000140e-02 2.483489999999999765e-04 3.305079999999999737e-04 -5.330739999999999784e-02 9.985779999999999657e-01 -5.067866800000000310e-02
9.999989999999999712e-01 -1.077910000000000066e-03 1.046199999999999978e-04 -8.913389999999999985e-04 1.070449999999999917e-03 9.984619999999999607e-01 5.542500000000000204e-02 2.034270000000000024e-04 -1.642029999999999998e-04 -5.542489999999999917e-02 9.984629999999999894e-01 -5.041870500000000116e-02
1.000000000000000000e+00 -3.953730000000000243e-04 -8.446439999999999721e-05 -7.795830000000000337e-04 3.993140000000000057e-04 9.985770000000000479e-01 5.332920000000000021e-02 1.739300000000000102e-04 6.325930000000000604e-05 -5.332920000000000021e-02 9.985770000000000479e-01 -5.037628800000000517e-02
9.999980000000000535e-01 -1.860909999999999908e-03 3.877919999999999761e-04 -7.746740000000000440e-04 1.835859999999999922e-03 9.983819999999999917e-01 5.682689999999999964e-02 2.317429999999999935e-04 -4.929140000000000041e-04 -5.682609999999999745e-02 9.983840000000000492e-01 -5.033759100000000097e-02
1.000000000000000000e+00 3.071400000000000172e-04 2.886100000000000167e-04 -1.693370000000000086e-04 -3.226389999999999987e-04 9.984680000000000222e-01 5.533210000000000212e-02 1.482990000000000111e-04 -2.711729999999999870e-04 -5.533219999999999805e-02 9.984680000000000222e-01 -5.012496699999999944e-02
9.999970000000000248e-01 -2.327490000000000201e-03 2.832609999999999973e-05 -1.554049999999999963e-03 2.322439999999999834e-03 9.984950000000000214e-01 5.479570000000000274e-02 3.290500000000000022e-04 -1.558200000000000091e-04 -5.479540000000000105e-02 9.984979999999999967e-01 -5.068448900000000618e-02
1.000000000000000000e+00 -5.320750000000000176e-04 -2.764810000000000249e-04 -4.785880000000000060e-04 5.462260000000000249e-04 9.985410000000000119e-01 5.398939999999999989e-02 7.313740000000000215e-05 2.473519999999999994e-04 -5.398950000000000277e-02 9.985410000000000119e-01 -5.025150800000000029e-02
9.999980000000000535e-01 -2.038129999999999976e-03 -2.807770000000000122e-04 -1.327339999999999987e-03 2.050349999999999829e-03 9.985289999999999999e-01 5.417460000000000331e-02 2.288799999999999906e-04 1.699489999999999953e-04 -5.417509999999999687e-02 9.985309999999999464e-01 -5.057350600000000418e-02
1.000000000000000000e+00 -8.181389999999999539e-04 1.655109999999999947e-04 -1.040179999999999924e-03 8.077839999999999760e-04 9.984819999999999807e-01 5.506749999999999839e-02 2.454029999999999948e-04 -2.103130000000000038e-04 -5.506740000000000246e-02 9.984830000000000094e-01 -5.046680800000000189e-02
9.999989999999999712e-01 -1.401679999999999983e-03 -3.765250000000000042e-04 -1.243989999999999940e-03 1.420000000000000038e-03 9.985349999999999504e-01 5.408770000000000244e-02 1.623170000000000114e-04 3.001599999999999993e-04 -5.408820000000000294e-02 9.985359999999999792e-01 -5.056637100000000579e-02
1.000000000000000000e+00 -9.015439999999999999e-04 -1.033060000000000033e-04 -1.096030000000000008e-03 9.058309999999999539e-04 9.985169999999999879e-01 5.444020000000000109e-02 2.065609999999999896e-04 5.407300000000000219e-05 -5.444020000000000109e-02 9.985169999999999879e-01 -5.048986899999999972e-02
9.999970000000000248e-01 -2.374999999999999941e-03 2.398249999999999883e-04 -1.362080000000000105e-03 2.358069999999999871e-03 9.984629999999999894e-01 5.538099999999999967e-02 3.141110000000000018e-04 -3.709860000000000154e-04 -5.538030000000000036e-02 9.984650000000000469e-01 -5.058181500000000219e-02
1.000000000000000000e+00 -4.726679999999999814e-04 -2.378260000000000096e-04 -4.763330000000000081e-04 4.849249999999999828e-04 9.985140000000000127e-01 5.448830000000000340e-02 8.353869999999999352e-05 2.117180000000000082e-04 -5.448839999999999933e-02 9.985140000000000127e-01 -5.024495400000000139e-02
1.000000000000000000e+00 -1.542629999999999967e-04 -5.327359999999999762e-05 -5.274350000000000349e-04 1.569540000000000019e-04 9.984929999999999639e-01 5.486989999999999923e-02 1.619260000000000079e-04 4.472889999999999793e-05 -5.486989999999999923e-02 9.984939999999999927e-01 -5.027072200000000379e-02
9.999989999999999712e-01 -1.290429999999999962e-03 -1.003460000000000072e-03 -1.768320000000000091e-03 1.341259999999999935e-03 9.986239999999999561e-01 5.241710000000000119e-02 2.000980000000000076e-04 9.344359999999999689e-04 -5.241839999999999694e-02 9.986249999999999849e-01 -5.079699300000000556e-02
1.000000000000000000e+00 -4.371269999999999908e-04 -7.154469999999999959e-05 -5.009739999999999506e-04 4.403699999999999867e-04 9.985209999999999919e-01 5.437129999999999741e-02 1.357030000000000118e-04 4.767169999999999963e-05 -5.437129999999999741e-02 9.985209999999999919e-01 -5.024390000000000106e-02
9.999980000000000535e-01 -1.791569999999999925e-03 -6.183309999999999588e-04 -1.149650000000000108e-03 1.821769999999999900e-03 9.985990000000000144e-01 5.288930000000000020e-02 2.352490000000000104e-04 5.227089999999999992e-04 -5.289039999999999714e-02 9.986000000000000432e-01 -5.049661400000000216e-02
9.999989999999999712e-01 -1.526940000000000068e-03 3.236109999999999752e-05 -1.197579999999999955e-03 1.522970000000000010e-03 9.985399999999999832e-01 5.399740000000000095e-02 2.756120000000000033e-04 -1.147650000000000032e-04 -5.399729999999999808e-02 9.985410000000000119e-01 -5.050642200000000220e-02
9.999989999999999712e-01 -1.211499999999999903e-03 -1.518849999999999866e-04 -1.152379999999999941e-03 1.217940000000000038e-03 9.985340000000000327e-01 5.412170000000000175e-02 2.902380000000000086e-04 8.609409999999999958e-05 -5.412190000000000056e-02 9.985340000000000327e-01 -5.055540700000000359e-02
9.999989999999999712e-01 -1.423259999999999977e-03 2.121109999999999890e-04 -8.794560000000000311e-04 1.409389999999999948e-03 9.984769999999999479e-01 5.514589999999999770e-02 2.601920000000000188e-04 -2.902749999999999948e-04 -5.514550000000000007e-02 9.984779999999999767e-01 -5.040394400000000608e-02
9.999989999999999712e-01 -1.621250000000000078e-03 -3.731489999999999742e-04 -1.254370000000000094e-03 1.638780000000000054e-03 9.985880000000000312e-01 5.310510000000000230e-02 2.323949999999999866e-04 2.865249999999999850e-04 -5.310569999999999874e-02 9.985889999999999489e-01 -5.056175700000000578e-02
1.000000000000000000e+00 -1.171180000000000025e-05 -2.645479999999999750e-04 -2.590259999999999828e-04 2.609680000000000059e-05 9.985169999999999879e-01 5.444159999999999971e-02 7.054559999999999759e-05 2.635180000000000205e-04 -5.444159999999999971e-02 9.985169999999999879e-01 -5.014445800000000286e-02
9.999980000000000535e-01 -1.969299999999999783e-03 -1.766939999999999993e-04 -1.597310000000000006e-03 1.975980000000000011e-03 9.985289999999999999e-01 5.418160000000000337e-02 3.099859999999999964e-04 6.973369999999999948e-05 -5.418180000000000218e-02 9.985309999999999464e-01 -5.069272200000000256e-02
1.000000000000000000e+00 -8.940810000000000207e-04 2.897520000000000000e-04 -7.802590000000000523e-04 8.765379999999999483e-04 9.984450000000000269e-01 5.574609999999999982e-02 2.089380000000000111e-04 -3.391429999999999749e-04 -5.574579999999999813e-02 9.984450000000000269e-01 -5.037341099999999988e-02
9.999980000000000535e-01 -1.743119999999999913e-03 -5.868590000000000135e-04 -1.462069999999999993e-03 1.772090000000000037e-03 9.985589999999999744e-01 5.364089999999999830e-02 2.094499999999999953e-04 4.925100000000000398e-04 -5.364189999999999930e-02 9.985600000000000032e-01 -5.064503800000000333e-02
1.000000000000000000e+00 -2.959419999999999933e-04 -4.837190000000000218e-04 -5.122250000000000501e-04 3.216079999999999742e-04 9.985439999999999872e-01 5.395049999999999846e-02 9.686460000000000090e-05 4.670489999999999798e-04 -5.395060000000000133e-02 9.985429999999999584e-01 -5.027618500000000101e-02
9.999980000000000535e-01 -1.852020000000000012e-03 -3.181950000000000121e-04 -1.606079999999999964e-03 1.866379999999999949e-03 9.985699999999999577e-01 5.342039999999999983e-02 3.120159999999999752e-04 2.188039999999999874e-04 -5.342090000000000033e-02 9.985720000000000152e-01 -5.070384700000000328e-02
9.999989999999999712e-01 -1.700139999999999941e-03 -3.020130000000000102e-04 -1.441390000000000076e-03 1.713880000000000091e-03 9.985619999999999497e-01 5.358199999999999769e-02 2.609089999999999782e-04 2.104820000000000085e-04 -5.358240000000000225e-02 9.985629999999999784e-01 -5.065963100000000358e-02
9.999989999999999712e-01 -1.136679999999999939e-03 -8.819050000000000207e-05 -2.281109999999999984e-04 1.139779999999999960e-03 9.985420000000000407e-01 5.396560000000000246e-02 9.495580000000000318e-05 2.672049999999999938e-05 -5.396569999999999839e-02 9.985429999999999584e-01 -5.012816999999999967e-02
1.000000000000000000e+00 -4.339020000000000073e-04 -2.678660000000000134e-04 -5.045429999999999837e-04 4.478430000000000149e-04 9.985159999999999592e-01 5.444870000000000265e-02 1.383810000000000021e-04 2.438429999999999894e-04 -5.444879999999999859e-02 9.985169999999999879e-01 -5.026336600000000376e-02
1.000000000000000000e+00 -5.736689999999999585e-04 -1.517409999999999961e-04 -2.483140000000000217e-04 5.811250000000000443e-04 9.984960000000000502e-01 5.481840000000000324e-02 8.589480000000000303e-05 1.200649999999999965e-04 -5.481849999999999917e-02 9.984960000000000502e-01 -5.017231300000000310e-02
1.000000000000000000e+00 -1.201410000000000005e-04 1.757039999999999969e-04 -4.576459999999999751e-04 1.100810000000000053e-04 9.984210000000000029e-01 5.617230000000000140e-02 1.798640000000000113e-04 -1.821760000000000122e-04 -5.617230000000000140e-02 9.984210000000000029e-01 -5.025876600000000333e-02
9.999970000000000248e-01 -2.266059999999999863e-03 -8.562059999999999810e-04 -9.532330000000000534e-04 2.307210000000000077e-03 9.986660000000000537e-01 5.157679999999999904e-02 1.312610000000000025e-04 7.381879999999999735e-04 -5.157869999999999816e-02 9.986690000000000289e-01 -5.040387200000000234e-02
1.000000000000000000e+00 -8.423089999999999614e-04 -4.431009999999999983e-04 -7.174030000000000294e-04 8.646419999999999930e-04 9.985899999999999777e-01 5.308129999999999793e-02 1.463779999999999866e-04 3.977650000000000109e-04 -5.308170000000000249e-02 9.985899999999999777e-01 -5.033446500000000184e-02
9.999970000000000248e-01 -2.412430000000000130e-03 -5.495660000000000302e-04 -1.901689999999999934e-03 2.437799999999999950e-03 9.986380000000000257e-01 5.212630000000000041e-02 3.128200000000000034e-04 4.230659999999999911e-04 -5.212739999999999735e-02 9.986399999999999721e-01 -5.083702600000000044e-02
1.000000000000000000e+00 -4.818590000000000091e-04 -5.455390000000000499e-04 -8.007479999999999438e-05 5.114849999999999995e-04 9.984490000000000309e-01 5.567649999999999683e-02 3.672739999999999669e-05 5.178649999999999486e-04 -5.567670000000000258e-02 9.984490000000000309e-01 -5.010246100000000091e-02
1.000000000000000000e+00 -9.435010000000000185e-04 -3.144569999999999744e-04 -9.406710000000000202e-04 9.590929999999999464e-04 9.985429999999999584e-01 5.395149999999999946e-02 1.465860000000000090e-04 2.630959999999999896e-04 -5.395180000000000115e-02 9.985439999999999872e-01 -5.044055300000000602e-02
9.999970000000000248e-01 -2.429580000000000194e-03 -9.641180000000000279e-04 -1.346650000000000017e-03 2.476710000000000023e-03 9.986260000000000137e-01 5.234210000000000251e-02 1.426479999999999936e-04 8.356239999999999805e-04 -5.234430000000000333e-02 9.986289999999999889e-01 -5.058517700000000200e-02
1.000000000000000000e+00 -7.831340000000000003e-04 -5.193179999999999498e-04 -8.456330000000000400e-04 8.098089999999999846e-04 9.985659999999999537e-01 5.352849999999999969e-02 1.825540000000000008e-04 4.766540000000000208e-04 -5.352889999999999732e-02 9.985659999999999537e-01 -5.041114200000000600e-02
9.999980000000000535e-01 -1.713109999999999893e-03 -5.554200000000000456e-04 -1.250489999999999935e-03 1.740210000000000064e-03 9.985849999999999449e-01 5.314490000000000186e-02 2.229959999999999907e-04 4.635910000000000139e-04 -5.314579999999999999e-02 9.985870000000000024e-01 -5.057816400000000184e-02
9.999989999999999712e-01 -1.239349999999999957e-03 -5.747369999999999828e-05 -6.900139999999999703e-04 1.240640000000000102e-03 9.985190000000000454e-01 5.439009999999999678e-02 1.528249999999999878e-04 -1.001949999999999953e-05 -5.439019999999999966e-02 9.985199999999999632e-01 -5.035554899999999945e-02
9.999989999999999712e-01 -1.108940000000000099e-03 -1.044299999999999980e-05 -8.052600000000000252e-04 1.107839999999999910e-03 9.984889999999999599e-01 5.494709999999999872e-02 2.330579999999999902e-04 -5.050580000000000016e-05 -5.494709999999999872e-02 9.984889999999999599e-01 -5.039689800000000247e-02
9.999989999999999712e-01 -1.283180000000000084e-03 -1.030529999999999988e-03 -1.069649999999999898e-03 1.335940000000000088e-03 9.985969999999999569e-01 5.294059999999999738e-02 1.289560000000000034e-04 9.611539999999999797e-04 -5.294190000000000007e-02 9.985969999999999569e-01 -5.050106500000000470e-02
1.000000000000000000e+00 -9.071049999999999556e-04 -1.233910000000000016e-05 -8.898149999999999636e-04 9.064049999999999928e-04 9.984769999999999479e-01 5.516279999999999795e-02 2.551200000000000104e-04 -3.771820000000000083e-05 -5.516279999999999795e-02 9.984769999999999479e-01 -5.042217900000000447e-02
9.999959999999999960e-01 -2.895430000000000052e-03 -1.770309999999999928e-04 -1.792350000000000063e-03 2.900769999999999998e-03 9.985180000000000167e-01 5.434209999999999735e-02 3.650109999999999921e-04 1.942520000000000165e-05 -5.434230000000000310e-02 9.985220000000000207e-01 -5.080076000000000036e-02
9.999989999999999712e-01 -1.058530000000000018e-03 -5.046230000000000507e-04 -4.090389999999999846e-04 1.083949999999999974e-03 9.985749999999999904e-01 5.336409999999999765e-02 8.185160000000000081e-05 4.474169999999999753e-04 -5.336459999999999815e-02 9.985749999999999904e-01 -5.020847100000000451e-02
9.999989999999999712e-01 -1.102829999999999956e-03 -4.694829999999999772e-04 -7.136819999999999883e-04 1.126349999999999921e-03 9.985699999999999577e-01 5.344739999999999908e-02 1.269110000000000051e-04 4.098680000000000270e-04 -5.344789999999999958e-02 9.985709999999999864e-01 -5.035328500000000457e-02
9.999980000000000535e-01 -1.723780000000000060e-03 2.170800000000000019e-04 -3.659849999999999865e-04 1.708869999999999920e-03 9.984210000000000029e-01 5.615269999999999984e-02 2.130479999999999971e-04 -3.135319999999999926e-04 -5.615219999999999934e-02 9.984220000000000317e-01 -5.022356700000000368e-02
9.999980000000000535e-01 -1.999359999999999939e-03 -3.073409999999999836e-04 -3.361579999999999755e-04 2.012879999999999878e-03 9.985829999999999984e-01 5.318319999999999992e-02 1.058530000000000045e-04 2.005730000000000056e-04 -5.318370000000000042e-02 9.985849999999999449e-01 -5.013883100000000176e-02
9.999989999999999712e-01 -1.503559999999999923e-03 -6.098949999999999467e-04 -1.069049999999999992e-03 1.534020000000000088e-03 9.985680000000000112e-01 5.347559999999999814e-02 2.003150000000000091e-04 5.286180000000000132e-04 -5.347640000000000032e-02 9.985690000000000399e-01 -5.050050200000000267e-02
9.999919999999999920e-01 -3.883989999999999925e-03 -8.789460000000000241e-04 -1.956750000000000156e-03 3.925320000000000371e-03 9.985699999999999577e-01 5.331459999999999672e-02 2.889869999999999895e-04 6.706159999999999639e-04 -5.331759999999999972e-02 9.985770000000000479e-01 -5.083785000000000387e-02
9.999949999999999672e-01 -2.906150000000000139e-03 -8.663079999999999869e-04 -1.669399999999999920e-03 2.947190000000000139e-03 9.986479999999999801e-01 5.189330000000000331e-02 2.280519999999999910e-04 7.143279999999999682e-04 -5.189570000000000294e-02 9.986519999999999841e-01 -5.072505900000000290e-02
9.999940000000000495e-01 -3.353699999999999824e-03 -1.121809999999999995e-03 -1.715179999999999960e-03 3.407289999999999885e-03 9.986530000000000129e-01 5.178370000000000195e-02 2.108690000000000033e-04 9.466280000000000311e-04 -5.178719999999999851e-02 9.986580000000000457e-01 -5.072885200000000483e-02
9.999949999999999672e-01 -3.094949999999999958e-03 -4.959359999999999897e-04 -1.432160000000000030e-03 3.117009999999999920e-03 9.985699999999999577e-01 5.337789999999999896e-02 3.042680000000000081e-04 3.300239999999999966e-04 -5.337920000000000165e-02 9.985739999999999617e-01 -5.059769800000000345e-02
1.000000000000000000e+00 -2.990040000000000124e-04 2.410040000000000121e-04 5.210149999999999981e-04 2.850209999999999940e-04 9.984269999999999534e-01 5.606640000000000235e-02 7.136529999999999924e-05 -2.573890000000000119e-04 -5.606629999999999947e-02 9.984269999999999534e-01 -4.982645299999999972e-02
9.999989999999999712e-01 -1.432520000000000061e-03 -2.726550000000000111e-04 -1.074719999999999929e-03 1.445309999999999997e-03 9.984969999999999679e-01 5.479559999999999986e-02 2.468470000000000169e-04 1.937490000000000046e-04 -5.479590000000000155e-02 9.984979999999999967e-01 -5.048078300000000129e-02
9.999980000000000535e-01 -1.880989999999999919e-03 -5.817879999999999666e-04 -6.517250000000000256e-04 1.910030000000000061e-03 9.984979999999999967e-01 5.475109999999999699e-02 1.504699999999999874e-04 4.779280000000000225e-04 -5.475209999999999799e-02 9.985000000000000542e-01 -5.033312399999999992e-02
9.999989999999999712e-01 -1.445309999999999997e-03 -5.901660000000000413e-04 -9.924090000000000862e-04 1.474749999999999932e-03 9.985739999999999617e-01 5.336239999999999734e-02 1.859030000000000122e-04 5.121989999999999659e-04 -5.336319999999999952e-02 9.985749999999999904e-01 -5.046883200000000513e-02
9.999980000000000535e-01 -1.825540000000000062e-03 -3.917640000000000120e-04 -7.643959999999999774e-04 1.843940000000000076e-03 9.985570000000000279e-01 5.366710000000000230e-02 2.133190000000000086e-04 2.932270000000000167e-04 -5.366769999999999874e-02 9.985589999999999744e-01 -5.032636800000000327e-02
9.999989999999999712e-01 -1.104890000000000082e-03 -1.059449999999999975e-03 -8.434859999999999537e-04 1.158090000000000074e-03 9.986669999999999714e-01 5.160119999999999985e-02 1.255320000000000036e-04 1.001020000000000035e-03 -5.160229999999999678e-02 9.986669999999999714e-01 -5.037310799999999977e-02
9.999970000000000248e-01 -2.342819999999999799e-03 -6.422549999999999960e-04 -1.556670000000000015e-03 2.373380000000000021e-03 9.986110000000000264e-01 5.263129999999999892e-02 2.400469999999999872e-04 5.180570000000000444e-04 -5.263269999999999754e-02 9.986140000000000017e-01 -5.067439500000000402e-02
9.999959999999999960e-01 -2.732220000000000048e-03 4.535289999999999737e-05 -5.617810000000000208e-04 2.725379999999999903e-03 9.984229999999999494e-01 5.607940000000000147e-02 2.639350000000000268e-04 -1.985029999999999933e-04 -5.607899999999999691e-02 9.984260000000000357e-01 -5.029977700000000385e-02
9.999940000000000495e-01 -3.566489999999999851e-03 -3.128420000000000246e-04 -1.853880000000000024e-03 3.578120000000000172e-03 9.985600000000000032e-01 5.352769999999999750e-02 3.571399999999999857e-04 1.214859999999999953e-04 -5.352839999999999682e-02 9.985659999999999537e-01 -5.084290400000000126e-02
9.999989999999999712e-01 -1.342700000000000057e-03 -1.074460000000000009e-04 -8.304500000000000466e-04 1.346579999999999999e-03 9.984910000000000174e-01 5.489619999999999916e-02 2.473870000000000084e-04 3.357470000000000230e-05 -5.489630000000000204e-02 9.984920000000000462e-01 -5.040981500000000365e-02
9.999980000000000535e-01 -1.433170000000000104e-03 -1.337730000000000082e-03 -7.174189999999999560e-04 1.500330000000000023e-03 9.986650000000000249e-01 5.163269999999999665e-02 4.263810000000000093e-05 1.261940000000000024e-03 -5.163460000000000272e-02 9.986650000000000249e-01 -5.036284700000000225e-02
9.999940000000000495e-01 -3.396080000000000106e-03 -2.379439999999999973e-04 -1.329469999999999914e-03 3.403980000000000027e-03 9.985270000000000534e-01 5.415539999999999937e-02 3.077460000000000178e-04 5.367730000000000190e-05 -5.415589999999999987e-02 9.985319999999999752e-01 -5.056655200000000072e-02
1.000000000000000000e+00 -9.404510000000000257e-04 -9.214289999999999493e-05 -4.488949999999999906e-04 9.440740000000000416e-04 9.985140000000000127e-01 5.448839999999999933e-02 1.533220000000000069e-04 4.076230000000000104e-05 -5.448850000000000221e-02 9.985140000000000127e-01 -5.022625000000000006e-02
9.999959999999999960e-01 -2.645150000000000192e-03 -8.211740000000000358e-04 -1.658610000000000032e-03 2.684810000000000148e-03 9.986019999999999897e-01 5.278979999999999784e-02 2.442810000000000012e-04 6.803889999999999938e-04 -5.279179999999999984e-02 9.986049999999999649e-01 -5.072851600000000127e-02
9.999989999999999712e-01 -1.126059999999999908e-03 -7.632049999999999815e-04 -1.142549999999999989e-03 1.164850000000000043e-03 9.986000000000000432e-01 5.289279999999999676e-02 1.821819999999999982e-04 7.025760000000000035e-04 -5.289359999999999895e-02 9.986000000000000432e-01 -5.053686500000000026e-02
9.999959999999999960e-01 -2.613229999999999806e-03 -7.281889999999999630e-04 -1.384569999999999898e-03 2.647889999999999966e-03 9.986140000000000017e-01 5.256199999999999761e-02 2.376889999999999938e-04 5.898229999999999532e-04 -5.256369999999999792e-02 9.986169999999999769e-01 -5.059128700000000561e-02
9.999970000000000248e-01 -2.262600000000000028e-03 -8.301849999999999941e-04 -1.696760000000000065e-03 2.303490000000000051e-03 9.985870000000000024e-01 5.308729999999999699e-02 2.728189999999999912e-04 7.088969999999999994e-04 -5.308899999999999730e-02 9.985899999999999777e-01 -5.076087800000000233e-02
9.999970000000000248e-01 -2.340619999999999853e-03 -7.805849999999999811e-04 -1.498430000000000031e-03 2.378349999999999995e-03 9.986199999999999521e-01 5.246640000000000331e-02 2.350909999999999892e-04 6.567050000000000491e-04 -5.246809999999999669e-02 9.986220000000000097e-01 -5.067610100000000117e-02
9.999970000000000248e-01 -2.232759999999999866e-03 -8.049259999999999705e-04 -1.918039999999999979e-03 2.272510000000000155e-03 9.985739999999999617e-01 5.333510000000000334e-02 3.061459999999999789e-04 6.846940000000000144e-04 -5.333679999999999671e-02 9.985760000000000192e-01 -5.085834900000000408e-02
1.000000000000000000e+00 -9.538870000000000508e-04 1.424049999999999893e-04 -2.687950000000000040e-04 9.446689999999999775e-04 9.985020000000000007e-01 5.470169999999999894e-02 1.634130000000000023e-04 -1.943710000000000132e-04 -5.470160000000000300e-02 9.985030000000000294e-01 -5.015572400000000569e-02
9.999980000000000535e-01 -1.874639999999999900e-03 2.253310000000000013e-04 -6.146500000000000054e-04 1.858939999999999898e-03 9.984039999999999582e-01 5.643900000000000305e-02 2.873169999999999869e-04 -3.307739999999999877e-04 -5.643850000000000255e-02 9.984060000000000157e-01 -5.033310700000000193e-02
9.999980000000000535e-01 -1.640420000000000073e-03 -5.831849999999999534e-04 -1.475689999999999988e-03 1.669509999999999918e-03 9.985410000000000119e-01 5.397060000000000052e-02 2.877499999999999741e-04 4.937999999999999681e-04 -5.397140000000000271e-02 9.985420000000000407e-01 -5.069293100000000357e-02
9.999959999999999960e-01 -2.590250000000000104e-03 7.262430000000000057e-04 -5.626490000000000267e-04 2.544199999999999934e-03 9.983410000000000339e-01 5.751459999999999906e-02 3.224440000000000184e-04 -8.740160000000000290e-04 -5.751250000000000112e-02 9.983440000000000092e-01 -5.028867700000000385e-02
9.999970000000000248e-01 -2.349319999999999794e-03 1.398919999999999949e-04 -1.003729999999999987e-03 2.338139999999999837e-03 9.984979999999999967e-01 5.474480000000000318e-02 3.310170000000000191e-04 -2.682949999999999918e-04 -5.474439999999999862e-02 9.985000000000000542e-01 -5.047860000000000541e-02
1.000000000000000000e+00 -6.826119999999999757e-04 -4.545670000000000136e-04 -4.563039999999999870e-04 7.060270000000000217e-04 9.985579999999999457e-01 5.367430000000000118e-02 1.289990000000000028e-04 4.172730000000000146e-04 -5.367460000000000286e-02 9.985579999999999457e-01 -5.027731500000000298e-02
9.999949999999999672e-01 -3.223510000000000177e-03 -2.190260000000000134e-04 -1.789259999999999982e-03 3.230649999999999841e-03 9.985249999999999959e-01 5.420269999999999949e-02 3.964910000000000092e-04 4.397940000000000112e-05 -5.420309999999999712e-02 9.985300000000000287e-01 -5.078396900000000519e-02
9.999989999999999712e-01 -1.530300000000000063e-03 -5.347060000000000268e-04 -1.315240000000000072e-03 1.556300000000000044e-03 9.986150000000000304e-01 5.258569999999999911e-02 2.566310000000000032e-04 4.534939999999999783e-04 -5.258650000000000130e-02 9.986159999999999481e-01 -5.061705600000000055e-02
9.999980000000000535e-01 -1.878169999999999970e-03 -6.194080000000000029e-04 -1.163860000000000068e-03 1.908579999999999999e-03 9.985699999999999577e-01 5.342829999999999802e-02 1.972990000000000095e-04 5.181749999999999507e-04 -5.342940000000000189e-02 9.985709999999999864e-01 -5.053805400000000586e-02
9.999959999999999960e-01 -2.680950000000000086e-03 1.450859999999999997e-04 -8.875540000000000339e-04 2.668890000000000151e-03 9.984779999999999767e-01 5.508829999999999977e-02 3.280490000000000164e-04 -2.925539999999999911e-04 -5.508770000000000333e-02 9.984809999999999519e-01 -5.029343300000000544e-02
9.999970000000000248e-01 -2.442360000000000191e-03 -4.755690000000000134e-04 -5.973070000000000462e-04 2.464319999999999879e-03 9.985629999999999784e-01 5.353360000000000063e-02 1.715619999999999949e-04 3.441370000000000019e-04 -5.353460000000000163e-02 9.985659999999999537e-01 -4.986682200000000509e-02
1.000000000000000000e+00 -9.012309999999999505e-04 -1.211649999999999961e-04 2.388910000000000003e-04 9.065250000000000391e-04 9.984910000000000174e-01 5.491630000000000122e-02 1.164049999999999943e-04 7.148930000000000009e-05 -5.491639999999999716e-02 9.984910000000000174e-01 -4.914046799999999965e-02
