1 0 0 6.93889e-18 0 1 5.61669e-28 3.46945e-18 0 -1.05392e-27 1 0
1 5.10981e-05 2.60127e-08 2.6274e-06 -5.10981e-05 1 -1.07469e-11 -3.30846e-06 -2.60127e-08 9.4177e-12 1 1.5641e-09
1 -5.25482e-05 -2.67538e-08 -2.70429e-06 5.25482e-05 1 -1.33553e-11 -9.7081e-06 2.67538e-08 1.19494e-11 1 -1.59854e-09
1 -4.51918e-11 1.89925e-11 -1.50847e-09 4.51918e-11 1 1.682e-12 -1.11314e-13 -1.89925e-11 -1.682e-12 1 1.07062e-11
1 -3.85738e-11 1.95879e-11 -2.38775e-09 3.85738e-11 1 -1.16145e-11 -4.55302e-11 -1.95879e-11 1.16145e-11 1 1.49967e-11
1 3.24393e-05 1.64394e-08 1.66049e-06 -3.24393e-05 1 2.17076e-12 -2.10042e-06 -1.64394e-08 -2.70404e-12 1 1.00266e-09
1 1.10141e-05 5.61818e-09 5.61952e-07 -1.10141e-05 1 1.57307e-12 -7.13166e-07 -5.61818e-09 -1.63495e-12 1 3.57017e-10
1 -5.25482e-05 -2.67538e-08 -2.70893e-06 5.25482e-05 1 -1.33553e-11 -9.7081e-06 2.67538e-08 1.19494e-11 1 -1.58031e-09
1 -3.4541e-05 -1.75003e-08 -1.77911e-06 3.4541e-05 1 5.16437e-12 -6.38139e-06 1.75003e-08 -5.76885e-12 1 -1.02352e-09
1 2.15865e-05 1.09997e-08 1.10285e-06 -2.15865e-05 1 -1.45266e-11 -1.39765e-06 -1.09997e-08 1.42892e-11 1 6.91806e-10
1 3.24393e-05 1.64394e-08 1.65585e-06 -3.24393e-05 1 2.1708e-12 -2.10042e-06 -1.64394e-08 -2.70409e-12 1 1.02089e-09
1 1.10141e-05 5.61821e-09 5.57315e-07 -1.10141e-05 1 1.57307e-12 -7.13166e-07 -5.61821e-09 -1.63495e-12 1 3.75244e-10
1 -1.96533e-05 -1.00109e-08 -1.02167e-06 1.96533e-05 1 -1.47349e-11 -3.63087e-06 1.00109e-08 1.45381e-11 1 -5.58461e-10
1 2.05068e-05 1.04396e-08 1.04315e-06 -2.05068e-05 1 7.37839e-12 -1.32779e-06 -1.04396e-08 -7.59247e-12 1 6.71372e-10
1 -1.28973e-05 -6.53122e-09 -6.74079e-07 1.28973e-05 1 6.94134e-12 -7.25702e-06 6.53122e-09 -7.02557e-12 1 -3.43279e-10
1 3.43191e-05 1.74169e-08 1.7491e-06 -3.43191e-05 1 5.11066e-12 -2.22212e-06 -1.74169e-08 -5.7084e-12 1 1.09689e-09
1 3.44071e-05 1.74624e-08 1.75266e-06 -3.44071e-05 1 5.13199e-12 -2.22782e-06 -1.74624e-08 -5.73282e-12 1 1.10355e-09
1 1.12589e-05 5.75666e-09 5.65296e-07 -1.12589e-05 1 -1.49565e-11 -7.28966e-07 -5.75666e-09 1.48917e-11 1 4.05129e-10
1 4.32443e-05 2.1934e-08 2.20419e-06 -4.32443e-05 1 1.96353e-12 -2.80003e-06 -2.1934e-08 -2.91205e-12 1 1.37843e-09
1 -1.28973e-05 -6.53118e-09 -6.78717e-07 1.28973e-05 1 6.94124e-12 -7.25702e-06 6.53118e-09 -7.02548e-12 1 -3.25052e-10
1 3.43191e-05 1.7417e-08 1.74446e-06 -3.43191e-05 1 5.11064e-12 -2.22212e-06 -1.7417e-08 -5.70837e-12 1 1.11512e-09
1 -1.9512e-05 -9.93983e-09 -1.02273e-06 1.9512e-05 1 -1.47374e-11 -3.60477e-06 9.93983e-09 1.45434e-11 1 -5.21675e-10
1 3.32666e-06 1.69979e-09 1.51188e-07 -3.32666e-06 1 -3.8908e-12 6.14598e-07 -1.69979e-09 3.88514e-12 1 1.81516e-10
1 2.00993e-05 1.02665e-08 1.01482e-06 -2.00993e-05 1 -1.47269e-11 -1.30136e-06 -1.02665e-08 1.45205e-11 1 6.97855e-10
1 3.40802e-05 1.72947e-08 1.7285e-06 -3.40802e-05 1 5.07867e-12 -2.20665e-06 -1.72947e-08 -5.66808e-12 1 1.12209e-09
1 1.98336e-06 1.03143e-09 8.07179e-08 -1.98336e-06 1 1.58738e-11 -9.44353e-06 -1.03143e-09 -1.58759e-11 1 1.48981e-10
1 -3.49239e-05 -1.76967e-08 -1.81542e-06 3.49239e-05 1 3.81204e-12 -6.45213e-06 1.76967e-08 -4.43007e-12 1 -9.70186e-10
1 -1.96533e-05 -1.00108e-08 -1.03558e-06 1.96533e-05 1 -1.47349e-11 -3.63087e-06 1.00108e-08 1.45382e-11 1 -5.03779e-10
1 4.32443e-05 2.1934e-08 2.19492e-06 -4.32443e-05 1 1.96353e-12 -2.80003e-06 -2.1934e-08 -2.91205e-12 1 1.41488e-09
1 -3.67242e-06 -1.84927e-09 -2.14536e-07 3.67242e-06 1 -3.60564e-12 2.37775e-07 1.84927e-09 3.59885e-12 1 -6.06856e-12
1 -3.54148e-06 -1.78126e-09 -2.08735e-07 3.54148e-06 1 -3.70132e-12 2.29296e-07 1.78126e-09 3.69501e-12 1 1.94497e-12
1 -4.80941e-05 -2.44075e-08 -2.49853e-06 4.80941e-05 1 -5.68094e-12 -8.88528e-06 2.44075e-08 4.50708e-12 1 -1.35094e-09
1 -1.13712e-10 3.81707e-11 -2.78465e-08 1.13712e-10 1 -7.68258e-12 -2.88969e-11 -3.81707e-11 7.68258e-12 1 1.19538e-10
1 2.09176e-07 1.25897e-10 -1.90194e-08 -2.09176e-07 1 8.24774e-12 -1.35247e-08 -1.25897e-10 -8.24776e-12 1 0.00102525
1 -5.02759e-05 -2.5585e-08 -2.61683e-06 5.02759e-05 1 -9.39805e-12 -9.28833e-06 2.5585e-08 8.11174e-12 1 0.00969618
1 4.88992e-18 3.66772e-11 -3.60223e-08 -4.88992e-18 1 2.70555e-17 2.34559e-13 -3.66772e-11 -2.70555e-17 1 0.0274098
1 -2.62504e-06 -1.28327e-09 -1.69189e-07 2.62504e-06 1 -8.15536e-12 -4.84969e-07 1.28327e-09 8.15199e-12 1 0.0513316
1 -4.77661e-05 -2.41647e-08 -2.49248e-06 4.77661e-05 1 -5.12904e-12 -8.82469e-06 2.41647e-08 3.97479e-12 1 0.0797321
1 -5.1007e-05 -2.57972e-08 -2.67e-06 5.1007e-05 1 -1.05816e-11 -9.42339e-06 2.57972e-08 9.26574e-12 1 0.104826
1 3.44278e-06 1.86312e-09 1.29086e-07 -3.44278e-06 1 -3.78863e-12 6.36051e-07 -1.86312e-09 3.78222e-12 1 0.145327
1 -1.98358e-06 -9.38867e-10 -1.45978e-07 1.98358e-06 1 -7.65379e-12 -3.66459e-07 9.38867e-10 7.65193e-12 1 0.188258
1 3.67288e-06 1.90649e-09 1.45013e-07 -3.67288e-06 1 3.99562e-12 6.78577e-07 -1.90649e-09 -4.00262e-12 1 0.210293
1 -1.13712e-10 5.07833e-11 -4.08011e-08 1.13712e-10 1 -7.68257e-12 -2.67543e-11 -5.07833e-11 7.68257e-12 1 0.250396
1 -4.51918e-11 2.77614e-11 -4.14577e-08 4.51918e-11 1 1.682e-12 2.13661e-12 -2.77614e-11 -1.682e-12 1 0.262708
1 3.44278e-06 1.76457e-09 1.35185e-07 -3.44278e-06 1 -3.78863e-12 6.36052e-07 -1.76457e-09 3.78256e-12 1 0.282386
1 -3.54148e-06 -1.77915e-09 -2.23533e-07 3.54148e-06 1 -3.70127e-12 2.29299e-07 1.77915e-09 3.69497e-12 1 0.291861
1 3.67288e-06 1.87623e-09 1.46346e-07 -3.67288e-06 1 3.99557e-12 6.78578e-07 -1.87623e-09 -4.00246e-12 1 0.298924
1 -5.25482e-05 -2.67529e-08 -2.74605e-06 5.25482e-05 1 -1.33553e-11 -9.70809e-06 2.67529e-08 1.19495e-11 1 0.304683
1 2.2829e-06 1.14611e-09 7.23467e-08 -2.2829e-06 1 -4.37695e-12 4.21766e-07 -1.14611e-09 4.37434e-12 1 0.310156
1 -3.67242e-06 -1.84898e-09 -2.32608e-07 3.67242e-06 1 -3.60561e-12 2.37778e-07 1.84898e-09 3.59882e-12 1 0.312086
1 -3.54148e-06 -1.78104e-09 -2.26654e-07 3.54148e-06 1 -3.70127e-12 2.29299e-07 1.78104e-09 3.69496e-12 1 0.314353
1 5.10981e-05 2.60131e-08 2.58176e-06 -5.10981e-05 1 -1.07469e-11 -3.30846e-06 -2.60131e-08 9.41763e-12 1 0.315815
1 -5.25482e-05 -2.67534e-08 -2.74987e-06 5.25482e-05 1 -1.33553e-11 -9.70809e-06 2.67534e-08 1.19495e-11 1 0.316778
1 -4.51918e-11 1.93792e-11 -4.7035e-08 4.51918e-11 1 1.68199e-12 2.60601e-12 -1.93792e-11 -1.68199e-12 1 0.317564
1 2.15865e-05 1.10001e-08 1.062e-06 -2.15865e-05 1 -1.45266e-11 -1.39765e-06 -1.10001e-08 1.42891e-11 1 0.318083
1 3.24393e-05 1.64398e-08 1.61503e-06 -3.24393e-05 1 2.17076e-12 -2.10042e-06 -1.64398e-08 -2.70405e-12 1 0.318505
1 1.10141e-05 5.61855e-09 5.16509e-07 -1.10141e-05 1 1.5731e-12 -7.13163e-07 -5.61855e-09 -1.63498e-12 1 0.31881
1 -5.25482e-05 -2.67534e-08 -2.75435e-06 5.25482e-05 1 -1.33553e-11 -9.70809e-06 2.67534e-08 1.19495e-11 1 0.319066
1 -3.4541e-05 -1.75e-08 -1.82453e-06 3.4541e-05 1 5.16432e-12 -6.38139e-06 1.75e-08 -5.76879e-12 1 0.319175
1 -1.28973e-05 -6.53089e-09 -7.14851e-07 1.28973e-05 1 6.94134e-12 -7.25701e-06 6.53089e-09 -7.02557e-12 1 0.319303
1 3.24393e-05 1.64398e-08 1.61045e-06 -3.24393e-05 1 2.17076e-12 -2.10042e-06 -1.64398e-08 -2.70405e-12 1 0.319393
1 3.67288e-06 1.87523e-09 1.33819e-07 -3.67288e-06 1 3.99557e-12 6.78578e-07 -1.87523e-09 -4.00245e-12 1 0.31946
1 3.29917e-05 1.68574e-08 1.64393e-06 -3.29917e-05 1 -1.40898e-11 -2.1361e-06 -1.68574e-08 1.35337e-11 1 0.319492
1 2.00993e-05 1.02668e-08 9.78698e-07 -2.00993e-05 1 -1.47268e-11 -1.30136e-06 -1.02668e-08 1.45204e-11 1 0.319517
1 2.15865e-05 1.10001e-08 1.05282e-06 -2.15865e-05 1 -1.45266e-11 -1.39765e-06 -1.10001e-08 1.42891e-11 1 0.319546
1 -5.10565e-05 -2.59613e-08 -2.6836e-06 5.10565e-05 1 -1.06712e-11 -9.43254e-06 2.59613e-08 9.34573e-12 1 0.319566
1 3.44071e-05 1.74628e-08 1.70727e-06 -3.44071e-05 1 5.13197e-12 -2.22781e-06 -1.74628e-08 -5.73281e-12 1 0.319571
1 -1.96533e-05 -1.00105e-08 -1.0717e-06 1.96533e-05 1 -1.47349e-11 -3.63087e-06 1.00105e-08 1.45382e-11 1 0.319579
1 2.00993e-05 1.02669e-08 9.74065e-07 -2.00993e-05 1 -1.47269e-11 -1.30136e-06 -1.02669e-08 1.45205e-11 1 0.319584
1 3.40802e-05 1.72951e-08 1.68775e-06 -3.40802e-05 1 5.07867e-12 -2.20665e-06 -1.72951e-08 -5.66809e-12 1 0.319589
1 1.98336e-06 1.03176e-09 3.99654e-08 -1.98336e-06 1 1.58738e-11 -9.44353e-06 -1.03176e-09 -1.58759e-11 1 0.319592
1 -3.49239e-05 -1.76963e-08 -1.85618e-06 3.49239e-05 1 3.81204e-12 -6.45213e-06 1.76963e-08 -4.43006e-12 1 0.319594
1 1.12589e-05 5.75707e-09 5.15269e-07 -1.12589e-05 1 -1.49565e-11 -7.28964e-07 -5.75707e-09 1.48917e-11 1 0.319596
1 -1.13712e-10 3.84636e-11 -6.39613e-08 1.13712e-10 1 -7.68258e-12 -2.61622e-11 -3.84636e-11 7.68258e-12 1 0.319597
1 -1.28973e-05 -6.53077e-09 -7.28744e-07 1.28973e-05 1 6.94133e-12 -7.25701e-06 6.53077e-09 -7.02556e-12 1 0.319598
1 1.97829e-05 1.01077e-08 9.51246e-07 -1.97829e-05 1 -1.47326e-11 -1.28087e-06 -1.01077e-08 1.45327e-11 1 0.319599
1 -1.44149e-17 5.67546e-13 -6.85761e-08 1.44149e-17 1 1.60802e-17 2.73473e-12 -5.67546e-13 -1.60802e-17 1 0.319599
1 1.12589e-05 5.75711e-09 5.10632e-07 -1.12589e-05 1 -1.49565e-11 -7.28964e-07 -5.75711e-09 1.48917e-11 1 0.319599
1 -1.13712e-10 3.85031e-11 -6.85985e-08 1.13712e-10 1 -7.68258e-12 -2.61622e-11 -3.85031e-11 7.68258e-12 1 0.319599
1 2.15865e-05 1.10002e-08 1.03891e-06 -2.15865e-05 1 -1.45266e-11 -1.39765e-06 -1.10002e-08 1.42891e-11 1 0.3196
1 -5.02759e-05 -2.55847e-08 -2.65758e-06 5.02759e-05 1 -9.39807e-12 -9.28833e-06 2.55847e-08 8.11178e-12 1 0.3196
1 -3.06474e-18 6.06737e-13 -7.32134e-08 3.06474e-18 1 1.36463e-17 2.73474e-12 -6.06737e-13 -1.36463e-17 1 0.3196
1 3.1501e-05 1.60887e-08 1.54902e-06 -3.1501e-05 1 -1.41446e-11 -2.03958e-06 -1.60887e-08 1.36378e-11 1 0.3196
1 -4.77661e-05 -2.42264e-08 -2.52717e-06 4.77661e-05 1 -5.12905e-12 -8.82469e-06 2.42264e-08 3.97185e-12 1 0.3196
1 3.41175e-06 1.74465e-09 9.99551e-08 -3.41175e-06 1 -3.81613e-12 6.3032e-07 -1.74465e-09 3.81017e-12 1 0.3196
1 -1.92931e-05 -9.82934e-09 -1.06984e-06 1.92931e-05 1 -1.47595e-11 -3.56433e-06 9.82934e-09 1.45699e-11 1 0.3196
1 -2.28359e-17 6.45373e-13 -7.78508e-08 2.28359e-17 1 -7.65616e-18 2.73475e-12 -6.45373e-13 7.65616e-18 1 0.3196
1 1.12589e-05 5.75719e-09 5.01357e-07 -1.12589e-05 1 -1.49565e-11 -7.28964e-07 -5.75719e-09 1.48917e-11 1 0.3196
1 -4.77661e-05 -2.42263e-08 -2.53181e-06 4.77661e-05 1 -5.12901e-12 -8.82469e-06 2.42263e-08 3.97181e-12 1 0.3196
1 2.2829e-06 1.14618e-09 3.58846e-08 -2.2829e-06 1 -4.37698e-12 4.21766e-07 -1.14618e-09 4.37437e-12 1 0.3196
1 1.98336e-06 1.03191e-09 2.14165e-08 -1.98336e-06 1 1.58738e-11 -9.44353e-06 -1.03191e-09 -1.58759e-11 1 0.3196
1 5.24832e-18 6.84009e-13 -8.24881e-08 -5.24832e-18 1 1.60089e-17 2.73474e-12 -6.84009e-13 -1.60089e-17 1 0.3196
1 3.1501e-05 1.60888e-08 1.53975e-06 -3.1501e-05 1 -1.41446e-11 -2.03958e-06 -1.60888e-08 1.36378e-11 1 0.319601
1 -1.13712e-10 3.8619e-11 -8.25113e-08 1.13712e-10 1 -7.68258e-12 -2.60527e-11 -3.8619e-11 7.68258e-12 1 0.332394
1 2.05588e-05 1.06532e-08 9.7193e-07 -2.05588e-05 1 2.38067e-06 -1.33062e-06 -1.06043e-08 -2.38067e-06 1 0.347222
1 -2.05617e-05 -9.87268e-09 -1.1422e-06 2.05617e-05 1 -2.38759e-06 -8.48097e-06 9.92178e-09 2.38759e-06 1 0.368574
1 2.05646e-05 1.12819e-08 9.70523e-07 -2.05646e-05 1 2.39563e-06 -1.32723e-06 -1.12327e-08 -2.39563e-06 1 0.399634
1 -2.05687e-05 -9.49575e-09 -1.14547e-06 2.05687e-05 1 -2.40553e-06 -8.48504e-06 9.54523e-09 2.40553e-06 1 0.438965
1 -2.05704e-05 -9.46291e-09 -1.14649e-06 2.05704e-05 1 -2.41001e-06 -8.48606e-06 9.51248e-09 2.41001e-06 1 0.453606
1 2.05745e-05 1.15024e-08 9.65793e-07 -2.05745e-05 1 2.42101e-06 -1.32147e-06 -1.14526e-08 -2.42101e-06 1 0.495051
1 2.05757e-05 1.151e-08 9.65141e-07 -2.05757e-05 1 2.42399e-06 -1.32079e-06 -1.14602e-08 -2.42399e-06 1 0.507457
1 -2.05791e-05 -9.40052e-09 -1.1522e-06 2.05791e-05 1 -2.43237e-06 -8.49112e-06 9.45058e-09 2.43237e-06 1 0.543682
1 2.05797e-05 1.15283e-08 9.62774e-07 -2.05797e-05 1 2.43442e-06 -1.31843e-06 -1.14782e-08 -2.43442e-06 1 0.554003
1 2.05843e-05 1.1541e-08 9.59949e-07 -2.05843e-05 1 2.44632e-06 -1.31573e-06 -1.14906e-08 -2.44632e-06 1 0.604271
1 2.05884e-05 1.15494e-08 9.57399e-07 -2.05884e-05 1 2.45672e-06 -1.31338e-06 -1.14989e-08 -2.45672e-06 1 0.633693
1 -2.05913e-05 -9.38369e-09 -1.16099e-06 2.05913e-05 1 -2.46359e-06 -8.49819e-06 9.43442e-09 2.46359e-06 1 0.655536
1 2.05941e-05 1.156e-08 9.53707e-07 -2.05941e-05 1 2.47156e-06 -1.31002e-06 -1.15091e-08 -2.47156e-06 1 0.68703
1 2.05964e-05 1.1564e-08 9.52221e-07 -2.05964e-05 1 2.47749e-06 -1.30867e-06 -1.1513e-08 -2.47749e-06 1 0.712378
1 2.05999e-05 1.15699e-08 9.49986e-07 -2.05999e-05 1 2.48638e-06 -1.30666e-06 -1.15187e-08 -2.48638e-06 1 0.753153
1 2.06033e-05 1.15758e-08 9.47743e-07 -2.06033e-05 1 2.49525e-06 -1.30466e-06 -1.15244e-08 -2.49525e-06 1 0.793177
1 -2.0605e-05 -9.37372e-09 -1.17135e-06 2.0605e-05 1 -2.49913e-06 -8.50623e-06 9.42521e-09 2.49913e-06 1 0.806255
1 -2.06079e-05 -9.37175e-09 -1.17353e-06 2.06079e-05 1 -2.50652e-06 -8.5079e-06 9.4234e-09 2.50652e-06 1 0.826798
1 2.06118e-05 1.15904e-08 9.42062e-07 -2.06118e-05 1 2.51741e-06 -1.29965e-06 -1.15385e-08 -2.51741e-06 1 0.847399
1 2.0613e-05 1.15924e-08 9.41299e-07 -2.0613e-05 1 2.52036e-06 -1.29898e-06 -1.15404e-08 -2.52036e-06 1 0.85139
1 2.06164e-05 1.15982e-08 9.39006e-07 -2.06164e-05 1 2.5292e-06 -1.29698e-06 -1.15461e-08 -2.5292e-06 1 0.860664
1 2.06181e-05 1.16011e-08 9.37857e-07 -2.06181e-05 1 2.53362e-06 -1.29599e-06 -1.15489e-08 -2.53362e-06 1 0.864104
1 -2.06226e-05 -9.36154e-09 -1.18498e-06 2.06226e-05 1 -2.54484e-06 -8.51656e-06 9.41402e-09 2.54484e-06 1 0.87026
1 2.06255e-05 1.16137e-08 9.32867e-07 -2.06255e-05 1 2.55274e-06 -1.29167e-06 -1.1561e-08 -2.55274e-06 1 0.873199
1 2.06277e-05 1.16176e-08 9.31329e-07 -2.06277e-05 1 2.55861e-06 -1.29034e-06 -1.15648e-08 -2.55861e-06 1 0.874762
1 -2.06322e-05 -9.35487e-09 -1.19251e-06 2.06322e-05 1 -2.5698e-06 -8.52219e-06 9.40789e-09 2.5698e-06 1 0.876791
1 2.06333e-05 1.16272e-08 9.27479e-07 -2.06333e-05 1 2.57328e-06 -1.28703e-06 -1.15741e-08 -2.57328e-06 1 0.877274
1 2.0635e-05 1.16301e-08 9.26322e-07 -2.0635e-05 1 2.57768e-06 -1.28604e-06 -1.15769e-08 -2.57768e-06 1 0.877759
1 -2.06395e-05 -9.34977e-09 -1.19827e-06 2.06395e-05 1 -2.58885e-06 -8.52649e-06 9.4032e-09 2.58884e-06 1 0.878627
1 2.06423e-05 1.16426e-08 9.21307e-07 -2.06423e-05 1 2.5967e-06 -1.28175e-06 -1.1589e-08 -2.5967e-06 1 0.879041
1 2.06446e-05 1.16464e-08 9.19762e-07 -2.06446e-05 1 2.60255e-06 -1.28044e-06 -1.15927e-08 -2.60255e-06 1 0.879261
1 -2.06474e-05 -9.34427e-09 -1.20448e-06 2.06474e-05 1 -2.60931e-06 -8.5311e-06 9.39815e-09 2.60931e-06 1 0.87945
1 -2.06518e-05 -9.34113e-09 -1.20803e-06 2.06518e-05 1 -2.62098e-06 -8.53373e-06 9.39526e-09 2.62098e-06 1 0.879674
1 -2.06529e-05 -9.34034e-09 -1.20892e-06 2.06529e-05 1 -2.62389e-06 -8.53438e-06 9.39453e-09 2.62389e-06 1 0.879714
1 2.06557e-05 1.16656e-08 9.12028e-07 -2.06557e-05 1 2.63172e-06 -1.27387e-06 -1.16113e-08 -2.63172e-06 1 0.8798
1 2.06579e-05 1.16695e-08 9.10479e-07 -2.06579e-05 1 2.63755e-06 -1.27256e-06 -1.1615e-08 -2.63755e-06 1 0.879846
1 2.06612e-05 1.16752e-08 9.08155e-07 -2.06612e-05 1 2.64627e-06 -1.27059e-06 -1.16205e-08 -2.64627e-06 1 0.879896
1 -2.0664e-05 -9.33249e-09 -1.2178e-06 2.0664e-05 1 -2.653e-06 -8.54093e-06 9.38731e-09 2.653e-06 1 0.879923
1 2.06662e-05 1.16838e-08 9.04666e-07 -2.06662e-05 1 2.65935e-06 -1.26765e-06 -1.16288e-08 -2.65935e-06 1 0.879942
1 2.06695e-05 1.16895e-08 9.02339e-07 -2.06695e-05 1 2.66805e-06 -1.26569e-06 -1.16344e-08 -2.66805e-06 1 0.879961
1 2.06723e-05 1.16943e-08 9.00398e-07 -2.06723e-05 1 2.6753e-06 -1.26406e-06 -1.1639e-08 -2.6753e-06 1 0.879972
1 2.0675e-05 1.1699e-08 8.98456e-07 -2.0675e-05 1 2.68254e-06 -1.26244e-06 -1.16436e-08 -2.68254e-06 1 0.87998
1 -2.06778e-05 -9.32266e-09 -1.22892e-06 2.06778e-05 1 -2.68924e-06 -8.54908e-06 9.37827e-09 2.68924e-06 1 0.879985
1 -2.06805e-05 -9.3207e-09 -1.23115e-06 2.06805e-05 1 -2.69647e-06 -8.5507e-06 9.37646e-09 2.69647e-06 1 0.879989
1 -2.06833e-05 -9.31874e-09 -1.23337e-06 2.06833e-05 1 -2.7037e-06 -8.55233e-06 9.37466e-09 2.7037e-06 1 0.879992
1 -2.0686e-05 -9.31677e-09 -1.2356e-06 2.0686e-05 1 -2.71092e-06 -8.55395e-06 9.37285e-09 2.71092e-06 1 0.879994
1 2.06882e-05 1.17218e-08 8.89123e-07 -2.06882e-05 1 2.71722e-06 -1.25465e-06 -1.16656e-08 -2.71722e-06 1 0.879996
1 2.0692e-05 1.17285e-08 8.86397e-07 -2.0692e-05 1 2.72731e-06 -1.25239e-06 -1.1672e-08 -2.72731e-06 1 0.879997
1 2.06936e-05 1.17313e-08 8.85228e-07 -2.06936e-05 1 2.73163e-06 -1.25142e-06 -1.16748e-08 -2.73163e-06 1 0.879998
1 2.06969e-05 1.1737e-08 8.82889e-07 -2.06969e-05 1 2.74027e-06 -1.24948e-06 -1.16802e-08 -2.74027e-06 1 0.879998
1 2.06996e-05 1.17417e-08 8.80939e-07 -2.06996e-05 1 2.74746e-06 -1.24787e-06 -1.16848e-08 -2.74746e-06 1 0.879999
1 -2.07034e-05 -9.30419e-09 -1.24986e-06 2.07034e-05 1 -2.75698e-06 -8.56428e-06 9.36127e-09 2.75698e-06 1 0.879999
1 2.07055e-05 1.17521e-08 8.76646e-07 -2.07055e-05 1 2.76325e-06 -1.24433e-06 -1.16948e-08 -2.76325e-06 1 0.879999
1 -2.07077e-05 -9.30105e-09 -1.25343e-06 2.07077e-05 1 -2.76846e-06 -8.56685e-06 9.35838e-09 2.76846e-06 1 0.88
1 2.07104e-05 1.17605e-08 8.7313e-07 -2.07104e-05 1 2.77615e-06 -1.24144e-06 -1.1703e-08 -2.77615e-06 1 0.88
1 2.07131e-05 1.17652e-08 8.71175e-07 -2.07131e-05 1 2.78331e-06 -1.23983e-06 -1.17076e-08 -2.78331e-06 1 0.88
1 2.07158e-05 1.17699e-08 8.6922e-07 -2.07158e-05 1 2.79047e-06 -1.23823e-06 -1.17121e-08 -2.79047e-06 1 0.88
1 2.07184e-05 1.17746e-08 8.67263e-07 -2.07184e-05 1 2.79761e-06 -1.23663e-06 -1.17167e-08 -2.79762e-06 1 0.88
1 2.07211e-05 1.17793e-08 8.65305e-07 -2.07211e-05 1 2.80476e-06 -1.23504e-06 -1.17212e-08 -2.80476e-06 1 0.88
1 -2.07249e-05 -9.28847e-09 -1.26771e-06 2.07249e-05 1 -2.81422e-06 -8.57709e-06 9.34679e-09 2.81422e-06 1 0.88
1 2.07259e-05 1.17877e-08 8.6178e-07 -2.07259e-05 1 2.8176e-06 -1.23216e-06 -1.17293e-08 -2.8176e-06 1 0.88
1 2.07291e-05 1.17933e-08 8.59428e-07 -2.07291e-05 1 2.82615e-06 -1.23025e-06 -1.17348e-08 -2.82615e-06 1 0.88
1 2.07312e-05 1.17971e-08 8.57859e-07 -2.07312e-05 1 2.83184e-06 -1.22898e-06 -1.17384e-08 -2.83184e-06 1 0.88
1 -2.07345e-05 -9.28139e-09 -1.27576e-06 2.07345e-05 1 -2.83985e-06 -8.58282e-06 9.34027e-09 2.83985e-06 1 0.88
1 2.07376e-05 1.18083e-08 8.53149e-07 -2.07376e-05 1 2.84891e-06 -1.22517e-06 -1.17492e-08 -2.84891e-06 1 0.88
1 2.07403e-05 1.18129e-08 8.51185e-07 -2.07403e-05 1 2.85601e-06 -1.22358e-06 -1.17537e-08 -2.85601e-06 1 0.88
1 -2.07429e-05 -9.2751e-09 -1.28291e-06 2.07429e-05 1 -2.86258e-06 -8.5879e-06 9.33448e-09 2.86257e-06 1 0.88
1 -2.07456e-05 -9.27313e-09 -1.28515e-06 2.07456e-05 1 -2.86966e-06 -8.58948e-06 9.33266e-09 2.86966e-06 1 0.88
1 -2.07482e-05 -9.27116e-09 -1.28739e-06 2.07482e-05 1 -2.87675e-06 -8.59106e-06 9.33085e-09 2.87675e-06 1 0.88
1 2.07498e-05 1.18297e-08 8.44107e-07 -2.07498e-05 1 2.88152e-06 -1.21789e-06 -1.17699e-08 -2.88152e-06 1 0.88
1 2.07529e-05 1.18352e-08 8.41745e-07 -2.07529e-05 1 2.89001e-06 -1.21599e-06 -1.17753e-08 -2.89001e-06 1 0.88
1 2.07566e-05 1.18417e-08 8.38987e-07 -2.07566e-05 1 2.8999e-06 -1.21379e-06 -1.17815e-08 -2.8999e-06 1 0.88
1 2.07576e-05 1.18436e-08 8.38199e-07 -2.07576e-05 1 2.90272e-06 -1.21316e-06 -1.17833e-08 -2.90272e-06 1 0.88
1 2.07608e-05 1.18491e-08 8.35834e-07 -2.07608e-05 1 2.91119e-06 -1.21127e-06 -1.17887e-08 -2.91119e-06 1 0.88
1 -2.07639e-05 -9.25937e-09 -1.30082e-06 2.07639e-05 1 -2.91912e-06 -8.60051e-06 9.31998e-09 2.91912e-06 1 0.88
1 -2.07665e-05 -9.2574e-09 -1.30306e-06 2.07665e-05 1 -2.92617e-06 -8.60208e-06 9.31816e-09 2.92617e-06 1 0.88
1 2.07675e-05 1.18611e-08 8.30705e-07 -2.07675e-05 1 2.9295e-06 -1.20719e-06 -1.18003e-08 -2.9295e-06 1 0.88
1 2.07712e-05 1.18676e-08 8.27941e-07 -2.07712e-05 1 2.93935e-06 -1.205e-06 -1.18065e-08 -2.93935e-06 1 0.88
1 2.07738e-05 1.18722e-08 8.25965e-07 -2.07738e-05 1 2.94638e-06 -1.20343e-06 -1.1811e-08 -2.94638e-06 1 0.88
1 2.07764e-05 1.18768e-08 8.23989e-07 -2.07764e-05 1 2.9534e-06 -1.20187e-06 -1.18154e-08 -2.9534e-06 1 0.88
1 -2.07795e-05 -9.24756e-09 -1.31427e-06 2.07795e-05 1 -2.96129e-06 -8.6099e-06 9.30909e-09 2.96129e-06 1 0.88
1 -2.07816e-05 -9.24599e-09 -1.31607e-06 2.07816e-05 1 -2.9669e-06 -8.61114e-06 9.30764e-09 2.9669e-06 1 0.880295
1 -2.07836e-05 -9.24441e-09 -1.31786e-06 2.07836e-05 1 -2.9725e-06 -8.61239e-06 9.30619e-09 2.9725e-06 1 0.886042
1 2.07872e-05 1.18961e-08 8.15718e-07 -2.07872e-05 1 2.98282e-06 -1.19533e-06 -1.18341e-08 -2.98282e-06 1 0.911985
1 -2.07888e-05 -9.24048e-09 -1.3223e-06 2.07888e-05 1 -2.9865e-06 -8.6155e-06 9.30257e-09 2.9865e-06 1 0.923867
1 -2.07924e-05 -9.23772e-09 -1.32539e-06 2.07924e-05 1 -2.99628e-06 -8.61767e-06 9.30002e-09 2.99628e-06 1 0.961997
1 2.07944e-05 1.19089e-08 8.1026e-07 -2.07944e-05 1 3.00238e-06 -1.19098e-06 -1.18465e-08 -3.00238e-06 1 0.982445
1 2.07969e-05 1.19135e-08 8.08309e-07 -2.07969e-05 1 3.00935e-06 -1.18943e-06 -1.18509e-08 -3.00935e-06 1 1.00775
1 -2.08011e-05 -9.23104e-09 -1.33291e-06 2.08011e-05 1 -3.01999e-06 -8.62294e-06 9.29385e-09 3.01998e-06 1 1.05301
1 -2.08021e-05 -9.23025e-09 -1.33379e-06 2.08021e-05 1 -3.02277e-06 -8.62355e-06 9.29313e-09 3.02277e-06 1 1.06616
1 2.08056e-05 1.1929e-08 8.01702e-07 -2.08056e-05 1 3.03302e-06 -1.18418e-06 -1.18659e-08 -3.03302e-06 1 1.11823
1 2.08066e-05 1.19308e-08 8.00926e-07 -2.08066e-05 1 3.0358e-06 -1.18356e-06 -1.18676e-08 -3.0358e-06 1 1.13261
1 -2.08102e-05 -9.22395e-09 -1.34085e-06 2.08102e-05 1 -3.04502e-06 -8.62849e-06 9.28732e-09 3.04502e-06 1 1.16962
1 -2.08117e-05 -9.22277e-09 -1.34219e-06 2.08117e-05 1 -3.04918e-06 -8.62941e-06 9.28623e-09 3.04918e-06 1 1.18207
1 2.08147e-05 1.19453e-08 7.94665e-07 -2.08147e-05 1 3.05801e-06 -1.17863e-06 -1.18817e-08 -3.05801e-06 1 1.2118
1 2.08173e-05 1.19499e-08 7.92711e-07 -2.08173e-05 1 3.06494e-06 -1.1771e-06 -1.18861e-08 -3.06494e-06 1 1.24007
1 -2.08198e-05 -9.21647e-09 -1.34927e-06 2.08198e-05 1 -3.07136e-06 -8.63433e-06 9.28042e-09 3.07136e-06 1 1.26834
1 -2.08223e-05 -9.2145e-09 -1.35148e-06 2.08223e-05 1 -3.07828e-06 -8.63586e-06 9.2786e-09 3.07828e-06 1 1.30176
1 2.08248e-05 1.19634e-08 7.86855e-07 -2.08248e-05 1 3.0857e-06 -1.1725e-06 -1.18992e-08 -3.0857e-06 1 1.3314
1 -2.08274e-05 -9.21057e-09 -1.35592e-06 2.08274e-05 1 -3.0921e-06 -8.63892e-06 9.27497e-09 3.0921e-06 1 1.34909
1 2.08298e-05 1.19725e-08 7.82923e-07 -2.08298e-05 1 3.0995e-06 -1.16944e-06 -1.19079e-08 -3.09951e-06 1 1.37372
1 2.08323e-05 1.1977e-08 7.80964e-07 -2.08323e-05 1 3.1064e-06 -1.16792e-06 -1.19123e-08 -3.1064e-06 1 1.40123
1 2.08348e-05 1.19815e-08 7.79009e-07 -2.08348e-05 1 3.11329e-06 -1.16639e-06 -1.19166e-08 -3.11329e-06 1 1.43222
1 2.08373e-05 1.1986e-08 7.77056e-07 -2.08373e-05 1 3.12017e-06 -1.16487e-06 -1.1921e-08 -3.12017e-06 1 1.46521
1 2.08393e-05 1.19896e-08 7.75486e-07 -2.08393e-05 1 3.12568e-06 -1.16365e-06 -1.19245e-08 -3.12568e-06 1 1.487
1 2.08423e-05 1.1995e-08 7.73119e-07 -2.08423e-05 1 3.13393e-06 -1.16183e-06 -1.19297e-08 -3.13393e-06 1 1.51125
1 -2.08453e-05 -9.1964e-09 -1.3719e-06 2.08453e-05 1 -3.14166e-06 -8.64988e-06 9.26189e-09 3.14166e-06 1 1.53668
1 2.08468e-05 1.20031e-08 7.69577e-07 -2.08468e-05 1 3.14628e-06 -1.1591e-06 -1.19375e-08 -3.14628e-06 1 1.55589
1 -2.08493e-05 -9.19325e-09 -1.37545e-06 2.08493e-05 1 -3.15264e-06 -8.6523e-06 9.25898e-09 3.15264e-06 1 1.58319
1 -2.08527e-05 -9.1905e-09 -1.37854e-06 2.08527e-05 1 -3.16223e-06 -8.65442e-06 9.25644e-09 3.16223e-06 1 1.62983
1 2.08547e-05 1.20174e-08 7.63312e-07 -2.08547e-05 1 3.16821e-06 -1.15426e-06 -1.19513e-08 -3.16821e-06 1 1.66172
1 2.08571e-05 1.20219e-08 7.61357e-07 -2.08571e-05 1 3.17505e-06 -1.15275e-06 -1.19557e-08 -3.17505e-06 1 1.69837
1 -2.08596e-05 -9.18499e-09 -1.38472e-06 2.08596e-05 1 -3.18138e-06 -8.65865e-06 9.25135e-09 3.18138e-06 1 1.73216
1 -2.08621e-05 -9.18302e-09 -1.38693e-06 2.08621e-05 1 -3.18821e-06 -8.66015e-06 9.24954e-09 3.18821e-06 1 1.77036
1 2.08645e-05 1.20353e-08 7.55495e-07 -2.08645e-05 1 3.19553e-06 -1.14823e-06 -1.19686e-08 -3.19553e-06 1 1.81232
1 2.08664e-05 1.20388e-08 7.53923e-07 -2.08664e-05 1 3.20099e-06 -1.14702e-06 -1.1972e-08 -3.20099e-06 1 1.83698
1 2.08694e-05 1.20442e-08 7.5155e-07 -2.08694e-05 1 3.20916e-06 -1.14522e-06 -1.19772e-08 -3.20916e-06 1 1.86432
1 -2.08724e-05 -9.17476e-09 -1.39625e-06 2.08724e-05 1 -3.21683e-06 -8.66646e-06 9.2419e-09 3.21683e-06 1 1.89159
1 2.08747e-05 1.2054e-08 7.47211e-07 -2.08747e-05 1 3.22413e-06 -1.14192e-06 -1.19867e-08 -3.22413e-06 1 1.92391
1 2.08762e-05 1.20566e-08 7.46032e-07 -2.08762e-05 1 3.2282e-06 -1.14103e-06 -1.19892e-08 -3.2282e-06 1 1.94311
1 -2.08796e-05 -9.16886e-09 -1.4029e-06 2.08796e-05 1 -3.23721e-06 -8.67095e-06 9.23645e-09 3.23721e-06 1 1.98742
1 2.08815e-05 1.20664e-08 7.41711e-07 -2.08815e-05 1 3.24314e-06 -1.13774e-06 -1.19986e-08 -3.24314e-06 1 2.0191
1 -2.0884e-05 -9.16532e-09 -1.40689e-06 2.0884e-05 1 -3.24942e-06 -8.67364e-06 9.23318e-09 3.24942e-06 1 2.04478
1 -2.08864e-05 -9.16335e-09 -1.40912e-06 2.08864e-05 1 -3.25619e-06 -8.67513e-06 9.23136e-09 3.25619e-06 1 2.07367
1 -2.08888e-05 -9.16138e-09 -1.41133e-06 2.08888e-05 1 -3.26296e-06 -8.67661e-06 9.22954e-09 3.26296e-06 1 2.10565
1 2.08912e-05 1.20841e-08 7.33825e-07 -2.08912e-05 1 3.27022e-06 -1.13178e-06 -1.20157e-08 -3.27022e-06 1 2.14339
1 -2.08936e-05 -9.15745e-09 -1.41576e-06 2.08936e-05 1 -3.27648e-06 -8.67959e-06 9.22591e-09 3.27648e-06 1 2.1757
1 2.0896e-05 1.20929e-08 7.29893e-07 -2.0896e-05 1 3.28373e-06 -1.12881e-06 -1.20243e-08 -3.28373e-06 1 2.21644
1 2.08984e-05 1.20973e-08 7.27928e-07 -2.08984e-05 1 3.29047e-06 -1.12733e-06 -1.20285e-08 -3.29047e-06 1 2.25433
1 2.09003e-05 1.21008e-08 7.26356e-07 -2.09003e-05 1 3.29586e-06 -1.12614e-06 -1.20319e-08 -3.29586e-06 1 2.28508
1 -2.09032e-05 -9.14958e-09 -1.42461e-06 2.09032e-05 1 -3.30345e-06 -8.68551e-06 9.21863e-09 3.30345e-06 1 2.32782
1 2.09056e-05 1.21105e-08 7.22032e-07 -2.09056e-05 1 3.31068e-06 -1.12289e-06 -1.20413e-08 -3.31068e-06 1 2.37093
1 -2.09085e-05 -9.14525e-09 -1.42947e-06 2.09085e-05 1 -3.31825e-06 -8.68876e-06 9.21463e-09 3.31825e-06 1 2.41324
1 2.09103e-05 1.21192e-08 7.18087e-07 -2.09103e-05 1 3.32412e-06 -1.11994e-06 -1.20497e-08 -3.32412e-06 1 2.44075
1 2.09127e-05 1.21236e-08 7.16108e-07 -2.09127e-05 1 3.33083e-06 -1.11846e-06 -1.2054e-08 -3.33083e-06 1 2.47187
1 2.09151e-05 1.2128e-08 7.14131e-07 -2.09151e-05 1 3.33754e-06 -1.11699e-06 -1.20582e-08 -3.33754e-06 1 2.50547
1 -2.09175e-05 -9.13778e-09 -1.43792e-06 2.09175e-05 1 -3.34375e-06 -8.69435e-06 9.20772e-09 3.34375e-06 1 2.53725
1 2.09198e-05 1.21367e-08 7.10183e-07 -2.09198e-05 1 3.35094e-06 -1.11406e-06 -1.20666e-08 -3.35094e-06 1 2.57752
1 2.09217e-05 1.21402e-08 7.08605e-07 -2.09217e-05 1 3.35629e-06 -1.11288e-06 -1.207e-08 -3.35629e-06 1 2.60745
1 2.0924e-05 1.21446e-08 7.06622e-07 -2.0924e-05 1 3.36298e-06 -1.11142e-06 -1.20742e-08 -3.36298e-06 1 2.63854
1 2.09264e-05 1.21489e-08 7.04636e-07 -2.09264e-05 1 3.36966e-06 -1.10995e-06 -1.20784e-08 -3.36966e-06 1 2.66794
1 2.09297e-05 1.2155e-08 7.01861e-07 -2.09297e-05 1 3.379e-06 -1.10791e-06 -1.20843e-08 -3.379e-06 1 2.71387
1 -2.09321e-05 -9.1256e-09 -1.45169e-06 2.09321e-05 1 -3.38518e-06 -8.70343e-06 9.19646e-09 3.38518e-06 1 2.74544
1 2.09339e-05 1.21628e-08 6.98299e-07 -2.09339e-05 1 3.391e-06 -1.10528e-06 -1.20919e-08 -3.391e-06 1 2.77815
1 2.09362e-05 1.21672e-08 6.96321e-07 -2.09362e-05 1 3.39766e-06 -1.10382e-06 -1.20961e-08 -3.39766e-06 1 2.81483
1 -2.09386e-05 -9.12009e-09 -1.45791e-06 2.09386e-05 1 -3.40383e-06 -8.7075e-06 9.19137e-09 3.40383e-06 1 2.8412
1 -2.09409e-05 -9.11813e-09 -1.46015e-06 2.09409e-05 1 -3.41048e-06 -8.70896e-06 9.18955e-09 3.41048e-06 1 2.863
1 2.09437e-05 1.2181e-08 6.8993e-07 -2.09437e-05 1 3.41893e-06 -1.09917e-06 -1.21094e-08 -3.41893e-06 1 2.89476
1 2.0945e-05 1.21836e-08 6.88734e-07 -2.0945e-05 1 3.42292e-06 -1.0983e-06 -1.21119e-08 -3.42292e-06 1 2.91195
1 2.09478e-05 1.21888e-08 6.86347e-07 -2.09478e-05 1 3.43087e-06 -1.09656e-06 -1.2117e-08 -3.43087e-06 1 2.94975
1 2.09501e-05 1.21931e-08 6.8436e-07 -2.09501e-05 1 3.4375e-06 -1.09511e-06 -1.21211e-08 -3.4375e-06 1 2.98383
1 -4.48965e-06 -4.45445e-08 -5.52019e-07 4.48965e-06 1 -6.99699e-11 3.31945e-07 4.45445e-08 6.97699e-11 1 3.02213
1 2.72145e-06 -6.84939e-07 7.48487e-07 -2.72147e-06 1 -2.55022e-05 -9.98592e-06 6.8487e-07 2.55022e-05 1 3.04997
1 3.92097e-09 -1.09216e-06 1.17447e-06 -3.94631e-09 1 -2.3205e-05 -9.80966e-06 1.09216e-06 2.3205e-05 1 3.07632
1 -1.25661e-08 -1.32995e-06 1.59806e-06 1.25969e-08 1 2.32027e-05 -7.44783e-10 1.32995e-06 -2.32027e-05 1 3.10513
1 -2.42242e-08 -1.49104e-06 1.99223e-06 2.42588e-08 1 2.31999e-05 -1.28624e-09 1.49104e-06 -2.31999e-05 1 3.14631
1 -3.19923e-08 -1.54601e-06 2.17138e-06 3.20281e-08 1 2.3198e-05 -1.64735e-09 1.54601e-06 -2.3198e-05 1 3.17504
1 -4.55781e-08 -1.5939e-06 2.37225e-06 4.5615e-08 1 2.31947e-05 -2.27967e-09 1.5939e-06 -2.31947e-05 1 3.22478
1 5.05299e-08 -1.60275e-06 2.42818e-06 -5.05671e-08 1 -2.31937e-05 -9.80749e-06 1.60275e-06 2.31937e-05 1 3.23897
1 -6.10914e-08 -1.6146e-06 2.4965e-06 6.11289e-08 1 2.31909e-05 -3.00296e-09 1.61459e-06 -2.31909e-05 1 3.27136
1 -2.03408e-05 -1.62983e-06 1.48338e-06 2.03408e-05 1 -8.15965e-06 -1.09403e-05 1.62999e-06 8.15962e-06 1 3.30725
1 -3.19712e-09 -1.2582e-05 3.28857e-06 2.83622e-09 1 -2.86833e-05 -9.81027e-06 1.2582e-05 2.86833e-05 1 3.34202
1 6.43703e-10 -2.28608e-05 4.66345e-06 6.56621e-11 1 3.10297e-05 -5.00715e-07 2.28608e-05 -3.10297e-05 1 3.37824
1 7.20628e-10 -2.82141e-05 5.7595e-06 1.54463e-10 1 3.1016e-05 -5.0275e-07 2.82141e-05 -3.1016e-05 1 3.41489
1 -1.4842e-10 -3.09908e-05 6.63748e-06 1.48415e-10 1 -1.41186e-10 -2.5166e-11 3.09908e-05 1.41181e-10 1 3.44435
1 -6.03418e-11 -3.2325e-05 7.07976e-06 6.03429e-11 1 3.28066e-11 3.15608e-11 3.2325e-05 -3.28085e-11 1 3.47121
1 -6.03405e-11 -3.3123e-05 7.13965e-06 6.03416e-11 1 3.26644e-11 3.18224e-11 3.3123e-05 -3.26664e-11 1 3.50376
1 -1.48117e-10 -3.36173e-05 6.68836e-06 1.48112e-10 1 -1.40466e-10 -2.40564e-11 3.36173e-05 1.40461e-10 1 3.54909
1 -6.03783e-11 -3.37524e-05 6.26602e-06 6.03794e-11 1 3.2488e-11 3.24068e-11 3.37524e-05 -3.249e-11 1 3.57451
1 -6.04112e-11 -3.38788e-05 5.34092e-06 6.04123e-11 1 3.24104e-11 3.27717e-11 3.38788e-05 -3.24124e-11 1 3.61823
1 -2.4323e-06 -3.6458e-05 9.4867e-06 2.43223e-06 1 -2.02203e-06 -1.0258e-05 3.6458e-05 2.02195e-06 1 3.6502
1 -2.43833e-06 -3.75469e-05 1.17707e-05 2.43826e-06 1 -2.02639e-06 -1.0258e-05 3.75469e-05 2.0263e-06 1 3.67454
1 -2.44587e-06 -3.83063e-05 1.35628e-05 2.44579e-06 1 -2.03184e-06 -1.02581e-05 3.83063e-05 2.03175e-06 1 3.70738
1 -2.45641e-06 -3.87987e-05 1.46127e-05 2.45633e-06 1 -2.03946e-06 -1.02582e-05 3.87987e-05 2.03936e-06 1 3.75658
1 2.45991e-06 -3.88877e-05 1.49449e-05 -2.45983e-06 1 2.04203e-06 4.48159e-07 3.88877e-05 -2.04193e-06 1 3.77452
1 -5.25554e-11 -3.89977e-05 1.4915e-05 5.25552e-11 1 -6.84178e-12 2.16336e-11 3.89977e-05 6.83973e-12 1 3.80356
1 -1.48214e-10 -3.90494e-05 1.49825e-05 1.4821e-10 1 -9.45212e-11 1.60613e-12 3.90494e-05 9.45154e-11 1 3.82279
1 -5.26993e-11 -3.90864e-05 1.46095e-05 5.2699e-11 1 -6.95846e-12 2.20053e-11 3.90864e-05 6.9564e-12 1 3.85337
1 -1.48172e-10 -3.90985e-05 1.40087e-05 1.48168e-10 1 -9.44828e-11 2.08173e-12 3.90985e-05 9.4477e-11 1 3.87905
1 -1.48153e-10 -3.91059e-05 1.30987e-05 1.4815e-10 1 -9.4464e-11 2.34949e-12 3.91059e-05 9.44582e-11 1 3.91064
1 -1.48139e-10 -3.91091e-05 1.22365e-05 1.48135e-10 1 -9.44488e-11 2.57848e-12 3.91091e-05 9.4443e-11 1 3.93763
1 -1.48118e-10 -3.91116e-05 1.0806e-05 1.48114e-10 1 -9.44257e-11 2.93426e-12 3.91116e-05 9.44199e-11 1 3.97957
1 -1.481e-10 -3.91127e-05 9.84646e-06 1.48096e-10 1 -9.44064e-11 3.16827e-12 3.91127e-05 9.44006e-11 1 4.0072
1 -1.48082e-10 -3.91132e-05 9.15359e-06 1.48078e-10 1 -9.43871e-11 3.3364e-12 3.91132e-05 9.43813e-11 1 4.02713
1 -1.48064e-10 -3.91135e-05 8.65313e-06 1.48061e-10 1 -9.43677e-11 3.45706e-12 3.91135e-05 9.4362e-11 1 4.04151
1 -1.48047e-10 -3.91136e-05 8.29146e-06 1.48043e-10 1 -9.43484e-11 3.54344e-12 3.91136e-05 9.43426e-11 1 4.05189
1 -1.48033e-10 -3.91137e-05 8.07569e-06 1.48029e-10 1 -9.4333e-11 3.59437e-12 3.91137e-05 9.43272e-11 1 4.05807
1 -5.33099e-11 -3.91138e-05 7.85233e-06 5.33096e-11 1 -7.50587e-12 2.35663e-11 3.91138e-05 7.50378e-12 1 4.06431
1 -1.47994e-10 -3.91138e-05 7.70345e-06 1.4799e-10 1 -9.42905e-11 3.67984e-12 3.91138e-05 9.42847e-11 1 4.06867
1 -1.47976e-10 -3.91138e-05 7.60387e-06 1.47973e-10 1 -9.42713e-11 3.70147e-12 3.91138e-05 9.42655e-11 1 4.07148
1 -5.35076e-11 -3.91139e-05 7.52074e-06 5.35073e-11 1 -7.68433e-12 2.35673e-11 3.91139e-05 7.68224e-12 1 4.07368
1 -1.47941e-10 -3.91138e-05 7.47851e-06 1.47937e-10 1 -9.42328e-11 3.72659e-12 3.91138e-05 9.4227e-11 1 4.07497
1 -5.36308e-11 -3.91139e-05 7.43188e-06 5.36305e-11 1 -7.79558e-12 2.35388e-11 3.91139e-05 7.79348e-12 1 4.07612
1 -5.36677e-11 -3.91139e-05 7.41424e-06 5.36674e-11 1 -7.82892e-12 2.3528e-11 3.91139e-05 7.82682e-12 1 4.07659
1 -1.47888e-10 -3.91138e-05 7.3899e-06 1.47885e-10 1 -9.41751e-11 3.73968e-12 3.91138e-05 9.41693e-11 1 4.07734
1 -1.47871e-10 -3.91138e-05 7.37396e-06 1.47867e-10 1 -9.4156e-11 3.7407e-12 3.91138e-05 9.41502e-11 1 4.07774
1 -5.38641e-11 -3.91139e-05 7.35832e-06 5.38638e-11 1 -8.00631e-12 2.34615e-11 3.91139e-05 8.0042e-12 1 4.078
1 -5.39254e-11 -3.91139e-05 7.34873e-06 5.39251e-11 1 -8.0616e-12 2.34388e-11 3.91139e-05 8.05949e-12 1 4.07821
1 -1.47822e-10 -3.91138e-05 7.35062e-06 1.47818e-10 1 -9.41024e-11 3.73831e-12 3.91138e-05 9.40966e-11 1 4.07824
1 -1.47797e-10 -3.91138e-05 7.96368e-06 1.47794e-10 1 -9.40756e-11 3.6004e-12 3.91138e-05 9.40699e-11 1 4.06251
1 -5.41208e-11 -3.91139e-05 8.78496e-06 5.41204e-11 1 -8.23801e-12 2.30453e-11 3.91139e-05 8.23589e-12 1 4.04135
1 -1.4777e-10 -3.91139e-05 9.59936e-06 1.47766e-10 1 -9.40451e-11 3.23821e-12 3.91139e-05 9.40393e-11 1 4.02061
1 -1.47749e-10 -3.91139e-05 1.12396e-05 1.47745e-10 1 -9.40223e-11 2.87611e-12 3.91139e-05 9.40165e-11 1 3.97861
1 -1.47731e-10 -3.91139e-05 1.27555e-05 1.47728e-10 1 -9.40032e-11 2.5418e-12 3.91139e-05 9.39974e-11 1 3.9398
1 -1.47714e-10 -3.91139e-05 1.39687e-05 1.4771e-10 1 -9.39842e-11 2.27359e-12 3.91139e-05 9.39784e-11 1 3.90873
1 -1.47697e-10 -3.91139e-05 1.48189e-05 1.47693e-10 1 -9.39652e-11 2.08488e-12 3.91139e-05 9.39594e-11 1 3.88694
1 -1.47679e-10 -3.91139e-05 1.50891e-05 1.47675e-10 1 -9.39462e-11 2.02293e-12 3.91139e-05 9.39404e-11 1 3.87998
1 -5.4547e-11 -3.9114e-05 1.47966e-05 5.45467e-11 1 -8.62293e-12 2.15567e-11 3.9114e-05 8.6208e-12 1 3.88728
1 -1.47648e-10 -3.91139e-05 1.43831e-05 1.47644e-10 1 -9.39121e-11 2.17221e-12 3.91139e-05 9.39063e-11 1 3.89793
1 -1.47627e-10 -3.91139e-05 1.33844e-05 1.47624e-10 1 -9.38894e-11 2.38719e-12 3.91139e-05 9.38836e-11 1 3.9234
1 -1.4761e-10 -3.91139e-05 1.26754e-05 1.47606e-10 1 -9.38704e-11 2.53942e-12 3.91139e-05 9.38647e-11 1 3.94147
1 -1.47593e-10 -3.91139e-05 1.21634e-05 1.47589e-10 1 -9.38516e-11 2.64859e-12 3.91139e-05 9.38458e-11 1 3.9545
1 7.09453e-10 -0.000761941 -0.000101404 -7.08987e-10 1 6.11805e-10 1.38055e-10 0.000761941 -6.11265e-10 1 3.96305
0.999764 -2.58358e-11 -0.021725 -0.00335497 -6.79071e-11 1 -4.31424e-09 -5.8239e-10 0.021725 4.3147e-09 0.999764 3.96935
0.99882 -8.95415e-06 -0.048563 -0.00745744 1.0009e-05 1 2.14785e-05 6.49212e-07 0.048563 -2.19392e-05 0.99882 3.97163
0.995605 8.4983e-06 -0.0936502 -0.0142081 -7.94738e-06 1 6.25571e-06 1.36173e-06 0.0936502 -5.48394e-06 0.995605 3.97251
0.988246 -1.59951e-05 -0.15287 -0.0228284 1.93474e-05 1 2.0442e-05 1.25872e-06 0.15287 -2.31593e-05 0.988246 3.97109
0.981216 -2.21747e-06 -0.19291 -0.0284898 7.23155e-06 1 2.52876e-05 4.68569e-07 0.19291 -2.62077e-05 0.981216 3.96918
0.975271 8.33574e-11 -0.221014 -0.0322961 6.29001e-10 1 3.15275e-09 4.49643e-10 0.221014 -3.2138e-09 0.975271 3.96798
0.973011 -7.03981e-06 -0.23076 -0.03355 -2.58864e-08 1 -3.06162e-05 -9.18322e-06 0.23076 2.97958e-05 0.973011 3.96772
0.97069 1.09905e-06 -0.240337 -0.0347008 4.10869e-06 1 2.11675e-05 -4.21862e-06 0.240337 -2.15345e-05 0.97069 3.9677
0.9699 -1.09938e-10 -0.243505 -0.0350388 2.92118e-10 1 7.12048e-10 1.70144e-10 0.243505 -7.61747e-10 0.9699 3.96783
0.969422 -6.18696e-11 -0.245398 -0.0352115 6.18648e-11 1 -7.72817e-12 3.37938e-11 0.245398 -7.68968e-12 0.969422 3.96801
0.969173 3.3617e-05 -0.246381 -0.0352773 -3.46863e-05 1 1.30444e-10 -2.24584e-06 0.246381 8.54592e-06 0.969173 3.96818
0.969053 4.68361e-05 -0.246854 -0.0352952 -4.83318e-05 1 1.25027e-10 -3.12933e-06 0.246854 1.19308e-05 0.969053 3.9683
0.968604 -3.62642e-05 -0.248609 -0.0355072 3.74369e-05 1 -1.05486e-08 -6.91786e-06 0.248609 -9.29693e-06 0.968604 3.96827
0.963353 -2.80834e-05 -0.268238 -0.0382215 2.41683e-05 1 -1.78975e-05 -9.83408e-06 0.268238 1.07588e-05 0.963353 3.96637
0.952303 -3.68207e-09 -0.305153 -0.0432477 3.83037e-09 1 -1.12697e-10 -2.42511e-10 0.305153 -1.06153e-09 0.952303 3.96253
0.940004 2.00315e-05 -0.341164 -0.048034 -1.27183e-05 1 2.36726e-05 -8.24844e-07 0.341164 -1.79133e-05 0.940004 3.95852
0.920916 1.97075e-09 -0.389762 -0.0542973 -3.08086e-09 1 -2.22306e-09 -1.16694e-10 0.389762 3.24805e-09 0.920916 3.95272
0.911514 -1.61699e-10 -0.411268 -0.0569332 -7.25916e-10 1 -2.00206e-09 -2.33269e-10 0.411268 2.12345e-09 0.911514 3.95004
0.904553 3.00367e-06 -0.426361 -0.0587091 -1.29656e-05 1 -2.04626e-05 -1.06493e-05 0.426361 2.40375e-05 0.904553 3.94813
0.891652 2.83068e-05 -0.452721 -0.0619043 -3.17375e-05 1 1.76864e-08 -3.94378e-06 0.452721 1.43525e-05 0.891652 3.9446
0.877239 -5.19057e-09 -0.480053 -0.0651871 -2.25882e-10 1 -1.12253e-08 -1.50319e-09 0.480053 9.95568e-09 0.877239 3.94077
0.855454 4.70609e-09 -0.517879 -0.0696183 -2.93316e-10 1 8.60271e-09 1.27299e-09 0.517879 -7.20732e-09 0.855454 3.93518
0.830342 -2.57312e-06 -0.557255 -0.0740732 3.94625e-06 1 1.26264e-06 2.55387e-07 0.557255 -3.24748e-06 0.830342 3.929
0.800463 -4.11535e-09 -0.599382 -0.0786345 4.16891e-09 1 -1.29848e-09 -8.0458e-10 0.599382 -1.45939e-09 0.800463 3.92193
0.781509 1.69116e-09 -0.623894 -0.0810956 -1.50872e-09 1 8.20787e-10 2.08667e-10 0.623894 2.99832e-10 0.781509 3.91764
0.770992 2.59884e-05 -0.636845 -0.082304 -3.36981e-05 1 1.16035e-08 -3.58227e-06 0.636845 2.14515e-05 0.770992 3.91534
0.754248 3.02321e-09 -0.65659 -0.0842441 -2.75535e-09 1 1.43925e-09 3.7205e-10 0.65659 7.23581e-10 0.754248 3.91164
0.728368 -3.85906e-09 -0.685186 -0.087004 4.30553e-09 1 -1.05526e-09 -4.07224e-10 0.685186 -2.18147e-09 0.728368 3.90599
0.697477 -1.96611e-05 -0.716607 -0.0898974 -4.82102e-08 1 -2.74833e-05 -9.80733e-06 0.716607 1.92035e-05 0.697477 3.89941
0.666666 2.03691e-05 -0.745357 -0.0923833 -3.05281e-05 1 2.29363e-08 -4.16661e-06 0.745357 2.2739e-05 0.666666 3.893
0.627291 -4.74218e-09 -0.778785 -0.0950466 4.99011e-09 1 -2.0698e-09 -5.80862e-10 0.778785 -2.58785e-09 0.627291 3.88503
0.605558 -2.99739e-05 -0.795801 -0.0962414 1.37862e-05 1 -2.71746e-05 -1.07011e-05 0.795801 5.48478e-06 0.605558 3.88077
0.564785 -1.69587e-05 -0.825238 -0.0981703 1.60428e-05 1 -9.57055e-06 -2.97075e-06 0.825238 -7.83383e-06 0.564785 3.87288
0.54336 -5.88077e-09 -0.8395 -0.0990204 4.58783e-09 1 -4.03565e-09 -8.50824e-10 0.8395 -1.65867e-09 0.54336 3.86878
0.500328 -1.70743e-05 -0.865836 -0.100387 2.01399e-05 1 -8.08209e-06 -3.72172e-06 0.865836 -1.33942e-05 0.500328 3.86068
0.458268 -2.18109e-09 -0.888814 -0.101302 4.14754e-09 1 -3.15478e-10 -5.23332e-10 0.888814 -3.54182e-09 0.458268 3.85294
0.412116 -2.72701e-05 -0.911132 -0.101858 -4.66349e-08 1 -2.9951e-05 -9.80723e-06 0.911132 1.23858e-05 0.412116 3.84464
0.387431 -1.2146e-05 -0.921899 -0.101933 3.12752e-05 1 -3.13974e-08 -5.78254e-06 0.921899 -2.88204e-05 0.387431 3.84034
0.350852 -9.5006e-06 -0.936431 -0.101876 3.86779e-05 1 4.34586e-06 -5.99842e-06 0.936431 -3.77439e-05 0.350852 3.83399
0.310383 -3.65308e-09 -0.950612 -0.101552 -1.63618e-09 1 -4.3771e-09 -5.04358e-10 0.950612 2.91395e-09 0.310383 3.82703
0.270603 -1.01916e-09 -0.962691 -0.100959 5.21266e-09 1 4.06573e-10 -6.88092e-10 0.962691 -5.1282e-09 0.270603 3.8203
0.225626 -6.03109e-09 -0.974214 -0.0999619 1.25799e-10 1 -6.16159e-09 -8.76591e-10 0.974214 1.26766e-09 0.225626 3.81282
