1 0 -1.0842e-19 0 -2.58494e-26 1 9.54206e-27 0 1.0842e-19 9.51682e-27 1 0
1 1.07022e-17 -1.0842e-19 0 -1.07022e-17 1 -1.48115e-17 5.35931e-18 1.0842e-19 1.48115e-17 1 0
1 1.47282e-17 -1.0842e-19 0 -1.47282e-17 1 -1.09995e-17 6.17266e-18 1.0842e-19 1.09995e-17 1 0
1 -5.55847e-18 -1.0842e-19 -6.93889e-18 5.55847e-18 1 -4.2598e-18 -9.72473e-19 1.0842e-19 4.2598e-18 1 0
1 9.17219e-18 -1.0842e-19 0 -9.17219e-18 1 -1.34646e-17 5.46954e-18 1.0842e-19 1.34646e-17 1 0
1 -9.57754e-19 -1.0842e-19 -6.93889e-18 9.57754e-19 1 -2.2366e-19 -9.10031e-20 1.0842e-19 2.2366e-19 1 0
1 6.86598e-18 -1.0842e-19 0 -6.86598e-18 1 -1.9745e-17 4.3891e-18 1.0842e-19 1.9745e-17 1 0
1 1.24238e-17 -1.0842e-19 0 -1.24238e-17 1 -1.59338e-17 5.29426e-18 1.0842e-19 1.59338e-17 1 0
1 -6.13511e-18 -1.0842e-19 -6.93889e-18 6.13511e-18 1 -5.82968e-18 -1.24256e-18 1.0842e-19 5.82968e-18 1 0
1 3.0347e-18 -1.0842e-19 0 -3.0347e-18 1 -2.10892e-17 3.9576e-18 1.0842e-19 2.10892e-17 1 0
1 1.20414e-17 -1.0842e-19 0 -1.20414e-17 1 -1.54848e-17 5.33866e-18 1.0842e-19 1.54848e-17 1 0
1 1.97075e-17 -1.0842e-19 0 -1.97075e-17 1 -1.01041e-17 6.60573e-18 1.0842e-19 1.01041e-17 1 0
1 2.10872e-18 -1.0842e-19 -6.93889e-18 -2.10872e-18 1 2.01859e-18 4.29313e-19 1.0842e-19 -2.01859e-18 1 0
1 9.16901e-18 -1.0842e-19 0 -9.16901e-18 1 -1.57077e-17 5.13289e-18 1.0842e-19 1.57077e-17 1 0
1 -8.65816e-18 -1.0842e-19 -6.93889e-18 8.65816e-18 1 -3.07302e-17 1.80988e-18 1.0842e-19 3.07302e-17 1 0
1 -9.56674e-19 -1.0842e-19 -6.93889e-18 9.56674e-19 1 6.74087e-19 4.37148e-20 1.0842e-19 -6.74087e-19 1 0
1 6.86705e-18 -1.0842e-19 0 -6.86705e-18 1 -1.88473e-17 4.52383e-18 1.0842e-19 1.88473e-17 1 0
1 1.33837e-17 -1.0842e-19 0 -1.33837e-17 1 -1.39148e-17 5.65471e-18 1.0842e-19 1.39148e-17 1 0
1 -5.75414e-18 -1.0842e-19 -6.93889e-18 5.75414e-18 1 -7.17554e-18 5.51732e-18 1.0842e-19 7.17554e-18 1 0
1 4.40992e-18 -1.0842e-19 -6.93889e-18 -4.40992e-18 1 4.70987e-18 -1.78288e-14 1.0842e-19 -4.70987e-18 1 0.000130389
1 5.53494e-18 -1.0842e-19 -6.93889e-18 -5.53494e-18 1 -1.27893e-17 -4.68154e-13 1.0842e-19 1.27893e-17 1 0.00342233
1 1.2437e-17 -1.0842e-19 -6.93889e-18 -1.2437e-17 1 -6.0622e-18 -1.84674e-12 1.0842e-19 6.0622e-18 1 0.0135001
1 -1.64991e-17 -1.0842e-19 -1.38778e-17 1.64991e-17 1 -2.37717e-17 -3.07429e-12 1.0842e-19 2.37717e-17 1 0.0224736
1 -3.90877e-17 -1.0842e-19 -1.38778e-17 3.90877e-17 1 -2.01716e-17 -6.18517e-12 1.0842e-19 2.01716e-17 1 0.0452148
1 -3.60199e-17 -1.0842e-19 -6.93889e-18 3.60199e-17 1 -1.70322e-17 -9.16329e-12 1.0842e-19 1.70322e-17 1 0.0669853
1 -4.97004e-18 -1.0842e-19 0 4.97004e-18 1 6.28486e-18 -1.14426e-11 1.0842e-19 -6.28486e-18 1 0.0836474
1 -1.52117e-18 -1.0842e-19 0 1.52117e-18 1 8.07803e-18 -1.45615e-11 1.0842e-19 -8.07803e-18 1 0.106447
1 -9.47677e-19 -1.0842e-19 6.93889e-18 9.47677e-19 1 7.40475e-18 -1.55667e-11 1.0842e-19 -7.40475e-18 1 0.113795
1 -4.96887e-18 -1.0842e-19 6.93889e-18 4.96887e-18 1 7.18234e-18 -1.97259e-11 1.0842e-19 -7.18234e-18 1 0.1442
1 -7.26713e-18 -1.0842e-19 6.93889e-18 7.26713e-18 1 6.73475e-18 -2.13896e-11 1.0842e-19 -6.73475e-18 1 0.156362
1 -3.77441e-17 -1.0842e-19 1.38778e-17 3.77441e-17 1 -1.77042e-17 -2.53592e-11 1.0842e-19 1.77042e-17 1 0.185381
1 -4.04247e-17 -1.0842e-19 1.38778e-17 4.04247e-17 1 -1.7703e-17 -2.81468e-11 1.0842e-19 1.7703e-17 1 0.205758
1 -1.18966e-17 -1.0842e-19 2.08167e-17 1.18966e-17 1 -1.83893e-17 -3.05387e-11 1.0842e-19 1.83893e-17 1 0.223243
1 -1.07466e-17 -1.0842e-19 2.77556e-17 1.07466e-17 1 -1.74924e-17 -3.54721e-11 1.0842e-19 1.74924e-17 1 0.259308
1 -7.67697e-18 -1.0842e-19 3.46945e-17 7.67697e-18 1 -1.30069e-17 -3.95304e-11 1.0842e-19 1.30069e-17 1 0.288975
1 -3.19879e-17 -1.0842e-19 4.16334e-17 3.19879e-17 1 -8.73308e-18 -4.18496e-11 1.0842e-19 8.73308e-18 1 0.305928
1 6.6982e-18 -1.0842e-19 4.85723e-17 -6.6982e-18 1 -2.02082e-18 -4.57358e-11 1.0842e-19 2.02082e-18 1 0.334338
1 -1.70661e-17 -1.0842e-19 4.85723e-17 1.70661e-17 1 -1.81623e-17 -4.90605e-11 1.0842e-19 1.81623e-17 1 0.358641
1 -1.22772e-17 -1.0842e-19 4.85723e-17 1.22772e-17 1 -1.65941e-17 -5.12668e-11 1.0842e-19 1.65941e-17 1 0.37477
1 -3.58259e-17 -1.0842e-19 5.55112e-17 3.58259e-17 1 -1.50127e-17 -5.35541e-11 1.0842e-19 1.50127e-17 1 0.39149
1 -2.93129e-17 -1.0842e-19 6.245e-17 2.93129e-17 1 -1.27723e-17 -5.83236e-11 1.0842e-19 1.27723e-17 1 0.426356
1 -1.88693e-20 -1.0842e-19 6.93889e-17 1.88692e-20 1 -1.3459e-17 -6.07866e-11 1.0842e-19 1.3459e-17 1 0.444361
1 -1.16649e-18 -1.0842e-19 6.93889e-17 1.16649e-18 1 -1.2561e-17 -6.58312e-11 1.0842e-19 1.2561e-17 1 0.481238
1 -3.16081e-17 -1.0842e-19 8.32667e-17 3.16081e-17 1 -1.09764e-17 -7.04755e-11 1.0842e-19 1.09764e-17 1 0.515189
1 -3.16044e-17 -1.0842e-19 8.32667e-17 3.16044e-17 1 -8.28424e-18 -7.2564e-11 1.0842e-19 8.28424e-18 1 0.530456
1 -5.17856e-18 -1.0842e-19 9.71445e-17 5.17856e-18 1 -6.0531e-18 -7.78365e-11 1.0842e-19 6.0531e-18 1 0.568999
1 -5.75084e-18 -1.0842e-19 1.04083e-16 5.75084e-18 1 -4.48242e-18 -8.04949e-11 1.0842e-19 4.48242e-18 1 0.588433
1 -9.38848e-18 -1.0842e-19 1.04083e-16 9.38848e-18 1 -4.25636e-18 -8.31652e-11 1.0842e-19 4.25636e-18 1 0.607953
1 -1.39801e-17 -1.0842e-19 1.17961e-16 1.39801e-17 1 -1.56205e-18 -8.96119e-11 1.0842e-19 1.56205e-18 1 0.65508
1 -1.89632e-17 -1.0842e-19 1.249e-16 1.89632e-17 1 -5.14917e-18 -9.28508e-11 1.0842e-19 5.14917e-18 1 0.678757
1 -2.45516e-17 -1.0842e-19 1.249e-16 2.45516e-17 1 -3.13945e-17 -9.62847e-11 1.0842e-19 3.13945e-17 1 0.703859
1 -2.98841e-17 -1.0842e-19 1.31839e-16 2.98841e-17 1 -1.03039e-17 -9.93476e-11 1.0842e-19 1.03039e-17 1 0.726249
1 -2.89138e-18 -1.0842e-19 1.45717e-16 2.89138e-18 1 -1.36815e-17 -1.01949e-10 1.0842e-19 1.36815e-17 1 0.745269
1 -9.40015e-18 -1.0842e-19 1.45717e-16 9.40015e-18 1 -1.27811e-17 -1.03299e-10 1.0842e-19 1.27811e-17 1 0.755138
1 -4.09948e-17 -1.0842e-19 1.45717e-16 4.09948e-17 1 -1.43367e-17 -1.0457e-10 1.0842e-19 1.43367e-17 1 0.764427
1 -1.80197e-17 -1.0842e-19 1.52656e-16 1.80197e-17 1 -1.52448e-17 -1.05703e-10 1.0842e-19 1.52448e-17 1 0.772711
1 8.04583e-18 -1.0842e-19 1.66533e-16 -8.04583e-18 1 3.58782e-18 -1.06573e-10 1.0842e-19 -3.58782e-18 1 0.779066
1 3.8292e-18 -1.0842e-19 1.59595e-16 -3.8292e-18 1 4.49058e-19 -1.0738e-10 1.0842e-19 -4.49058e-19 1 0.784972
1 3.25264e-18 -1.0842e-19 1.59595e-16 -3.25264e-18 1 -1.12104e-18 -1.07694e-10 1.0842e-19 1.12104e-18 1 0.787266
1 2.67486e-18 -1.0842e-19 1.66533e-16 -2.67486e-18 1 -3.58848e-18 -1.08144e-10 1.0842e-19 3.58848e-18 1 0.79055
1 -3.00705e-17 -1.0842e-19 1.66533e-16 3.00705e-17 1 -6.48963e-18 -1.08341e-10 1.0842e-19 6.48963e-18 1 0.791993
1 -3.60119e-17 -1.0842e-19 1.66533e-16 3.60119e-17 1 -1.07493e-17 -1.08624e-10 1.0842e-19 1.07493e-17 1 0.794058
1 -7.87035e-18 -1.0842e-19 1.66533e-16 7.87035e-18 1 -1.41275e-17 -1.087e-10 1.0842e-19 1.41275e-17 1 0.794621
1 -5.57273e-18 -1.0842e-19 1.73472e-16 5.57273e-18 1 -1.41286e-17 -1.08942e-10 1.0842e-19 1.41286e-17 1 0.796386
1 -3.44881e-17 -1.0842e-19 1.73472e-16 3.44881e-17 1 -1.65828e-17 -1.09017e-10 1.0842e-19 1.65828e-17 1 0.796938
1 -3.79358e-17 -1.0842e-19 1.66533e-16 3.79358e-17 1 -1.74785e-17 -1.09136e-10 1.0842e-19 1.74785e-17 1 0.797801
1 -3.86998e-17 -1.0842e-19 1.73472e-16 3.86998e-17 1 -1.61321e-17 -1.09173e-10 1.0842e-19 1.61321e-17 1 0.798074
1 -4.44439e-17 -1.0842e-19 1.73472e-16 4.44439e-17 1 -1.61293e-17 -1.09247e-10 1.0842e-19 1.61293e-17 1 0.798618
1 -1.80235e-17 -1.0842e-19 1.73472e-16 1.80235e-17 1 -1.79364e-17 -1.09281e-10 1.0842e-19 1.79364e-17 1 0.798867
1 -2.10901e-17 -1.0842e-19 1.66533e-16 2.10901e-17 1 -2.01783e-17 -1.09317e-10 1.0842e-19 2.01783e-17 1 0.799131
1 2.8671e-18 -1.0842e-19 1.73472e-16 -2.8671e-18 1 -2.91514e-18 -1.09348e-10 1.0842e-19 2.91514e-18 1 0.799355
1 -4.6036e-18 -1.0842e-19 1.73472e-16 4.6036e-18 1 -5.37939e-18 -1.09362e-10 1.0842e-19 5.37939e-18 1 0.799453
1 -5.18137e-18 -1.0842e-19 1.73472e-16 5.18137e-18 1 -7.84686e-18 -1.09373e-10 1.0842e-19 7.84686e-18 1 0.799537
1 -9.97149e-18 -1.0842e-19 1.66533e-16 9.97149e-18 1 -1.03123e-17 -1.09392e-10 1.0842e-19 1.03123e-17 1 0.799678
1 -1.45711e-17 -1.0842e-19 1.80411e-16 1.45711e-17 1 -1.34509e-17 -1.09403e-10 1.0842e-19 1.34509e-17 1 0.799753
1 -4.31053e-17 -1.0842e-19 1.73472e-16 4.31053e-17 1 -1.72514e-17 -1.09413e-10 1.0842e-19 1.72514e-17 1 0.799829
1 -4.38718e-17 -1.0842e-19 1.73472e-16 4.38718e-17 1 -1.76997e-17 -1.09416e-10 1.0842e-19 1.76997e-17 1 0.79985
1 -1.99377e-17 -1.0842e-19 1.73472e-16 1.99377e-17 1 -1.74865e-17 -1.09419e-10 1.0842e-19 1.74865e-17 1 0.799873
1 4.97895e-18 -1.0842e-19 1.80411e-16 -4.97895e-18 1 1.34666e-18 -1.09424e-10 1.0842e-19 -1.34666e-18 1 0.799909
1 1.53065e-18 -1.0842e-19 1.73472e-16 -1.53065e-18 1 2.24725e-21 -1.09426e-10 1.0842e-19 -2.24721e-21 1 0.799925
1 1.86368e-19 -1.0842e-19 1.80411e-16 -1.86368e-19 1 -2.9135e-18 -1.0943e-10 1.0842e-19 2.9135e-18 1 0.799951
1 -2.85671e-17 -1.0842e-19 1.73472e-16 2.85671e-17 1 -2.7129e-17 -1.09431e-10 1.0842e-19 2.7129e-17 1 0.79996
1 -3.2656e-18 -1.0842e-19 1.73472e-16 3.2656e-18 1 -6.94997e-18 -1.09432e-10 1.0842e-19 6.94997e-18 1 0.799969
1 -3.83667e-18 -1.0842e-19 1.73472e-16 3.83667e-18 1 -4.4819e-18 -1.09433e-10 1.0842e-19 4.4819e-18 1 0.799977
1 -4.22267e-18 -1.0842e-19 1.73472e-16 4.22267e-18 1 -6.72511e-18 -1.09434e-10 1.0842e-19 6.72511e-18 1 0.799981
1 -8.05452e-18 -1.0842e-19 1.73472e-16 8.05452e-18 1 -8.51802e-18 -1.09434e-10 1.0842e-19 8.51802e-18 1 0.799986
1 -3.71592e-17 -1.0842e-19 1.73472e-16 3.71592e-17 1 -9.40176e-18 -1.09435e-10 1.0842e-19 9.40176e-18 1 0.799989
1 -9.78053e-18 -1.0842e-19 1.80411e-16 9.78053e-18 1 -1.05362e-17 -1.09435e-10 1.0842e-19 1.05362e-17 1 0.799991
1 -9.3976e-18 -1.0842e-19 1.80411e-16 9.3976e-18 1 -1.05363e-17 -1.09435e-10 1.0842e-19 1.05363e-17 1 0.799994
1 -9.20889e-18 -1.0842e-19 1.73472e-16 9.20889e-18 1 -1.25555e-17 -1.09436e-10 1.0842e-19 1.25555e-17 1 0.799995
1 -4.09935e-17 -1.0842e-19 1.73472e-16 4.09935e-17 1 -1.29893e-17 -1.09436e-10 1.0842e-19 1.29893e-17 1 0.799996
1 -1.57207e-17 -1.0842e-19 1.80411e-16 1.57207e-17 1 -1.38984e-17 -1.09436e-10 1.0842e-19 1.38984e-17 1 0.799997
1 -4.36833e-17 -1.0842e-19 1.73472e-16 4.36833e-17 1 -1.97182e-17 -1.09436e-10 1.0842e-19 1.97182e-17 1 0.799998
1 -4.36839e-17 -1.0842e-19 1.73472e-16 4.36839e-17 1 -2.01669e-17 -1.09436e-10 1.0842e-19 2.01669e-17 1 0.799998
1 -2.10624e-17 -1.0842e-19 1.73472e-16 2.10624e-17 1 4.62061e-19 -1.09436e-10 1.0842e-19 -4.62061e-19 1 0.799999
1 4.39789e-18 -1.0842e-19 1.73472e-16 -4.39789e-18 1 -3.36358e-18 -1.09436e-10 1.0842e-19 3.36358e-18 1 0.799999
1 1.71364e-18 -1.0842e-19 1.73472e-16 -1.71364e-18 1 -6.0544e-18 -1.09436e-10 1.0842e-19 6.0544e-18 1 0.799999
1 -9.7489e-19 -1.0842e-19 1.80411e-16 9.7489e-19 1 -1.1886e-17 -1.09436e-10 1.0842e-19 1.1886e-17 1 0.799999
1 -2.91231e-17 -1.0842e-19 1.80411e-16 2.91231e-17 1 -1.34432e-17 -1.09436e-10 1.0842e-19 1.34432e-17 1 0.8
1 -2.98908e-17 -1.0842e-19 1.66533e-16 2.98908e-17 1 -1.47889e-17 -1.09436e-10 1.0842e-19 1.47889e-17 1 0.8
1 -2.86279e-18 -1.0842e-19 1.73472e-16 2.86279e-18 1 7.85706e-18 -1.09436e-10 1.0842e-19 -7.85706e-18 1 0.8
1 -7.84835e-18 -1.0842e-19 1.73472e-16 7.84835e-18 1 2.47524e-18 -1.09436e-10 1.0842e-19 -2.47524e-18 1 0.8
1 -1.07274e-17 -1.0842e-19 1.73472e-16 1.07274e-17 1 -2.68323e-18 -1.09436e-10 1.0842e-19 2.68323e-18 1 0.8
1 -1.11104e-17 -1.0842e-19 1.73472e-16 1.11104e-17 1 -2.68303e-18 -1.09436e-10 1.0842e-19 2.68303e-18 1 0.8
1 -2.10992e-17 -1.0842e-19 1.73472e-16 2.10992e-17 1 -2.64585e-17 -1.09436e-10 1.0842e-19 2.64585e-17 1 0.8
1 -2.39435e-17 -1.0842e-19 1.73472e-16 2.39435e-17 1 -6.04208e-18 -1.09436e-10 1.0842e-19 6.04208e-18 1 0.8
1 -2.54795e-17 -1.0842e-19 1.73472e-16 2.54795e-17 1 -9.18213e-18 -1.09436e-10 1.0842e-19 9.18213e-18 1 0.8
1 -2.12384e-18 -1.0842e-19 1.73472e-16 2.12384e-18 1 -1.18851e-17 -1.09436e-10 1.0842e-19 1.18851e-17 1 0.8
1 -3.2574e-17 -1.0842e-19 1.73472e-16 3.2574e-17 1 -1.6582e-17 -1.09436e-10 1.0842e-19 1.6582e-17 1 0.8
1 -3.21911e-17 -1.0842e-19 1.73472e-16 3.21911e-17 1 -1.65821e-17 -1.09436e-10 1.0842e-19 1.65821e-17 1 0.8
1 -5.356e-18 -1.0842e-19 1.80411e-16 5.356e-18 1 4.94216e-18 -1.09436e-10 1.0842e-19 -4.94216e-18 1 0.8
1 -5.16667e-18 -1.0842e-19 1.73472e-16 5.16667e-18 1 3.3717e-18 -1.09436e-10 1.0842e-19 -3.3717e-18 1 0.8
1 -7.85582e-18 -1.0842e-19 1.80411e-16 7.85582e-18 1 -2.90854e-18 -1.09904e-10 1.0842e-19 2.90854e-18 1 0.803422
1 -1.53265e-17 -1.0842e-19 1.80411e-16 1.53265e-17 1 -5.37277e-18 -1.11508e-10 1.0842e-19 5.37277e-18 1 0.815146
1 -1.57101e-17 -1.0842e-19 1.80411e-16 1.57101e-17 1 -5.82126e-18 -1.1199e-10 1.0842e-19 5.82126e-18 1 0.818666
1 -1.64808e-17 -1.0842e-19 1.73472e-16 1.64808e-17 1 -9.41033e-18 -1.14284e-10 1.0842e-19 9.41033e-18 1 0.835441
1 -2.29957e-17 -1.0842e-19 1.80411e-16 2.29957e-17 1 -1.29967e-17 -1.17821e-10 1.0842e-19 1.29967e-17 1 0.861294
1 -3.02783e-17 -1.0842e-19 1.80411e-16 3.02783e-17 1 -1.79288e-17 -1.21549e-10 1.0842e-19 1.79288e-17 1 0.888544
1 -3.82741e-18 -1.0842e-19 1.8735e-16 3.82741e-18 1 2.69835e-18 -1.23364e-10 1.0842e-19 -2.69835e-18 1 0.901816
1 -6.89705e-18 -1.0842e-19 1.94289e-16 6.89705e-18 1 -1.78701e-18 -1.26068e-10 1.0842e-19 1.78701e-18 1 0.921583
1 -1.24537e-17 -1.0842e-19 1.8735e-16 1.24537e-17 1 -4.70083e-18 -1.28757e-10 1.0842e-19 4.70083e-18 1 0.941241
1 -1.5519e-17 -1.0842e-19 1.94289e-16 1.5519e-17 1 -6.04543e-18 -1.30404e-10 1.0842e-19 6.04543e-18 1 0.953274
1 -2.20357e-17 -1.0842e-19 2.08167e-16 2.20357e-17 1 -1.09778e-17 -1.36643e-10 1.0842e-19 1.09778e-17 1 0.998886
1 -2.24248e-17 -1.0842e-19 2.08167e-16 2.24248e-17 1 -1.54645e-17 -1.39492e-10 1.0842e-19 1.54645e-17 1 1.01971
1 -3.14254e-17 -1.0842e-19 2.15106e-16 3.14254e-17 1 -1.65819e-17 -1.45915e-10 1.0842e-19 1.65819e-17 1 1.06667
1 -4.20741e-18 -1.0842e-19 2.15106e-16 4.20741e-18 1 4.94223e-18 -1.48967e-10 1.0842e-19 -4.94223e-18 1 1.08897
1 -6.88922e-18 -1.0842e-19 2.22045e-16 6.88922e-18 1 4.04615e-18 -1.5206e-10 1.0842e-19 -4.04615e-18 1 1.11159
1 -4.0045e-17 -1.0842e-19 2.28983e-16 4.0045e-17 1 -1.90455e-17 -1.55712e-10 1.0842e-19 1.90455e-17 1 1.13829
1 -4.11895e-17 -1.0842e-19 2.35922e-16 4.11895e-17 1 -1.59042e-17 -1.63119e-10 1.0842e-19 1.59042e-17 1 1.19243
1 -3.9659e-17 -1.0842e-19 2.42861e-16 3.9659e-17 1 -1.68022e-17 -1.65254e-10 1.0842e-19 1.68022e-17 1 1.20804
1 -1.03571e-17 -1.0842e-19 2.498e-16 1.03571e-17 1 -1.1656e-17 -1.70082e-10 1.0842e-19 1.1656e-17 1 1.24333
1 -1.39929e-17 -1.0842e-19 2.498e-16 1.39929e-17 1 -1.00839e-17 -1.72775e-10 1.0842e-19 1.00839e-17 1 1.26302
1 -1.59076e-17 -1.0842e-19 2.63678e-16 1.59076e-17 1 -1.00829e-17 -1.76016e-10 1.0842e-19 1.00829e-17 1 1.28671
1 -3.33262e-17 -1.0842e-19 2.70617e-16 3.33262e-17 1 -6.26095e-18 -1.83061e-10 1.0842e-19 6.26095e-18 1 1.33821
1 -1.34677e-18 -1.0842e-19 2.77556e-16 1.34677e-18 1 -3.35939e-18 -1.86865e-10 1.0842e-19 3.35939e-18 1 1.36602
1 2.47833e-18 -1.0842e-19 2.91434e-16 -2.47833e-18 1 -6.5019e-18 -1.93399e-10 1.0842e-19 6.5019e-18 1 1.41378
1 8.2218e-18 -1.0842e-19 2.98372e-16 -8.2218e-18 1 -6.95321e-18 -1.98852e-10 1.0842e-19 6.95321e-18 1 1.45364
1 1.30101e-17 -1.0842e-19 3.05311e-16 -1.30101e-17 1 -5.83369e-18 -2.03764e-10 1.0842e-19 5.83369e-18 1 1.48955
1 1.41558e-17 -1.0842e-19 3.1225e-16 -1.41558e-17 1 -8.07761e-18 -2.07041e-10 1.0842e-19 8.07761e-18 1 1.51351
1 -7.86234e-18 -1.0842e-19 3.1225e-16 7.86234e-18 1 -7.39427e-18 -2.11958e-10 1.0842e-19 7.39427e-18 1 1.54945
1 -7.6724e-18 -1.0842e-19 3.19189e-16 7.6724e-18 1 -8.51604e-18 -2.1469e-10 1.0842e-19 8.51604e-18 1 1.56943
1 -3.3327e-17 -1.0842e-19 3.33067e-16 3.3327e-17 1 -6.70929e-18 -2.20157e-10 1.0842e-19 6.70929e-18 1 1.60939
1 -2.9304e-17 -1.0842e-19 3.33067e-16 2.9304e-17 1 -5.14073e-18 -2.25078e-10 1.0842e-19 5.14073e-18 1 1.64536
1 -7.76466e-19 -1.0842e-19 3.40006e-16 7.76466e-19 1 -6.27572e-18 -2.27812e-10 1.0842e-19 6.27572e-18 1 1.66535
1 4.01484e-18 -1.0842e-19 3.53884e-16 -4.01484e-18 1 -2.91279e-18 -2.32735e-10 1.0842e-19 2.91279e-18 1 1.70134
1 5.5472e-18 -1.0842e-19 3.60822e-16 -5.5472e-18 1 -2.4648e-18 -2.34923e-10 1.0842e-19 2.4648e-18 1 1.71733
1 6.69904e-18 -1.0842e-19 3.60822e-16 -6.69904e-18 1 -2.2187e-19 -2.40393e-10 1.0842e-19 2.2187e-19 1 1.75732
1 -1.76479e-17 -1.0842e-19 3.67761e-16 1.76479e-17 1 -2.24203e-17 -2.45317e-10 1.0842e-19 2.24203e-17 1 1.79331
1 -4.42594e-17 -1.0842e-19 3.67761e-16 4.42594e-17 1 -2.03888e-17 -2.48052e-10 1.0842e-19 2.03888e-17 1 1.81331
1 -1.2669e-17 -1.0842e-19 3.747e-16 1.2669e-17 1 -2.19739e-17 -2.50788e-10 1.0842e-19 2.19739e-17 1 1.83331
1 -1.3816e-17 -1.0842e-19 3.81639e-16 1.3816e-17 1 -2.06272e-17 -2.56259e-10 1.0842e-19 2.06272e-17 1 1.8733
1 -8.23445e-18 -1.0842e-19 3.95517e-16 8.23445e-18 1 6.82654e-19 -2.61183e-10 1.0842e-19 -6.82654e-19 1 1.9093
1 -2.87697e-18 -1.0842e-19 4.02456e-16 2.87697e-18 1 -2.01191e-18 -2.6556e-10 1.0842e-19 2.01191e-18 1 1.9413
1 -1.53944e-18 -1.0842e-19 4.16334e-16 1.53944e-18 1 -4.03157e-18 -2.69391e-10 1.0842e-19 4.03157e-18 1 1.9693
1 -5.17585e-18 -1.0842e-19 4.09395e-16 5.17585e-18 1 -2.90814e-18 -2.72126e-10 1.0842e-19 2.90814e-18 1 1.98929
1 -2.68463e-18 -1.0842e-19 4.16334e-16 2.68463e-18 1 -1.33887e-18 -2.77051e-10 1.0842e-19 1.33887e-18 1 2.02529
1 -5.29098e-21 -1.0842e-19 4.30211e-16 5.29096e-21 1 -2.23743e-18 -2.82523e-10 1.0842e-19 2.23743e-18 1 2.06529
1 3.24511e-18 -1.0842e-19 4.30211e-16 -3.24511e-18 1 -5.60403e-18 -2.87447e-10 1.0842e-19 5.60403e-18 1 2.10129
1 7.4556e-18 -1.0842e-19 4.44089e-16 -7.4556e-18 1 -6.95201e-18 -2.9073e-10 1.0842e-19 6.95201e-18 1 2.12529
1 1.415e-17 -1.0842e-19 4.51028e-16 -1.415e-17 1 -1.21149e-17 -2.96749e-10 1.0842e-19 1.21149e-17 1 2.16929
1 1.5683e-17 -1.0842e-19 4.57967e-16 -1.5683e-17 1 -1.12183e-17 -2.98938e-10 1.0842e-19 1.12183e-17 1 2.18529
1 -4.79792e-18 -1.0842e-19 4.64906e-16 4.79792e-18 1 -6.49749e-18 -3.03862e-10 1.0842e-19 6.49749e-18 1 2.22129
1 6.11861e-18 -1.0842e-19 4.71845e-16 -6.11861e-18 1 -4.48347e-18 -3.08787e-10 1.0842e-19 4.48347e-18 1 2.25729
1 6.30976e-18 -1.0842e-19 4.64906e-16 -6.30976e-18 1 -4.70787e-18 -3.11523e-10 1.0842e-19 4.70787e-18 1 2.27729
1 1.20477e-17 -1.0842e-19 4.85723e-16 -1.20477e-17 1 -9.19733e-18 -3.16995e-10 1.0842e-19 9.19733e-18 1 2.31729
1 -1.15296e-17 -1.0842e-19 4.92661e-16 1.15296e-17 1 -2.8704e-17 -3.19731e-10 1.0842e-19 2.8704e-17 1 2.33729
1 2.67818e-18 -1.0842e-19 4.996e-16 -2.67818e-18 1 5.14321e-21 -3.27391e-10 1.0842e-19 -5.14317e-21 1 2.39329
1 5.93225e-18 -1.0842e-19 4.996e-16 -5.93225e-18 1 -6.69375e-19 -3.30127e-10 1.0842e-19 6.69375e-19 1 2.41329
1 -1.3627e-17 -1.0842e-19 5.13478e-16 1.3627e-17 1 -2.2197e-17 -3.35599e-10 1.0842e-19 2.2197e-17 1 2.45329
1 -3.79422e-17 -1.0842e-19 5.20417e-16 3.79422e-17 1 -2.10639e-17 -3.38335e-10 1.0842e-19 2.10639e-17 1 2.47329
1 -5.74166e-18 -1.0842e-19 5.20417e-16 5.74166e-18 1 3.59866e-18 -3.40524e-10 1.0842e-19 -3.59866e-18 1 2.48929
1 3.80803e-18 -1.0842e-19 5.27356e-16 -3.80803e-18 1 -1.39044e-17 -3.48184e-10 1.0842e-19 1.39044e-17 1 2.54529
1 7.06453e-18 -1.0842e-19 5.34295e-16 -7.06453e-18 1 -1.27842e-17 -3.5092e-10 1.0842e-19 1.27842e-17 1 2.56529
1 1.20446e-17 -1.0842e-19 5.41234e-16 -1.20446e-17 1 -1.14404e-17 -3.56392e-10 1.0842e-19 1.14404e-17 1 2.60529
1 1.89399e-17 -1.0842e-19 5.55112e-16 -1.89399e-17 1 -9.64885e-18 -3.58581e-10 1.0842e-19 9.64885e-18 1 2.62129
1 -3.65295e-18 -1.0842e-19 5.55112e-16 3.65295e-18 1 -9.18958e-18 -3.64052e-10 1.0842e-19 9.18958e-18 1 2.66129
1 6.68397e-18 -1.0842e-19 5.6205e-16 -6.68397e-18 1 -1.09891e-17 -3.69524e-10 1.0842e-19 1.09891e-17 1 2.70129
1 1.3004e-17 -1.0842e-19 5.75928e-16 -1.3004e-17 1 -9.87028e-18 -3.74449e-10 1.0842e-19 9.87028e-18 1 2.73729
1 1.64516e-17 -1.0842e-19 5.82867e-16 -1.64516e-17 1 -8.97449e-18 -3.77732e-10 1.0842e-19 8.97449e-18 1 2.76129
1 -7.28637e-18 -1.0842e-19 5.75928e-16 7.28637e-18 1 -5.82261e-18 -3.79921e-10 1.0842e-19 5.82261e-18 1 2.77729
1 -2.3754e-17 -1.0842e-19 5.89806e-16 2.3754e-17 1 -6.71223e-18 -3.87581e-10 1.0842e-19 6.71223e-18 1 2.83329
1 -1.72709e-17 -1.0842e-19 5.89806e-16 1.72709e-17 1 -2.64573e-17 -3.90864e-10 1.0842e-19 2.64573e-17 1 2.85729
1 -1.11097e-17 -1.0842e-19 6.03684e-16 1.11097e-17 1 -1.33385e-18 -3.95242e-10 1.0842e-19 1.33385e-18 1 2.88929
1 -4.78664e-18 -1.0842e-19 6.10623e-16 4.78664e-18 1 2.02835e-18 -3.97978e-10 1.0842e-19 -2.02835e-18 1 2.90929
1 1.88705e-18 -1.0842e-19 6.245e-16 -1.88705e-18 1 -1.83898e-17 -4.01808e-10 1.0842e-19 1.83898e-17 1 2.93729
1 1.18471e-17 -1.0842e-19 6.245e-16 -1.18471e-17 1 -1.57023e-17 -4.08374e-10 1.0842e-19 1.57023e-17 1 2.98529
1 1.76247e-17 -1.0842e-19 6.38378e-16 -1.76247e-17 1 8.97261e-18 -4.11657e-10 1.0842e-19 -8.97261e-18 1 3.00929
1 -3.52503e-17 -1.0842e-19 6.45317e-16 3.52503e-17 1 -1.25395e-17 -4.16035e-10 1.0842e-19 1.25395e-17 1 3.04129
1 5.57363e-19 -1.0842e-19 6.52256e-16 -5.57363e-19 1 -1.05371e-17 -4.22054e-10 1.0842e-19 1.05371e-17 1 3.08529
1 4.38735e-18 -1.0842e-19 6.59195e-16 -4.38735e-18 1 -1.00901e-17 -4.26431e-10 1.0842e-19 1.00901e-17 1 3.11729
1 1.30074e-17 -1.0842e-19 6.59195e-16 -1.30074e-17 1 -7.17766e-18 -4.31356e-10 1.0842e-19 7.17766e-18 1 3.15329
1 1.53057e-17 -1.0842e-19 6.66134e-16 -1.53057e-17 1 -6.73003e-18 -4.33544e-10 1.0842e-19 6.73003e-18 1 3.16929
1 -2.93017e-17 -1.0842e-19 6.80012e-16 2.93017e-17 1 -2.89535e-18 -4.39563e-10 1.0842e-19 2.89535e-18 1 3.21329
1 1.71709e-18 -1.0842e-19 6.80012e-16 -1.71709e-18 1 -2.46113e-18 -4.40658e-10 1.0842e-19 2.46113e-18 1 3.22129
1 1.09082e-17 -1.0842e-19 6.80012e-16 -1.09082e-17 1 -2.0167e-18 -4.45035e-10 1.0842e-19 2.0167e-18 1 3.25329
1 -1.41722e-17 -1.0842e-19 6.93889e-16 1.41722e-17 1 -4.34579e-19 -4.47771e-10 1.0842e-19 4.34579e-19 1 3.27329
1 2.65091e-18 -1.0842e-19 7.00828e-16 -2.65091e-18 1 -1.97358e-17 -4.54337e-10 1.0842e-19 1.97358e-17 1 3.32129
1 9.35204e-18 -1.0842e-19 7.07767e-16 -9.35204e-18 1 -1.99632e-17 -4.58168e-10 1.0842e-19 1.99632e-17 1 3.34929
1 -4.00448e-17 -1.0842e-19 7.00828e-16 4.00448e-17 1 -1.81454e-17 -4.61451e-10 1.0842e-19 1.81454e-17 1 3.37329
1 -3.69752e-17 -1.0842e-19 7.21645e-16 3.69752e-17 1 -1.36599e-17 -4.65828e-10 1.0842e-19 1.36599e-17 1 3.40529
1 -5.38599e-18 -1.0842e-19 7.21645e-16 5.38599e-18 1 -1.61424e-17 -4.70753e-10 1.0842e-19 1.61424e-17 1 3.44129
1 -4.23414e-18 -1.0842e-19 7.28584e-16 4.23414e-18 1 -1.38995e-17 -4.74036e-10 1.0842e-19 1.38995e-17 1 3.46529
1 1.32305e-18 -1.0842e-19 7.42462e-16 -1.32305e-18 1 -1.05369e-17 -4.7896e-10 1.0842e-19 1.05369e-17 1 3.50129
1 6.30126e-18 -1.0842e-19 7.49401e-16 -6.30126e-18 1 -1.05392e-17 -4.82244e-10 1.0842e-19 1.05392e-17 1 3.52529
1 1.14749e-17 -1.0842e-19 7.63278e-16 -1.14749e-17 1 -7.62511e-18 -4.88263e-10 1.0842e-19 7.62511e-18 1 3.56929
1 1.913e-17 -1.0842e-19 7.63278e-16 -1.913e-17 1 -1.03207e-17 -4.9264e-10 1.0842e-19 1.03207e-17 1 3.60129
1 -5.18395e-18 -1.0842e-19 7.63278e-16 5.18395e-18 1 -8.29028e-18 -4.97565e-10 1.0842e-19 8.29028e-18 1 3.63729
1 2.09312e-18 -1.0842e-19 7.77156e-16 -2.09312e-18 1 -7.39627e-18 -5.00848e-10 1.0842e-19 7.39627e-18 1 3.66129
1 -9.00913e-18 -1.0842e-19 7.84095e-16 9.00913e-18 1 -5.14759e-18 -5.10697e-10 1.0842e-19 5.14759e-18 1 3.73329
1 -3.45804e-18 -1.0842e-19 7.97973e-16 3.45804e-18 1 -6.27184e-18 -5.15622e-10 1.0842e-19 6.27184e-18 1 3.76929
1 1.51833e-18 -1.0842e-19 8.04912e-16 -1.51833e-18 1 -7.62016e-18 -5.21093e-10 1.0842e-19 7.62016e-18 1 3.80929
1 1.49249e-17 -1.0842e-19 8.11851e-16 -1.49249e-17 1 -4.93427e-18 -5.26565e-10 1.0842e-19 4.93427e-18 1 3.84929
1 -1.24563e-17 -1.0842e-19 8.25728e-16 1.24563e-17 1 -5.59447e-18 -5.3149e-10 1.0842e-19 5.59447e-18 1 3.88529
1 -1.14998e-17 -1.0842e-19 8.18789e-16 1.14998e-17 1 -6.26792e-18 -5.34226e-10 1.0842e-19 6.26792e-18 1 3.90529
1 -1.20746e-17 -1.0842e-19 8.32667e-16 1.20746e-17 1 -6.49195e-18 -5.3915e-10 1.0842e-19 6.49195e-18 1 3.94129
1 -1.2077e-17 -1.0842e-19 8.32667e-16 1.2077e-17 1 -8.28666e-18 -5.41339e-10 1.0842e-19 8.28666e-18 1 3.95729
1 -1.22737e-17 -1.0842e-19 8.39606e-16 1.22737e-17 1 -1.21003e-17 -5.45169e-10 1.0842e-19 1.21003e-17 1 3.98529
1 -1.16996e-17 -1.0842e-19 8.46545e-16 1.16996e-17 1 -1.23249e-17 -5.49e-10 1.0842e-19 1.23249e-17 1 4.01329
1 -1.43814e-17 -1.0842e-19 8.53484e-16 1.43814e-17 1 -1.3221e-17 -5.54472e-10 1.0842e-19 1.3221e-17 1 4.05329
1 -1.84081e-17 -1.0842e-19 8.60423e-16 1.84081e-17 1 -1.74816e-17 -5.58302e-10 1.0842e-19 1.74816e-17 1 4.08129
1 3.83047e-18 -1.0842e-19 8.74301e-16 -3.83047e-18 1 3.14754e-18 -5.62679e-10 1.0842e-19 -3.14754e-18 1 4.11329
1 7.65114e-19 -1.0842e-19 8.74301e-16 -7.65114e-19 1 1.80294e-18 -5.64868e-10 1.0842e-19 -1.80294e-18 1 4.12929
1 -9.66378e-19 -1.0842e-19 8.95117e-16 9.66378e-19 1 -4.2534e-18 -5.73076e-10 1.0842e-19 4.2534e-18 1 4.18929
1 -3.98383e-19 -1.0842e-19 8.88178e-16 3.98383e-19 1 -8.96481e-18 -5.76906e-10 1.0842e-19 8.96481e-18 1 4.21729
1 9.42815e-19 -1.0842e-19 9.02056e-16 -9.42815e-19 1 -8.29239e-18 -5.78548e-10 1.0842e-19 8.29239e-18 1 4.22929
1 3.60753e-19 -1.0842e-19 9.15934e-16 -3.60753e-19 1 -1.39006e-17 -5.85661e-10 1.0842e-19 1.39006e-17 1 4.28129
1 2.8465e-18 -1.0842e-19 9.08995e-16 -2.8465e-18 1 -1.63695e-17 -5.88397e-10 1.0842e-19 1.63695e-17 1 4.30129
1 2.26567e-18 -1.0842e-19 9.22873e-16 -2.26567e-18 1 -2.10804e-17 -5.93321e-10 1.0842e-19 2.10804e-17 1 4.33729
1 1.11318e-18 -1.0842e-19 9.29812e-16 -1.11318e-18 1 -2.37719e-17 -5.96605e-10 1.0842e-19 2.37719e-17 1 4.36129
1 4.17547e-18 -1.0842e-19 9.29812e-16 -4.17547e-18 1 -2.46707e-17 -5.98793e-10 1.0842e-19 2.46707e-17 1 4.37729
1 2.28819e-18 -1.0842e-19 9.36751e-16 -2.28819e-18 1 -4.47898e-18 -6.04265e-10 1.0842e-19 4.47898e-18 1 4.41729
1 3.244e-18 -1.0842e-19 9.50628e-16 -3.244e-18 1 -5.60109e-18 -6.0919e-10 1.0842e-19 5.60109e-18 1 4.45329
1 5.72975e-18 -1.0842e-19 9.57567e-16 -5.72975e-18 1 -8.06998e-18 -6.11926e-10 1.0842e-19 8.06998e-18 1 4.47329
1 6.29956e-18 -1.0842e-19 9.78384e-16 -6.29956e-18 1 -1.14353e-17 -6.17945e-10 1.0842e-19 1.14353e-17 1 4.51729
1 7.82765e-18 -1.0842e-19 9.71445e-16 -7.82765e-18 1 -1.41281e-17 -6.20133e-10 1.0842e-19 1.41281e-17 1 4.53329
1 1.03146e-17 -1.0842e-19 9.85323e-16 -1.03146e-17 1 -1.56996e-17 -6.25058e-10 1.0842e-19 1.56996e-17 1 4.56929
1 -1.45521e-17 -1.0842e-19 9.99201e-16 1.45521e-17 1 2.25937e-18 -6.3053e-10 1.0842e-19 -2.25937e-18 1 4.60929
1 -1.45546e-17 -1.0842e-19 1.00614e-15 1.45546e-17 1 4.64657e-19 -6.32718e-10 1.0842e-19 -4.64657e-19 1 4.62529
1 -1.36036e-17 -1.0842e-19 1.01308e-15 1.36036e-17 1 -4.24692e-18 -6.37643e-10 1.0842e-19 4.24692e-18 1 4.66129
1 -1.49485e-17 -1.0842e-19 1.02696e-15 1.49485e-17 1 -7.61137e-18 -6.42568e-10 1.0842e-19 7.61137e-18 1 4.69729
1 -1.45692e-17 -1.0842e-19 1.0339e-15 1.45692e-17 1 -1.03036e-17 -6.45851e-10 1.0842e-19 1.03036e-17 1 4.72129
1 -1.28481e-17 -1.0842e-19 1.04083e-15 1.28481e-17 1 -1.18748e-17 -6.50775e-10 1.0842e-19 1.18748e-17 1 4.75729
1 -1.15143e-17 -1.0842e-19 1.05471e-15 1.15143e-17 1 -1.65865e-17 -6.56794e-10 1.0842e-19 1.65865e-17 1 4.80129
1 -3.81295e-17 -1.0842e-19 1.06859e-15 3.81295e-17 1 -1.72471e-17 -6.61719e-10 1.0842e-19 1.72471e-17 1 4.83729
1 -6.50742e-18 -1.0842e-19 1.07553e-15 6.50742e-18 1 4.49934e-18 -6.64455e-10 1.0842e-19 -4.49934e-18 1 4.85729
1 -3.82991e-18 -1.0842e-19 1.08247e-15 3.82991e-18 1 2.25473e-18 -6.69927e-10 1.0842e-19 -2.25473e-18 1 4.89729
1 -2.68659e-18 -1.0842e-19 1.08941e-15 2.68659e-18 1 -1.78393e-18 -6.7321e-10 1.0842e-19 1.78393e-18 1 4.92129
1 -3.96288e-19 -1.0842e-19 1.10328e-15 3.96288e-19 1 -7.16916e-18 -6.77587e-10 1.0842e-19 7.16916e-18 1 4.95329
1 -1.70209e-20 -1.0842e-19 1.11022e-15 1.70208e-20 1 -9.8614e-18 -6.8087e-10 1.0842e-19 9.8614e-18 1 4.97729
1 1.50923e-18 -1.0842e-19 1.11716e-15 -1.50923e-18 1 -1.39002e-17 -6.85248e-10 1.0842e-19 1.39002e-17 1 5.00929
1 -1.14392e-18 -1.0842e-19 1.13798e-15 1.14392e-18 1 6.29182e-18 -6.9072e-10 1.0842e-19 -6.29182e-18 1 5.04929
1 -3.29342e-20 -1.0842e-19 1.14492e-15 3.29341e-20 1 -2.1527e-17 -6.96192e-10 1.0842e-19 2.1527e-17 1 5.08929
1 -2.30131e-18 -1.0842e-19 1.14492e-15 2.30131e-18 1 1.08575e-20 -6.9838e-10 1.0842e-19 -1.08574e-20 1 5.10529
1 5.66149e-19 -1.0842e-19 1.16573e-15 -5.66149e-19 1 -3.35555e-18 -7.04399e-10 1.0842e-19 3.35555e-18 1 5.14929
1 5.63701e-19 -1.0842e-19 1.16573e-15 -5.63702e-19 1 -5.15026e-18 -7.06588e-10 1.0842e-19 5.15026e-18 1 5.16529
1 4.00526e-18 -1.0842e-19 1.17961e-15 -4.00526e-18 1 -8.74129e-18 -7.1206e-10 1.0842e-19 8.74129e-18 1 5.20529
1 4.95619e-18 -1.0842e-19 1.18655e-15 -4.95619e-18 1 -1.34529e-17 -7.16984e-10 1.0842e-19 1.34529e-17 1 5.24129
1 6.86905e-18 -1.0842e-19 1.19349e-15 -6.86905e-18 1 -1.47998e-17 -7.20268e-10 1.0842e-19 1.47998e-17 1 5.26529
1 5.33239e-18 -1.0842e-19 1.20043e-15 -5.33239e-18 1 -1.83885e-17 -7.24645e-10 1.0842e-19 1.83885e-17 1 5.29729
1 -1.89864e-17 -1.0842e-19 1.21431e-15 1.89864e-17 1 -1.99475e-17 -7.2957e-10 1.0842e-19 1.99475e-17 1 5.33329
1 -1.93395e-17 -1.0842e-19 1.22125e-15 1.93395e-17 1 2.0382e-18 -7.32853e-10 1.0842e-19 -2.0382e-18 1 5.35729
1 -2.01091e-17 -1.0842e-19 1.23512e-15 2.01091e-17 1 -6.53505e-19 -7.3723e-10 1.0842e-19 6.53505e-19 1 5.38929
1 2.28712e-18 -1.0842e-19 1.24206e-15 -2.28712e-18 1 -4.9264e-18 -7.42155e-10 1.0842e-19 4.9264e-18 1 5.42529
1 2.8551e-18 -1.0842e-19 1.25594e-15 -2.8551e-18 1 -9.63779e-18 -7.48174e-10 1.0842e-19 9.63779e-18 1 5.46929
1 4.38563e-18 -1.0842e-19 1.26288e-15 -4.38563e-18 1 -1.05358e-17 -7.50363e-10 1.0842e-19 1.05358e-17 1 5.48529
1 5.52589e-18 -1.0842e-19 1.2837e-15 -5.52589e-18 1 -1.68179e-17 -7.58023e-10 1.0842e-19 1.68179e-17 1 5.54129
1 5.13866e-18 -1.0842e-19 1.29063e-15 -5.13866e-18 1 -1.99585e-17 -7.61306e-10 1.0842e-19 1.99585e-17 1 5.56529
1 5.35786e-18 -1.0842e-19 1.29757e-15 -5.35786e-18 1 4.56608e-19 -7.6842e-10 1.0842e-19 -4.56608e-19 1 5.61729
1 8.6107e-18 -1.0842e-19 1.31145e-15 -8.6107e-18 1 -1.11526e-18 -7.73344e-10 1.0842e-19 1.11526e-18 1 5.65329
1 9.56163e-18 -1.0842e-19 1.33227e-15 -9.56163e-18 1 -5.82683e-18 -7.78269e-10 1.0842e-19 5.82683e-18 1 5.68929
1 1.14745e-17 -1.0842e-19 1.33227e-15 -1.14745e-17 1 -7.17374e-18 -7.81552e-10 1.0842e-19 7.17374e-18 1 5.71329
1 1.14739e-17 -1.0842e-19 1.33227e-15 -1.14739e-17 1 -7.62241e-18 -7.83741e-10 1.0842e-19 7.62241e-18 1 5.72929
1 1.453e-17 -1.0842e-19 1.34615e-15 -1.453e-17 1 -1.3008e-17 -7.90307e-10 1.0842e-19 1.3008e-17 1 5.77729
1 -4.06207e-17 -1.0842e-19 1.36002e-15 4.06207e-17 1 -1.83664e-17 -7.96873e-10 1.0842e-19 1.83664e-17 1 5.82529
1 -1.05583e-17 -1.0842e-19 1.3739e-15 1.05583e-17 1 -1.72587e-17 -7.99609e-10 1.0842e-19 1.72587e-17 1 5.84529
1 -3.87084e-17 -1.0842e-19 1.3739e-15 3.87084e-17 1 -2.01619e-17 -8.04534e-10 1.0842e-19 2.01619e-17 1 5.88129
1 -7.66467e-18 -1.0842e-19 1.38778e-15 7.66467e-18 1 -1.33167e-18 -8.10005e-10 1.0842e-19 1.33167e-18 1 5.92129
1 -7.47656e-18 -1.0842e-19 1.39472e-15 7.47656e-18 1 -3.79949e-18 -8.12741e-10 1.0842e-19 3.79949e-18 1 5.94129
1 -6.52197e-18 -1.0842e-19 1.40166e-15 6.52197e-18 1 -5.81899e-18 -8.15477e-10 1.0842e-19 5.81899e-18 1 5.96129
1 -4.22861e-18 -1.0842e-19 1.4086e-15 4.22861e-18 1 -8.9608e-18 -8.19855e-10 1.0842e-19 8.9608e-18 1 5.99329
1 -2.3609e-20 -1.0842e-19 1.42941e-15 2.3609e-20 1 -1.43469e-17 -8.25326e-10 1.0842e-19 1.43469e-17 1 6.03329
1 -5.98946e-19 -1.0842e-19 1.43635e-15 5.98946e-19 1 -1.50196e-17 -8.28062e-10 1.0842e-19 1.50196e-17 1 6.05329
1 3.03378e-18 -1.0842e-19 1.44329e-15 -3.03378e-18 1 -1.88351e-17 -8.34081e-10 1.0842e-19 1.88351e-17 1 6.09729
1 2.45355e-18 -1.0842e-19 1.45023e-15 -2.45355e-18 1 -2.30973e-17 -8.39006e-10 1.0842e-19 2.30973e-17 1 6.13329
1 2.4505e-18 -1.0842e-19 1.46411e-15 -2.4505e-18 1 -2.53407e-17 -8.41195e-10 1.0842e-19 2.53407e-17 1 6.14929
1 3.8179e-18 -1.0842e-19 1.47105e-15 -3.8179e-18 1 -5.37484e-18 -8.47214e-10 1.0842e-19 5.37484e-18 1 6.19329
1 4.58073e-18 -1.0842e-19 1.47798e-15 -4.58073e-18 1 -7.61859e-18 -8.49402e-10 1.0842e-19 7.61859e-18 1 6.20929
1 6.48992e-18 -1.0842e-19 1.49186e-15 -6.48992e-18 1 -1.16576e-17 -8.54874e-10 1.0842e-19 1.16576e-17 1 6.24929
1 6.10331e-18 -1.0842e-19 1.4988e-15 -6.10331e-18 1 -1.43495e-17 -8.58157e-10 1.0842e-19 1.43495e-17 1 6.27329
1 7.44389e-18 -1.0842e-19 1.51268e-15 -7.44389e-18 1 -1.41257e-17 -8.61988e-10 1.0842e-19 1.41257e-17 1 6.30129
1 9.5418e-18 -1.0842e-19 1.51962e-15 -9.5418e-18 1 -2.01839e-17 -8.68007e-10 1.0842e-19 2.01839e-17 1 6.34529
1 -1.72353e-17 -1.0842e-19 1.54043e-15 1.72353e-17 1 9.16802e-19 -8.74573e-10 1.0842e-19 -9.16802e-19 1 6.39329
1 -1.2262e-17 -1.0842e-19 1.54043e-15 1.2262e-17 1 -2.67496e-18 -8.77856e-10 1.0842e-19 2.67496e-18 1 6.41729
1 -1.20757e-17 -1.0842e-19 1.54737e-15 1.20757e-17 1 -6.48881e-18 -8.8278e-10 1.0842e-19 6.48881e-18 1 6.45329
1 -1.11211e-17 -1.0842e-19 1.55431e-15 1.11211e-17 1 -8.5083e-18 -8.85516e-10 1.0842e-19 8.5083e-18 1 6.47329
1 -9.59428e-18 -1.0842e-19 1.56819e-15 9.59428e-18 1 -1.20984e-17 -8.89894e-10 1.0842e-19 1.20984e-17 1 6.50529
1 -3.35314e-17 -1.0842e-19 1.58207e-15 3.35314e-17 1 -1.4555e-17 -8.95913e-10 1.0842e-19 1.4555e-17 1 6.54929
1 -3.23869e-17 -1.0842e-19 1.59595e-15 3.23869e-17 1 -1.76963e-17 -8.99196e-10 1.0842e-19 1.76963e-17 1 6.57329
1 -4.78592e-18 -1.0842e-19 1.59595e-15 4.78592e-18 1 3.82768e-18 -9.01385e-10 1.0842e-19 -3.82768e-18 1 6.58929
1 2.64754e-18 -1.0842e-19 1.60982e-15 -2.64754e-18 1 -2.10777e-17 -9.07404e-10 1.0842e-19 2.10777e-17 1 6.63329
1 3.40852e-18 -1.0842e-19 1.61676e-15 -3.40852e-18 1 -2.46674e-17 -9.11781e-10 1.0842e-19 2.46674e-17 1 6.66529
1 3.62956e-18 -1.0842e-19 1.6237e-15 -3.62956e-18 1 -2.90638e-18 -9.14517e-10 1.0842e-19 2.90638e-18 1 6.68529
1 2.66579e-18 -1.0842e-19 1.63758e-15 -2.66579e-18 1 -7.61707e-18 -9.18347e-10 1.0842e-19 7.61707e-18 1 6.71329
1 4.95609e-18 -1.0842e-19 1.65146e-15 -4.95609e-18 1 -1.30023e-17 -9.24913e-10 1.0842e-19 1.30023e-17 1 6.76129
1 5.91007e-18 -1.0842e-19 1.65146e-15 -5.91007e-18 1 -1.54704e-17 -9.29838e-10 1.0842e-19 1.54704e-17 1 6.79729
1 6.10122e-18 -1.0842e-19 1.66533e-15 -6.10122e-18 1 -1.56948e-17 -9.32574e-10 1.0842e-19 1.56948e-17 1 6.81729
1 8.96563e-18 -1.0842e-19 1.67227e-15 -8.96563e-18 1 -2.13047e-17 -9.38593e-10 1.0842e-19 2.13047e-17 1 6.86129
1 7.46313e-18 -1.0842e-19 1.68615e-15 -7.46313e-18 1 2.3288e-19 -9.4297e-10 1.0842e-19 -2.3288e-19 1 6.89329
1 6.69419e-18 -1.0842e-19 1.69309e-15 -6.69419e-18 1 -2.01016e-18 -9.45159e-10 1.0842e-19 2.01016e-18 1 6.90929
1 9.55921e-18 -1.0842e-19 1.70697e-15 -9.55921e-18 1 -7.1713e-18 -9.51178e-10 1.0842e-19 7.1713e-18 1 6.95329
1 1.05132e-17 -1.0842e-19 1.71391e-15 -1.05132e-17 1 -9.63946e-18 -9.56103e-10 1.0842e-19 9.63946e-18 1 6.98929
1 9.36191e-18 -1.0842e-19 1.72778e-15 -9.36191e-18 1 -1.14336e-17 -9.59386e-10 1.0842e-19 1.14336e-17 1 7.01329
1 1.24205e-17 -1.0842e-19 1.73472e-15 -1.24205e-17 1 -1.50245e-17 -9.63763e-10 1.0842e-19 1.50245e-17 1 7.04529
1 1.3377e-17 -1.0842e-19 1.74166e-15 -1.3377e-17 1 -1.56979e-17 -9.66499e-10 1.0842e-19 1.56979e-17 1 7.06529
1 -4.23442e-17 -1.0842e-19 1.74166e-15 4.23442e-17 1 -1.81396e-17 -9.71424e-10 1.0842e-19 1.81396e-17 1 7.10129
1 -3.66019e-17 -1.0842e-19 1.75554e-15 3.66019e-17 1 -1.94883e-17 -9.76896e-10 1.0842e-19 1.94883e-17 1 7.14129
1 -6.92621e-18 -1.0842e-19 1.76942e-15 6.92621e-18 1 -2.10725e-17 -9.80726e-10 1.0842e-19 2.10725e-17 1 7.16929
1 -7.08933e-18 -1.0842e-19 1.77636e-15 7.08933e-18 1 -2.08635e-19 -9.84556e-10 1.0842e-19 2.08635e-19 1 7.19729
1 -6.71312e-18 -1.0842e-19 1.79023e-15 6.71312e-18 1 -5.14428e-18 -9.90028e-10 1.0842e-19 5.14428e-18 1 7.23729
1 -4.61032e-18 -1.0842e-19 1.79717e-15 4.61032e-18 1 -7.61296e-18 -9.96047e-10 1.0842e-19 7.61296e-18 1 7.28129
1 -1.62778e-20 -1.0842e-19 1.81105e-15 1.62778e-20 1 -8.51243e-18 -1.00042e-09 1.0842e-19 8.51243e-18 1 7.31329
1 -2.14784e-19 -1.0842e-19 1.82493e-15 2.14784e-19 1 -1.36721e-17 -1.00644e-09 1.0842e-19 1.36721e-17 1 7.35729
1 -2.2914e-18 -1.0842e-19 1.84575e-15 2.2914e-18 1 8.09004e-18 -1.01232e-09 1.0842e-19 -8.09004e-18 1 7.40024
1 -3.78542e-19 -1.0842e-19 1.84575e-15 3.78542e-19 1 6.74312e-18 -1.01429e-09 1.0842e-19 -6.74312e-18 1 7.41462
1 -4.02168e-18 -1.0842e-19 1.85962e-15 4.02168e-18 1 2.93108e-18 -1.01742e-09 1.0842e-19 -2.93108e-18 1 7.43751
1 -9.00541e-18 -1.0842e-19 1.85962e-15 9.00541e-18 1 -1.1047e-18 -1.01906e-09 1.0842e-19 1.1047e-18 1 7.44949
1 -6.52272e-18 -1.0842e-19 1.86656e-15 6.52272e-18 1 -5.81699e-18 -1.02013e-09 1.0842e-19 5.81699e-18 1 7.45736
1 2.83977e-14 -0.000326712 -5.12308e-05 -2.84183e-14 1 -6.32029e-14 -1.02109e-09 0.000326712 6.32122e-14 1 7.46426
0.999923 1.67503e-12 -0.0124111 -0.0019343 -1.70168e-12 1 -2.13675e-12 -1.02181e-09 0.0124111 2.1577e-12 0.999923 7.46718
0.998896 6.23111e-12 -0.0469757 -0.00723713 -6.6125e-12 1 -7.96339e-12 -1.02292e-09 0.0469757 8.26523e-12 0.998896 7.46863
0.994887 1.29315e-11 -0.100998 -0.015316 -1.46977e-11 1 -1.67436e-11 -1.02419e-09 0.100998 1.81424e-11 0.994887 7.4677
0.992326 1.55883e-11 -0.123648 -0.0186324 -1.82389e-11 1 -2.03049e-11 -1.02464e-09 0.123648 2.24043e-11 0.992326 7.46678
0.987478 1.94289e-11 -0.157759 -0.023519 -2.37537e-11 1 -2.55283e-11 -1.02526e-09 0.157759 2.8956e-11 0.987478 7.46518
0.982587 2.2404e-11 -0.185804 -0.0274283 -2.84191e-11 1 -2.97095e-11 -1.02574e-09 0.185804 3.44725e-11 0.982587 7.46371
0.977387 2.50178e-11 -0.211459 -0.030999 -3.28288e-11 1 -3.34278e-11 -1.02611e-09 0.211459 3.96138e-11 0.977387 7.46188
0.965102 2.9795e-11 -0.261874 -0.0379046 -4.1849e-11 1 -4.04532e-11 -1.02671e-09 0.261874 5.00007e-11 0.965102 7.45761
0.957439 3.2133e-11 -0.288636 -0.0414982 -4.6834e-11 1 -4.40267e-11 -1.02699e-09 0.288636 5.56708e-11 0.957439 7.45507
0.934107 3.74553e-11 -0.356994 -0.0504295 -6.02154e-11 1 -5.26404e-11 -1.02754e-09 0.356994 7.06683e-11 0.934107 7.44782
0.92692 3.87128e-11 -0.375259 -0.0527532 -6.39553e-11 1 -5.48117e-11 -1.02765e-09 0.375259 7.48059e-11 0.92692 7.44571
0.909328 4.12589e-11 -0.416081 -0.0578467 -7.25779e-11 1 -5.94552e-11 -1.02785e-09 0.416081 8.42626e-11 0.909328 7.44073
0.887543 4.36038e-11 -0.460724 -0.063253 -8.24472e-11 1 -6.41854e-11 -1.02798e-09 0.460724 9.49527e-11 0.887543 7.43485
0.875795 4.45787e-11 -0.482683 -0.0658463 -8.74802e-11 1 -6.63707e-11 -1.02801e-09 0.482683 1.00352e-10 0.875795 7.4318
0.853251 4.59953e-11 -0.5215 -0.0703181 -9.66836e-11 1 -6.99907e-11 -1.028e-09 0.5215 1.1014e-10 0.853251 7.42611
0.826157 4.70532e-11 -0.563441 -0.0749781 -1.071e-10 1 -7.35276e-11 -1.02791e-09 0.563441 1.2109e-10 0.826157 7.41954
0.787838 4.76092e-11 -0.615883 -0.0805288 -1.20892e-10 1 -7.73429e-11 -1.02765e-09 0.615883 1.35389e-10 0.787838 7.41063
0.756081 4.74043e-11 -0.654478 -0.084394 -1.31656e-10 1 -7.96643e-11 -1.02734e-09 0.654478 1.46399e-10 0.756081 7.40353
0.739487 4.70955e-11 -0.673171 -0.0861913 -1.37079e-10 1 -8.06227e-11 -1.02716e-09 0.673171 1.51897e-10 0.739487 7.39991
0.72243 4.66493e-11 -0.691444 -0.0878969 -1.42525e-10 1 -8.14453e-11 -1.02695e-09 0.691444 1.57386e-10 0.72243 7.39625
0.686972 4.53462e-11 -0.726684 -0.091029 -1.53469e-10 1 -8.26809e-11 -1.02647e-09 0.726684 1.68323e-10 0.686972 7.38878
0.653588 4.37073e-11 -0.75685 -0.0935245 -1.63361e-10 1 -8.33241e-11 -1.02597e-09 0.75685 1.781e-10 0.653588 7.38194
0.630593 4.2371e-11 -0.776114 -0.0950154 -1.69968e-10 1 -8.35053e-11 -1.02559e-09 0.776114 1.84572e-10 0.630593 7.37732
0.595042 4.00041e-11 -0.803695 -0.0969895 -1.79881e-10 1 -8.34055e-11 -1.02497e-09 0.803695 1.94199e-10 0.595042 7.3703
0.570667 3.81865e-11 -0.821182 -0.098129 -1.86483e-10 1 -8.30912e-11 -1.02452e-09 0.821182 2.00554e-10 0.570667 7.36558
0.537372 3.54682e-11 -0.843345 -0.0994266 -1.95265e-10 1 -8.23644e-11 -1.02388e-09 0.843345 2.08936e-10 0.537372 7.35923
0.494551 3.16025e-11 -0.869149 -0.100689 -2.0619e-10 1 -8.09631e-11 -1.023e-09 0.869149 2.1925e-10 0.494551 7.35123
0.47707 2.99127e-11 -0.878865 -0.101082 -2.10538e-10 1 -8.02499e-11 -1.02263e-09 0.878865 2.2332e-10 0.47707 7.34801
0.428036 2.48499e-11 -0.903762 -0.10183 -2.22412e-10 1 -7.7842e-11 -1.02155e-09 0.903762 2.34327e-10 0.428036 7.33913
0.400735 2.18355e-11 -0.916194 -0.102031 -2.28828e-10 1 -7.62544e-11 -1.02092e-09 0.916194 2.40209e-10 0.400735 7.33427
0.363776 1.75445e-11 -0.931486 -0.102073 -2.37303e-10 1 -7.38398e-11 -1.02004e-09 0.931486 2.47906e-10 0.363776 7.32779
