1.000000000 0.000000000 0.000000000 0.000000000 0.000000000 1.000000000 0.000000000 0.000000000 0.000000000 0.000000000 1.000000000 0.000000000
1.000000000 0.000035003 -0.000026238 0.000001155 -0.000035004 1.000000000 -0.000033022 0.000020222 0.000026237 0.000033023 1.000000000 -0.000008992
1.000000000 0.000049293 0.000071190 -0.000070344 -0.000049283 1.000000000 -0.000149511 0.000101012 -0.000071197 0.000149507 1.000000000 -0.000008662
1.000000000 0.000038400 -0.000008827 -0.000006051 -0.000038400 1.000000000 -0.000048222 0.000028518 0.000008825 0.000048223 1.000000000 -0.000002105
1.000000000 0.000038399 -0.000008826 -0.000006050 -0.000038399 1.000000000 -0.000048221 0.000028517 0.000008824 0.000048222 1.000000000 -0.000002106
1.000000000 0.000020666 -0.000013506 0.000001752 -0.000020666 1.000000000 -0.000012286 0.000011934 0.000013506 0.000012287 1.000000000 -0.000001852
1.000000000 -0.000000236 -0.000003731 0.000000755 0.000000236 1.000000000 0.000010838 -0.000005313 0.000003731 -0.000010838 1.000000000 -0.000005434
1.000000000 0.000038801 -0.000008763 -0.000006220 -0.000038801 1.000000000 -0.000048688 0.000028739 0.000008761 0.000048688 1.000000000 -0.000002193
1.000000000 0.000075026 0.000054125 -0.000041349 -0.000075021 1.000000000 -0.000087294 0.000069759 -0.000054131 0.000087290 1.000000000 0.000030617
1.000000000 -0.000002055 -0.000002449 0.000000837 0.000002055 1.000000000 0.000010373 -0.000005383 0.000002449 -0.000010373 1.000000000 -0.000006274
1.000000000 0.000038801 -0.000008763 -0.000006220 -0.000038802 1.000000000 -0.000048691 0.000028740 0.000008761 0.000048691 1.000000000 -0.000002193
1.000000000 0.000032401 -0.000007374 -0.000004304 -0.000032402 1.000000000 -0.000043775 0.000026527 0.000007372 0.000043776 1.000000000 -0.000003328
1.000000000 0.000045285 -0.000059783 0.000092766 -0.000045305 0.999999940 -0.000339152 0.000348963 0.000059768 0.000339155 0.999999940 0.000055916
1.000000000 0.000036952 -0.000007813 -0.000001831 -0.000036953 1.000000000 -0.000051712 0.000033665 0.000007811 0.000051712 1.000000000 0.000007257
1.000000000 0.000067092 0.000034458 -0.000028721 -0.000067090 1.000000000 -0.000073214 0.000060356 -0.000034463 0.000073211 1.000000000 0.000026927
1.000000000 -0.000003355 -0.000002611 0.000004018 0.000003355 1.000000000 0.000007794 -0.000001819 0.000002611 -0.000007794 1.000000000 0.000000077
1.000000000 0.000022747 -0.000012428 -0.000001160 -0.000022747 1.000000000 -0.000015485 0.000010936 0.000012427 0.000015485 1.000000000 -0.000005799
1.000000000 -0.000057806 -0.000007743 0.000025477 0.000057806 1.000000000 0.000026337 -0.000007577 0.000007742 -0.000026337 1.000000000 0.000010340
1.000000000 0.000067154 0.000033823 -0.000028276 -0.000067151 1.000000000 -0.000073299 0.000060329 -0.000033828 0.000073297 1.000000000 0.000026623
1.000000000 -0.000003287 -0.000002677 0.000003974 0.000003287 1.000000000 0.000007216 -0.000001430 0.000002677 -0.000007216 1.000000000 0.000000410
1.000000000 0.000090799 0.000040799 -0.000078370 -0.000090790 1.000000000 -0.000208898 0.000144740 -0.000040818 0.000208895 1.000000000 0.000059775
1.000000000 -0.000032385 -0.000002702 0.000011513 0.000032385 1.000000000 0.000009222 0.000001440 0.000002702 -0.000009222 1.000000000 0.000005349
1.000000000 0.000000230 0.000000126 0.000000054 -0.000000230 1.000000000 -0.000000476 0.000000438 -0.000000126 0.000000476 1.000000000 0.000000385
1.000000000 -0.000002988 -0.000002764 0.000004518 0.000002988 1.000000000 0.000007666 -0.000001707 0.000002764 -0.000007666 1.000000000 0.000000100
1.000000000 0.000092207 0.000042143 -0.000077262 -0.000092198 1.000000000 -0.000202842 0.000140939 -0.000042162 0.000202838 1.000000000 0.000056046
1.000000000 0.000051309 -0.000012553 0.000066861 -0.000051314 0.999999940 -0.000394789 0.000338748 0.000012533 0.000394789 0.999999940 0.000077300
1.000000000 0.000068158 0.000034703 -0.000028712 -0.000068156 1.000000000 -0.000074770 0.000061640 -0.000034708 0.000074768 1.000000000 0.000027674
1.000000000 -0.000004961 -0.000005896 0.000006007 0.000004962 1.000000000 0.000009455 -0.000003182 0.000005896 -0.000009455 1.000000000 -0.000000693
1.000000000 0.000038801 -0.000008762 -0.000006220 -0.000038802 1.000000000 -0.000048692 0.000028741 0.000008760 0.000048693 1.000000000 -0.000002193
1.000000000 0.000038801 -0.000008764 -0.000006219 -0.000038802 1.000000000 -0.000048692 0.000028743 0.000008762 0.000048692 1.000000000 -0.000002192
1.000000000 0.000038801 -0.000008766 -0.000006217 -0.000038802 1.000000000 -0.000048691 0.000028745 0.000008764 0.000048691 1.000000000 -0.000002191
1.000000000 0.000044179 -0.000061134 0.000092822 -0.000044200 0.999999940 -0.000341008 0.000350273 0.000061119 0.000341011 0.999999940 0.000056496
1.000000000 0.000074280 0.000024441 -0.000024875 -0.000074278 1.000000000 -0.000092718 0.000071352 -0.000024448 0.000092716 1.000000000 0.000022958
1.000000000 -0.000034800 -0.000021729 0.000027977 0.000034801 1.000000000 0.000032526 -0.000017582 0.000021728 -0.000032527 1.000000000 0.000007592
0.999999881 0.000440616 -0.000058782 -0.000010553 -0.000440668 0.999999523 -0.000882850 0.000479422 0.000058393 0.000882875 0.999999583 0.000270353
0.999999285 -0.000606664 -0.001013528 0.000887681 0.000605747 0.999999404 -0.000904592 0.000367952 0.001014076 0.000903977 0.999999106 0.009090328
0.999999583 -0.000320321 -0.000853035 0.000398622 0.000319989 0.999999881 -0.000389397 0.000276396 0.000853160 0.000389124 0.999999583 0.027272334
0.999999702 -0.000163369 -0.000718320 0.000253558 0.000163031 0.999999881 -0.000470176 0.000373622 0.000718397 0.000470059 0.999999642 0.050912708
0.999999583 0.000244538 -0.000907991 0.000285699 -0.000244650 0.999999940 -0.000123344 -0.000140792 0.000907961 0.000123566 0.999999583 0.079116352
0.999999821 -0.000362127 -0.000484914 -0.000309395 0.000361546 0.999999225 -0.001197397 0.000629470 0.000485347 0.001197221 0.999999166 0.110694200
0.999999642 -0.000545855 -0.000628789 -0.000359989 0.000545334 0.999999523 -0.000829111 0.000243356 0.000629242 0.000828768 0.999999464 0.144694492
0.999999940 0.000018208 0.000270388 -0.001036864 -0.000017986 0.999999642 -0.000820069 0.000250881 -0.000270403 0.000820064 0.999999642 0.179678515
0.999999881 -0.000112868 -0.000484911 -0.000730194 0.000112513 0.999999702 -0.000730394 0.000245201 0.000484993 0.000730339 0.999999642 0.215755597
0.999999762 0.000512588 -0.000457801 -0.001148536 -0.000512903 0.999999642 -0.000687454 0.000343211 0.000457448 0.000687689 0.999999642 0.244048595
0.999999940 -0.000368644 0.000002668 -0.001679910 0.000368645 0.999999940 -0.000141229 -0.000380697 -0.000002616 0.000141230 1.000000000 0.264751285
0.999999821 0.000123745 -0.000549246 -0.001351555 -0.000123845 1.000000000 -0.000181485 -0.000210587 0.000549224 0.000181553 0.999999821 0.279288888
0.999999821 -0.000602939 -0.000101856 -0.001468393 0.000602922 0.999999821 -0.000160986 -0.000484688 0.000101953 0.000160924 1.000000000 0.289994597
0.999999940 -0.000202072 -0.000218250 -0.001746540 0.000201947 0.999999821 -0.000575560 -0.000371089 0.000218366 0.000575516 0.999999821 0.298011154
1.000000000 -0.000104497 -0.000069957 -0.002234928 0.000104419 0.999999404 -0.001106691 0.000204330 0.000070072 0.001106684 0.999999404 0.303608954
0.999999166 -0.001181300 -0.000528726 -0.001401370 0.001181017 0.999999166 -0.000536004 -0.000603740 0.000529358 0.000535379 0.999999702 0.307357639
0.999999821 -0.000518078 -0.000323698 -0.001823194 0.000517833 0.999999583 -0.000756466 -0.000246982 0.000324089 0.000756298 0.999999642 0.310497195
0.999999881 -0.000431504 -0.000179870 -0.001850028 0.000431313 0.999999344 -0.001058831 -0.000290390 0.000180327 0.001058753 0.999999404 0.312623829
0.999999464 -0.000776260 -0.000652939 -0.001609462 0.000775816 0.999999464 -0.000678710 -0.000496943 0.000653466 0.000678203 0.999999583 0.314128578
0.999999821 -0.000570912 -0.000240300 -0.002038773 0.000570700 0.999999464 -0.000883341 -0.000287301 0.000240805 0.000883204 0.999999583 0.315210134
0.999999821 -0.000242005 -0.000508115 -0.001917465 0.000241665 0.999999762 -0.000669445 -0.000373518 0.000508277 0.000669322 0.999999642 0.316166818
0.999999702 -0.000712568 -0.000354682 -0.001614955 0.000712247 0.999999344 -0.000903477 -0.000334756 0.000355326 0.000903224 0.999999523 0.316622674
0.999999821 -0.000485185 -0.000269756 -0.001831442 0.000484869 0.999999225 -0.001168801 -0.000215312 0.000270322 0.001168670 0.999999285 0.316961080
0.999999940 -0.000337993 -0.000031332 -0.002113263 0.000337962 0.999999464 -0.001000135 -0.000223162 0.000031670 0.001000124 0.999999523 0.317407548
1.000000000 -0.000129342 -0.000097720 -0.002325061 0.000129255 0.999999583 -0.000893585 -0.000173186 0.000097835 0.000893572 0.999999583 0.317945272
0.999999762 -0.000652210 -0.000090171 -0.002283092 0.000652137 0.999999464 -0.000808037 -0.000053085 0.000090698 0.000807978 0.999999642 0.318197876
0.999999940 -0.000317168 0.000092588 -0.002536278 0.000317263 0.999999404 -0.001037490 -0.000055465 -0.000092258 0.001037519 0.999999464 0.318169892
0.999999881 -0.000448987 -0.000129670 -0.002248071 0.000448843 0.999999285 -0.001107112 -0.000049605 0.000130167 0.001107054 0.999999404 0.318102211
0.999999881 -0.000389091 -0.000237616 -0.002240607 0.000388910 0.999999642 -0.000762038 -0.000165172 0.000237913 0.000761946 0.999999702 0.318260401
0.999999940 -0.000250214 -0.000087396 -0.002348385 0.000250112 0.999999285 -0.001159697 -0.000076408 0.000087686 0.001159675 0.999999344 0.318064064
0.999999940 -0.000203185 -0.000264388 -0.002259885 0.000202861 0.999999225 -0.001226402 0.000048279 0.000264637 0.001226348 0.999999225 0.318244159
0.999999940 -0.000128600 -0.000392803 -0.002235167 0.000128218 0.999999523 -0.000971690 -0.000014446 0.000392928 0.000971640 0.999999464 0.318393946
0.999999940 -0.000311191 -0.000250897 -0.002225144 0.000310869 0.999999106 -0.001284134 0.000138064 0.000251297 0.001284056 0.999999166 0.318294615
0.999999940 -0.000253962 -0.000287205 -0.002248632 0.000253588 0.999999106 -0.001298717 0.000172310 0.000287534 0.001298644 0.999999106 0.318332762
0.999999881 -0.000353473 -0.000367174 -0.002144103 0.000353160 0.999999583 -0.000853235 -0.000063496 0.000367475 0.000853105 0.999999583 0.318381131
0.999999940 -0.000137357 -0.000202238 -0.002315150 0.000137118 0.999999285 -0.001181878 0.000014833 0.000202400 0.001181851 0.999999285 0.318266958
0.999999881 -0.000292238 -0.000351222 -0.002236810 0.000291837 0.999999285 -0.001140737 0.000110897 0.000351555 0.001140634 0.999999285 0.318307817
0.999999940 -0.000058186 -0.000281653 -0.002326586 0.000057888 0.999999464 -0.001055877 -0.000082169 0.000281714 0.001055861 0.999999404 0.318219662
0.999999881 -0.000316211 -0.000337924 -0.002235848 0.000315817 0.999999285 -0.001167606 0.000143502 0.000338293 0.001167499 0.999999285 0.318319231
0.999999940 -0.000157262 -0.000231263 -0.002327255 0.000157004 0.999999344 -0.001112509 -0.000039243 0.000231437 0.001112473 0.999999344 0.318200916
0.999999881 -0.000268060 -0.000375421 -0.002245864 0.000267649 0.999999344 -0.001094809 0.000115715 0.000375714 0.001094708 0.999999344 0.318332076
0.999999940 -0.000072707 -0.000380586 -0.002243576 0.000072415 0.999999702 -0.000766858 -0.000227655 0.000380642 0.000766831 0.999999642 0.318249971
0.999999881 -0.000370142 -0.000318153 -0.002212213 0.000369741 0.999999166 -0.001260796 0.000158869 0.000318619 0.001260679 0.999999166 0.318267465
0.999999940 -0.000133246 -0.000258979 -0.002332233 0.000132985 0.999999464 -0.001008481 -0.000049889 0.000259113 0.001008446 0.999999464 0.318261623
0.999999881 -0.000397096 -0.000285435 -0.002190924 0.000396780 0.999999285 -0.001107268 -0.000013948 0.000285874 0.001107154 0.999999344 0.318112195
0.999999881 -0.000251514 -0.000391132 -0.002190290 0.000251119 0.999999464 -0.001009462 -0.000092122 0.000391386 0.001009364 0.999999404 0.318253517
0.999999940 -0.000183568 -0.000336577 -0.002249824 0.000183206 0.999999404 -0.001075718 -0.000015807 0.000336774 0.001075657 0.999999344 0.318214089
0.999999881 -0.000260394 -0.000422585 -0.002153871 0.000259912 0.999999344 -0.001141332 -0.000002195 0.000422882 0.001141222 0.999999285 0.318212271
0.999999821 -0.000215804 -0.000533750 -0.002022120 0.000215372 0.999999642 -0.000810643 -0.000189498 0.000533925 0.000810528 0.999999523 0.318247527
0.999999940 -0.000096440 -0.000356929 -0.002190859 0.000096047 0.999999404 -0.001101376 0.000006996 0.000357035 0.001101342 0.999999344 0.318264246
0.999999940 -0.000215515 -0.000289472 -0.002184400 0.000215180 0.999999285 -0.001155916 0.000012870 0.000289721 0.001155854 0.999999285 0.318217456
0.999999940 -0.000110549 -0.000377381 -0.002191444 0.000110139 0.999999404 -0.001087373 0.000026772 0.000377501 0.001087331 0.999999344 0.318299204
0.999999821 -0.000198023 -0.000523456 -0.002022393 0.000197596 0.999999642 -0.000815926 -0.000188795 0.000523617 0.000815823 0.999999523 0.318249822
0.999999881 -0.000207615 -0.000420837 -0.002135805 0.000207142 0.999999344 -0.001123265 0.000044353 0.000421070 0.001123177 0.999999285 0.318264276
0.999999821 -0.000195129 -0.000525142 -0.002026802 0.000194702 0.999999642 -0.000814516 -0.000173463 0.000525301 0.000814414 0.999999523 0.318266332
0.999999940 -0.000120817 -0.000367895 -0.002185339 0.000120407 0.999999344 -0.001112613 0.000022971 0.000368029 0.001112569 0.999999285 0.318275779
0.999999940 -0.000098515 -0.000311912 -0.002197466 0.000098188 0.999999464 -0.001046031 -0.000035866 0.000312015 0.001046000 0.999999404 0.318229884
0.999999940 -0.000183404 -0.000354974 -0.002143261 0.000183031 0.999999404 -0.001050309 -0.000031091 0.000355166 0.001050244 0.999999404 0.318207085
0.999999881 -0.000134967 -0.000456974 -0.002082861 0.000134604 0.999999702 -0.000792858 -0.000185375 0.000457081 0.000792797 0.999999583 0.318251789
0.999999762 -0.000591005 -0.000390615 -0.001743677 0.000590723 0.999999583 -0.000721675 -0.000210342 0.000391041 0.000721444 0.999999642 0.318746746
0.999999940 -0.000288290 -0.000041191 -0.001998293 0.000288263 0.999999762 -0.000656506 -0.000748066 0.000041381 0.000656494 0.999999762 0.327360123
0.999999940 -0.000041731 -0.000375181 -0.001955179 0.000041459 0.999999762 -0.000724088 -0.000707665 0.000375211 0.000724072 0.999999642 0.345260978
0.999999940 -0.000166872 -0.000239532 -0.002431076 0.000166667 0.999999642 -0.000856560 -0.000512822 0.000239675 0.000856520 0.999999583 0.368814737
0.999999404 -0.000804815 -0.000699646 -0.002045303 0.000804692 0.999999642 -0.000176395 -0.000982018 0.000699788 0.000175832 0.999999762 0.397005618
0.999999762 -0.000372714 -0.000617401 -0.002621566 0.000372081 0.999999404 -0.001024815 -0.000711569 0.000617783 0.001024585 0.999999285 0.427795053
1.000000000 0.000112330 0.000052156 -0.002879669 -0.000112312 0.999999940 -0.000344842 -0.001219662 -0.000052194 0.000344836 0.999999940 0.453264117
0.999999762 -0.000431958 -0.000490103 -0.002304689 0.000431508 0.999999464 -0.000919171 -0.000769168 0.000490500 0.000918959 0.999999464 0.479669780
0.999999940 0.000357887 0.000202459 -0.003091025 -0.000357947 0.999999881 0.000297448 -0.001568103 -0.000202353 -0.000297521 0.999999940 0.510347724
0.999999881 0.000254449 0.000369991 -0.003264678 -0.000254544 0.999999940 0.000256870 -0.001598440 -0.000369926 -0.000256965 0.999999881 0.543594062
1.000000000 -0.000229189 -0.000015357 -0.002652499 0.000229199 0.999999762 0.000682723 -0.002341963 0.000015201 -0.000682727 0.999999762 0.577707827
0.999999881 -0.000338576 -0.000295566 -0.002506883 0.000338780 0.999999702 0.000688156 -0.002322489 0.000295333 -0.000688256 0.999999702 0.605133533
1.000000000 0.000143296 0.000126478 -0.003072660 -0.000143375 0.999999821 0.000629712 -0.002333957 -0.000126388 -0.000629730 0.999999821 0.625064433
0.999999881 0.000286969 -0.000421217 -0.002559391 -0.000287201 0.999999821 -0.000551437 -0.001448614 0.000421059 0.000551558 0.999999762 0.648988128
0.999999762 0.000623417 -0.000215998 -0.003066028 -0.000623014 0.999998093 0.001861787 -0.003176481 0.000217158 -0.001861652 0.999998271 0.676616549
1.000000000 -0.000189784 -0.000128310 -0.002986185 0.000189953 0.999999106 0.001320483 -0.002881564 0.000128059 -0.001320507 0.999999106 0.707781017
0.999999881 -0.000238340 -0.000413099 -0.003190573 0.000238611 0.999999762 0.000656247 -0.002779559 0.000412942 -0.000656346 0.999999702 0.741130769
1.000000000 -0.000064135 0.000097173 -0.003905251 0.000063938 0.999997914 0.002028532 -0.003604192 -0.000097303 -0.002028526 0.999997914 0.776175976
0.999999940 0.000060942 0.000415293 -0.003440793 -0.000061151 0.999999881 0.000502491 -0.001942446 -0.000415263 -0.000502516 0.999999762 0.804345608
0.999999762 0.000640580 0.000245651 -0.003583276 -0.000641008 0.999998271 0.001745969 -0.003354370 -0.000244532 -0.001746126 0.999998450 0.824943781
0.999999404 0.001075481 -0.000231995 -0.003207434 -0.001075082 0.999997973 0.001713399 -0.003277943 0.000233837 -0.001713149 0.999998510 0.839060009
0.999999821 0.000568957 -0.000022108 -0.003378496 -0.000568924 0.999998808 0.001454564 -0.003313723 0.000022936 -0.001454551 0.999998927 0.849123240
0.999999642 0.000769530 -0.000330923 -0.003161507 -0.000769363 0.999999583 0.000505100 -0.002299213 0.000331312 -0.000504845 0.999999821 0.857089877
0.999999940 0.000336293 -0.000085707 -0.003434535 -0.000336163 0.999998808 0.001516582 -0.003365182 0.000086217 -0.001516553 0.999998868 0.861900926
0.999999762 0.000692623 -0.000160580 -0.003664345 -0.000692488 0.999999404 0.000836883 -0.002971595 0.000161159 -0.000836772 0.999999642 0.865690768
0.999999702 0.000483397 0.000563986 -0.003860883 -0.000483921 0.999999464 0.000930683 -0.002898280 -0.000563536 -0.000930956 0.999999404 0.868862748
0.999999702 0.000730506 0.000304699 -0.003656898 -0.000730978 0.999998510 0.001549771 -0.003130654 -0.000303566 -0.001549993 0.999998748 0.871057808
0.999999702 0.000607370 0.000526655 -0.003950629 -0.000607881 0.999999344 0.000971573 -0.002953898 -0.000526065 -0.000971893 0.999999404 0.872100413
0.999999225 0.000898714 0.000890951 -0.004228449 -0.000900063 0.999998450 0.001515541 -0.003187990 -0.000889588 -0.001516341 0.999998450 0.873243213
0.999999583 0.000683143 0.000603570 -0.003841838 -0.000683684 0.999999344 0.000896891 -0.002916495 -0.000602957 -0.000897303 0.999999404 0.873928070
0.999999344 0.000629015 0.000940178 -0.004035916 -0.000630408 0.999998689 0.001481912 -0.003094732 -0.000939244 -0.001482503 0.999998450 0.874632180
0.999999523 0.000681718 0.000687949 -0.003851258 -0.000682174 0.999999523 0.000662154 -0.002834819 -0.000687497 -0.000662623 0.999999523 0.874984026
0.999999344 0.000757402 0.000877912 -0.004022908 -0.000758135 0.999999344 0.000834858 -0.002862119 -0.000877279 -0.000835523 0.999999285 0.875174105
0.999999583 0.000751662 0.000552829 -0.003915671 -0.000752073 0.999999464 0.000743277 -0.002711570 -0.000552270 -0.000743692 0.999999583 0.875397682
0.999999523 0.000702201 0.000712517 -0.004000288 -0.000702657 0.999999523 0.000640777 -0.002722106 -0.000712067 -0.000641277 0.999999523 0.875380635
0.999999642 0.000489012 0.000654971 -0.004027027 -0.000489719 0.999999285 0.001079017 -0.002959321 -0.000654443 -0.001079337 0.999999225 0.875757635
0.999999821 0.000443270 0.000382570 -0.003721872 -0.000443589 0.999999583 0.000834277 -0.002854015 -0.000382200 -0.000834447 0.999999583 0.875682771
0.999999881 0.000335436 0.000308755 -0.003702186 -0.000335687 0.999999642 0.000813456 -0.002800205 -0.000308482 -0.000813559 0.999999642 0.875781536
0.999999881 0.000376844 0.000370997 -0.003719901 -0.000377316 0.999999106 0.001274730 -0.002988557 -0.000370516 -0.001274870 0.999999106 0.875816107
0.999999881 0.000374206 0.000311419 -0.003676496 -0.000374583 0.999999225 0.001211379 -0.002992887 -0.000310966 -0.001211496 0.999999225 0.875809550
0.999999762 0.000602987 0.000274312 -0.003710049 -0.000603326 0.999999046 0.001238643 -0.002941077 -0.000273565 -0.001238808 0.999999166 0.875843644
0.999999821 0.000538786 0.000272694 -0.003729023 -0.000539161 0.999998927 0.001374741 -0.003027440 -0.000271953 -0.001374888 0.999999046 0.875891268
0.999999702 0.000602237 0.000431996 -0.003817505 -0.000602831 0.999998868 0.001376415 -0.003096484 -0.000431166 -0.001376675 0.999998987 0.875800371
0.999999821 0.000558750 0.000270174 -0.003706768 -0.000559151 0.999998748 0.001484359 -0.003183826 -0.000269344 -0.001484510 0.999998868 0.875857174
0.999999762 0.000673519 0.000280462 -0.003704861 -0.000673939 0.999998629 0.001499941 -0.003192621 -0.000279451 -0.001500129 0.999998808 0.875914454
0.999999821 0.000579328 0.000270344 -0.003721103 -0.000579693 0.999998927 0.001352069 -0.003077750 -0.000269560 -0.001352226 0.999999046 0.875941932
0.999999821 0.000563423 0.000290880 -0.003741635 -0.000563814 0.999998927 0.001344644 -0.003084550 -0.000290123 -0.001344808 0.999999046 0.875928700
0.999999821 0.000464629 0.000291465 -0.003708910 -0.000465004 0.999999046 0.001288599 -0.003038255 -0.000290866 -0.001288734 0.999999106 0.875918508
0.999999821 0.000487224 0.000300107 -0.003708993 -0.000487614 0.999999046 0.001302735 -0.003052220 -0.000299472 -0.001302881 0.999999106 0.875950634
0.999999821 0.000476671 0.000293890 -0.003707259 -0.000477051 0.999999046 0.001294871 -0.003030389 -0.000293272 -0.001295011 0.999999106 0.875953615
0.999999762 0.000492003 0.000423368 -0.003780709 -0.000492511 0.999999166 0.001200076 -0.002986444 -0.000422778 -0.001200284 0.999999166 0.875924468
0.999999821 0.000414783 0.000409254 -0.003734310 -0.000415254 0.999999225 0.001150507 -0.002953095 -0.000408777 -0.001150677 0.999999225 0.875907958
0.999999821 0.000508224 0.000254995 -0.003647128 -0.000508585 0.999998868 0.001419582 -0.003106487 -0.000254273 -0.001419712 0.999998987 0.875953496
0.999999821 0.000460079 0.000407660 -0.003757552 -0.000460560 0.999999225 0.001181065 -0.002969604 -0.000407117 -0.001181253 0.999999225 0.875923634
0.999999821 0.000519162 0.000260348 -0.003654136 -0.000519530 0.999998868 0.001413822 -0.003107831 -0.000259614 -0.001413957 0.999998987 0.875948906
0.999999821 0.000414498 0.000408918 -0.003734939 -0.000414968 0.999999225 0.001149831 -0.002952470 -0.000408441 -0.001150001 0.999999285 0.875908256
0.999999762 0.000587977 0.000286950 -0.003736763 -0.000588382 0.999998808 0.001413658 -0.003093707 -0.000286118 -0.001413827 0.999998987 0.875991344
0.999999821 0.000397651 0.000388352 -0.003690731 -0.000398116 0.999999225 0.001198806 -0.003006822 -0.000387875 -0.001198960 0.999999225 0.875899911
0.999999762 0.000601845 0.000287601 -0.003735763 -0.000602247 0.999998808 0.001401809 -0.003079687 -0.000286757 -0.001401982 0.999998987 0.875988603
0.999999821 0.000577764 0.000263414 -0.003717633 -0.000578130 0.999998868 0.001392081 -0.003063591 -0.000262609 -0.001392233 0.999998987 0.875991404
0.999999762 0.000630793 0.000261270 -0.003728853 -0.000631155 0.999998808 0.001388834 -0.003061050 -0.000260393 -0.001388999 0.999998987 0.875984311
0.999999821 0.000568585 0.000261507 -0.003712587 -0.000568951 0.999998868 0.001401811 -0.003066174 -0.000260710 -0.001401959 0.999998987 0.875985324
0.999999762 0.000633129 0.000274314 -0.003734522 -0.000633509 0.999998808 0.001388166 -0.003063684 -0.000273435 -0.001388339 0.999998987 0.875966132
0.999999821 0.000572200 0.000263361 -0.003714404 -0.000572568 0.999998868 0.001399771 -0.003067733 -0.000262560 -0.001399921 0.999998987 0.875983357
0.999999762 0.000622631 0.000268828 -0.003727477 -0.000623006 0.999998808 0.001393946 -0.003062437 -0.000267959 -0.001394113 0.999998987 0.875970662
0.999999821 0.000393869 0.000417355 -0.003748043 -0.000394343 0.999999285 0.001135418 -0.002956902 -0.000416907 -0.001135582 0.999999285 0.875908494
0.999999821 0.000399787 0.000424115 -0.003737811 -0.000400253 0.999999344 0.001098831 -0.002933330 -0.000423676 -0.001099001 0.999999285 0.875880480
0.999999821 0.000574088 0.000264572 -0.003715240 -0.000574458 0.999998868 0.001398059 -0.003068689 -0.000263769 -0.001398210 0.999998987 0.875981867
0.999999762 0.000624468 0.000270025 -0.003728285 -0.000624843 0.999998808 0.001392224 -0.003063365 -0.000269156 -0.001392392 0.999998987 0.875969112
0.999999821 0.000384907 0.000413290 -0.003744090 -0.000385378 0.999999285 0.001140030 -0.002953706 -0.000412850 -0.001140189 0.999999285 0.875912309
0.999999762 0.000592286 0.000274246 -0.003723732 -0.000592670 0.999998868 0.001400826 -0.003075725 -0.000273416 -0.001400989 0.999998987 0.875971615
0.999999881 0.000340944 0.000415364 -0.003720676 -0.000341405 0.999999344 0.001110248 -0.002937798 -0.000414985 -0.001110389 0.999999285 0.875896215
0.999999821 0.000581666 0.000268749 -0.003716636 -0.000582044 0.999998868 0.001406608 -0.003074437 -0.000267930 -0.001406764 0.999998987 0.875976145
0.999999821 0.000401916 0.000417496 -0.003754132 -0.000402397 0.999999225 0.001152783 -0.002959596 -0.000417032 -0.001152950 0.999999225 0.875916898
0.999999762 0.000592286 0.000274246 -0.003723732 -0.000592670 0.999998868 0.001400826 -0.003075725 -0.000273416 -0.001400989 0.999998987 0.875971615
0.999999821 0.000568832 0.000261571 -0.003712751 -0.000569198 0.999998868 0.001401975 -0.003066248 -0.000260774 -0.001402123 0.999998987 0.875985384
0.999999821 0.000398443 0.000420874 -0.003747719 -0.000398924 0.999999285 0.001143653 -0.002961241 -0.000420418 -0.001143821 0.999999285 0.875903249
0.999999881 0.000344379 0.000410159 -0.003718485 -0.000344834 0.999999344 0.001110236 -0.002939815 -0.000409776 -0.001110377 0.999999285 0.875895560
0.999999821 0.000585038 0.000270546 -0.003718291 -0.000585417 0.999998868 0.001404385 -0.003075913 -0.000269724 -0.001404543 0.999998987 0.875974119
0.999999821 0.000377443 0.000428021 -0.003677935 -0.000377863 0.999999464 0.000982679 -0.002828985 -0.000427650 -0.000982840 0.999999404 0.876040876
0.999999762 0.000597391 0.000277161 -0.003726130 -0.000597777 0.999998868 0.001396917 -0.003078124 -0.000276326 -0.001397082 0.999998987 0.875968099
0.999999821 0.000584883 0.000268675 -0.003719615 -0.000585256 0.999998868 0.001386944 -0.003072097 -0.000267863 -0.001387101 0.999998987 0.875973165
0.999999762 0.000630913 0.000269023 -0.003732368 -0.000631287 0.999998808 0.001391407 -0.003062017 -0.000268145 -0.001391576 0.999998987 0.875968814
0.999999523 0.000687854 0.000663253 -0.004088783 -0.000688592 0.999999166 0.001112337 -0.002972238 -0.000662487 -0.001112793 0.999999166 0.876427412
0.999999821 0.000530946 0.000290999 -0.003733363 -0.000531501 0.999998033 0.001911447 -0.003700896 -0.000289984 -0.001911602 0.999998152 0.886076093
0.999999642 0.000802056 0.000132087 -0.003545905 -0.000802308 0.999997854 0.001921242 -0.003452119 -0.000130546 -0.001921347 0.999998152 0.903530777
0.999999702 0.000670696 -0.000388668 -0.003124394 -0.000670104 0.999998629 0.001523063 -0.003318343 0.000389689 -0.001522802 0.999998748 0.926973104
0.999999642 0.000868213 0.000078029 -0.003596912 -0.000868358 0.999997854 0.001876434 -0.003317838 -0.000076400 -0.001876501 0.999998212 0.954609752
0.999999762 0.000639732 0.000147314 -0.003733812 -0.000639992 0.999998212 0.001774095 -0.003295296 -0.000146178 -0.001774189 0.999998391 0.978054285
0.999998689 0.001506746 0.000565551 -0.004243725 -0.001508146 0.999995768 0.002484070 -0.003484993 -0.000561806 -0.002484920 0.999996781 1.003113508
0.999999821 0.000298696 -0.000492877 -0.002922837 -0.000297787 0.999998271 0.001843359 -0.003296980 0.000493427 -0.001843212 0.999998152 1.032795429
0.999999940 0.000022940 -0.000354637 -0.003058539 -0.000022356 0.999998629 0.001646576 -0.002972101 0.000354674 -0.001646568 0.999998569 1.065044522
0.999999881 0.000393139 0.000158647 -0.003209236 -0.000393440 0.999998093 0.001902793 -0.003245190 -0.000157899 -0.001902855 0.999998152 1.099338174
0.999999702 0.000370348 -0.000655052 -0.002584053 -0.000368141 0.999994278 0.003366627 -0.004356822 0.000656295 -0.003366384 0.999994099 1.134331346
0.999999642 0.000790816 -0.000225332 -0.002539843 -0.000790341 0.999997497 0.002101774 -0.003290969 0.000226994 -0.002101595 0.999997795 1.162367821
0.999999642 0.000094822 -0.000826273 -0.002089495 -0.000092792 0.999996960 0.002455856 -0.003545636 0.000826503 -0.002455779 0.999996662 1.182730794
0.999999523 0.000714352 -0.000709209 -0.002469114 -0.000712940 0.999997795 0.001989348 -0.003296647 0.000710628 -0.001988841 0.999997795 1.206381798
0.999999821 0.000565465 -0.000019883 -0.003279929 -0.000565405 0.999995530 0.002940204 -0.003548603 0.000021545 -0.002940193 0.999995649 1.234864354
0.999999642 0.000394357 -0.000747214 -0.001751004 -0.000393800 0.999999642 0.000745688 -0.001822118 0.000747507 -0.000745394 0.999999464 1.267138720
0.999999762 0.000411499 -0.000590272 -0.001494413 -0.000411224 0.999999821 0.000465810 -0.001384363 0.000590464 -0.000465567 0.999999702 1.300048351
0.999999702 -0.000491792 -0.000573762 -0.001197917 0.000491695 0.999999881 -0.000169065 -0.001085191 0.000573845 0.000168783 0.999999821 1.326998830
0.999999881 0.000210755 -0.000443031 -0.001182081 -0.000210636 0.999999940 0.000269577 -0.001294330 0.000443088 -0.000269483 0.999999881 1.346927881
0.999999285 -0.000102883 -0.001207799 -0.000088435 0.000102364 0.999999881 -0.000429765 -0.000757222 0.001207843 0.000429641 0.999999166 1.369046450
0.999999523 -0.000879069 -0.000451488 -0.002370157 0.000879606 0.999998927 0.001190504 -0.002351307 0.000450441 -0.001190900 0.999999166 1.396329403
0.999999821 -0.000480497 -0.000305412 -0.002445604 0.000480597 0.999999821 0.000326748 -0.001820788 0.000305255 -0.000326895 0.999999881 1.427191496
0.999999881 -0.000140159 -0.000439846 -0.002346313 0.000140511 0.999999642 0.000801920 -0.001831598 0.000439734 -0.000801981 0.999999583 1.460555434
0.999999166 -0.000987577 -0.000836021 -0.002115318 0.000988544 0.999998868 0.001157793 -0.002300479 0.000834877 -0.001158618 0.999998987 1.487416387
0.999999702 -0.000093457 -0.000800677 -0.002210069 0.000093393 1.000000000 -0.000080147 -0.001740651 0.000800684 0.000080072 0.999999702 1.506741762
0.999999523 -0.000595673 -0.000759835 -0.002040411 0.000595369 0.999999762 -0.000400686 -0.001708326 0.000760073 0.000400233 0.999999642 1.529056907
0.999999881 -0.000322242 -0.000316081 -0.002310583 0.000322457 0.999999702 0.000681197 -0.002260487 0.000315861 -0.000681299 0.999999702 1.556660414
0.999999642 -0.000423814 -0.000695275 -0.001903107 0.000424380 0.999999583 0.000815006 -0.002364541 0.000694929 -0.000815301 0.999999404 1.587600470
0.999998987 -0.000982949 -0.001052393 -0.001791451 0.000984480 0.999998450 0.001455988 -0.003150732 0.001050960 -0.001457023 0.999998391 1.619320393
0.999999821 -0.000209269 -0.000529958 -0.002791048 0.000209538 0.999999821 0.000506460 -0.003070754 0.000529852 -0.000506571 0.999999702 1.654985785
0.999999702 -0.000434186 -0.000591378 -0.002761479 0.000434793 0.999999404 0.001027570 -0.003447119 0.000590932 -0.001027827 0.999999285 1.690864205
0.999999940 -0.000364266 -0.000130737 -0.003415915 0.000364373 0.999999583 0.000818238 -0.003053265 0.000130439 -0.000818285 0.999999642 1.729080796
1.000000000 -0.000141302 -0.000137160 -0.003721293 0.000141399 0.999999762 0.000701834 -0.002465111 0.000137061 -0.000701854 0.999999762 1.767031908
0.999999762 -0.000705879 -0.000036158 -0.003886624 0.000705946 0.999997973 0.001878521 -0.003511869 0.000034831 -0.001878546 0.999998212 1.804391146
0.999999464 -0.000927761 -0.000448812 -0.003629497 0.000928427 0.999998450 0.001487193 -0.003545553 0.000447432 -0.001487609 0.999998808 1.833702087
0.999999106 -0.001269185 -0.000383198 -0.003599751 0.001269778 0.999997973 0.001550404 -0.003710548 0.000381230 -0.001550889 0.999998748 1.855737925
0.999999344 -0.001025704 -0.000548106 -0.003900562 0.001026272 0.999998927 0.001036281 -0.003163117 0.000547042 -0.001036843 0.999999285 1.880489826
0.999998808 -0.001315966 -0.000812922 -0.003588844 0.001317538 0.999997258 0.001935930 -0.003914353 0.000810372 -0.001936999 0.999997795 1.909022450
0.999998927 -0.001318419 -0.000594409 -0.003658836 0.001319482 0.999997497 0.001792094 -0.003781443 0.000592045 -0.001792876 0.999998212 1.941508770
0.999995351 -0.002992464 -0.000589957 -0.003296420 0.002993684 0.999993384 0.002078195 -0.004308932 0.000583734 -0.002079951 0.999997675 1.975289106
0.999999285 -0.001145301 -0.000403903 -0.004099093 0.001146011 0.999997795 0.001762665 -0.003995951 0.000401884 -0.001763127 0.999998391 2.009913921
0.999998927 -0.001407572 -0.000396544 -0.003754052 0.001407904 0.999998629 0.000838240 -0.003588324 0.000395363 -0.000838797 0.999999583 2.038213015
0.999998450 -0.001657233 -0.000552472 -0.004187418 0.001657179 0.999998629 -0.000098214 -0.002828900 0.000552634 0.000097298 0.999999821 2.067193747
0.999999166 -0.001277865 -0.000088818 -0.004759948 0.001277954 0.999998689 0.001010319 -0.003482417 0.000087527 -0.001010431 0.999999464 2.099002838
0.999999642 -0.000765735 0.000350498 -0.004996984 0.000765791 0.999999702 -0.000160795 -0.002527375 -0.000350375 0.000161063 0.999999940 2.133365393
0.999999046 -0.001289453 0.000517306 -0.005240256 0.001289146 0.999998987 0.000594660 -0.003324308 -0.000518072 -0.000593992 0.999999702 2.168698311
0.999998629 -0.001673079 0.000042701 -0.004895795 0.001673061 0.999998510 0.000429567 -0.003193492 -0.000043420 -0.000429495 0.999999881 2.206073761
0.999999344 -0.000927126 0.000685137 -0.005737070 0.000927309 0.999999523 -0.000266632 -0.002982784 -0.000684889 0.000267268 0.999999702 2.243371487
0.999998808 -0.001544922 0.000001750 -0.005017846 0.001544917 0.999997497 0.001608308 -0.003942842 -0.000004235 -0.001608303 0.999998689 2.281490326
0.999998987 -0.001417370 -0.000168009 -0.005418092 0.001417752 0.999996364 0.002292264 -0.004360652 0.000164760 -0.002292500 0.999997377 2.320583105
0.999998569 -0.001673848 0.000037206 -0.005466776 0.001673808 0.999998033 0.001047910 -0.004199224 -0.000038960 -0.001047847 0.999999464 2.359935760
0.999997377 -0.002246198 -0.000427941 -0.005126898 0.002247068 0.999995410 0.002043195 -0.004909780 0.000423349 -0.002044151 0.999997795 2.398676872
0.999998212 -0.001833491 -0.000437795 -0.005189061 0.001834670 0.999994636 0.002708932 -0.005039176 0.000432826 -0.002709731 0.999996245 2.429227352
0.999999821 -0.000473188 -0.000422912 -0.004872762 0.000474106 0.999997497 0.002174892 -0.004813015 0.000421882 -0.002175092 0.999997556 2.460197926
0.999999583 -0.000786525 -0.000431611 -0.005036531 0.000787152 0.999998629 0.001455248 -0.004515546 0.000430465 -0.001455587 0.999998868 2.494297504
0.999998033 -0.001135274 -0.001630781 -0.004385953 0.001139657 0.999995708 0.002689126 -0.005512475 0.001627721 -0.002690980 0.999995053 2.530166149
0.999998212 -0.001605576 -0.000990883 -0.004736986 0.001608288 0.999994934 0.002742131 -0.005666230 0.000986475 -0.002743720 0.999995768 2.565872431
0.999998748 -0.000979914 -0.001263134 -0.004716431 0.000984458 0.999993026 0.003601920 -0.006071453 0.001259595 -0.003603159 0.999992728 2.602522135
0.999998689 -0.000624630 -0.001484909 -0.004685651 0.000629421 0.999994576 0.003228441 -0.005837603 0.001482885 -0.003229372 0.999993682 2.632343769
0.999998927 -0.000941636 -0.001115400 -0.004762396 0.000944866 0.999995351 0.002899448 -0.005554409 0.001112664 -0.002900498 0.999995172 2.662264109
0.999997497 -0.001187190 -0.001893278 -0.004439875 0.001194098 0.999992609 0.003651825 -0.006051171 0.001888929 -0.003654077 0.999991536 2.694882393
0.999995947 -0.001296391 -0.002541782 -0.004182705 0.001303680 0.999995053 0.002868191 -0.005530510 0.002538051 -0.002871493 0.999992669 2.729722738
0.999996126 -0.001626606 -0.002246202 -0.004389719 0.001635919 0.999990046 0.004150492 -0.006231091 0.002239428 -0.004154150 0.999988854 2.766288042
0.999997318 -0.001279613 -0.001923700 -0.004631746 0.001287006 0.999991775 0.003846773 -0.006165651 0.001918762 -0.003849239 0.999990761 2.802592993
0.999996901 -0.001563976 -0.001927994 -0.004253549 0.001572371 0.999989271 0.004360324 -0.006320952 0.001921154 -0.004363342 0.999988616 2.832058907
0.999996781 -0.001724933 -0.001844617 -0.004528626 0.001732581 0.999989867 0.004152386 -0.005826261 0.001837436 -0.004155569 0.999989688 2.853000879
0.999998868 -0.000747704 -0.001291762 -0.005044690 0.000752973 0.999991357 0.004083195 -0.005801348 0.001288698 -0.004084163 0.999990821 2.877279758
0.999998510 -0.000798704 -0.001531780 -0.004681139 0.000806211 0.999987662 0.004906280 -0.006147413 0.001527843 -0.004907507 0.999986768 2.905701399
0.999999046 -0.000925918 -0.001015201 -0.005108969 0.000931848 0.999982417 0.005856821 -0.006198283 0.001009760 -0.005857761 0.999982357 2.938024998
0.999999404 -0.000483394 -0.000958384 -0.005407024 0.000488156 0.999987483 0.004975134 -0.005848367 0.000955967 -0.004975599 0.999987185 2.970747232
0.999998748 -0.001063089 -0.001161802 -0.005225034 0.001070687 0.999977946 0.006558330 -0.006611736 0.001154805 -0.006559566 0.999977827 3.006243944
0.999998569 -0.000961688 -0.001383764 -0.005086036 0.000968796 0.999986291 0.005145032 -0.005545636 0.001378797 -0.005146365 0.999985814 3.034294367
0.999999225 -0.000868180 -0.000886728 -0.005384136 0.000872784 0.999986053 0.005204840 -0.005965600 0.000882197 -0.005205610 0.999986053 3.063450098
0.999999702 -0.000676975 -0.000408625 -0.005603972 0.000679163 0.999985278 0.005379305 -0.005795962 0.000404977 -0.005379580 0.999985456 3.095489264
0.999997079 -0.001469107 -0.001931117 -0.004407213 0.001478858 0.999986112 0.005057761 -0.005470150 0.001923660 -0.005060602 0.999985337 3.128985167
0.999996245 -0.001455732 -0.002314956 -0.003983239 0.001466576 0.999987900 0.004689363 -0.005105132 0.002308102 -0.004692741 0.999986351 3.164695024
0.999997258 -0.001847265 -0.001430546 -0.004401796 0.001855893 0.999979973 0.006053485 -0.005587151 0.001419335 -0.006056124 0.999980628 3.201455832
0.999996722 -0.002136905 -0.001419945 -0.004089272 0.002144484 0.999983370 0.005358256 -0.005251945 0.001408471 -0.005361284 0.999984622 3.230297327
0.999997199 -0.001771816 -0.001560383 -0.004284887 0.001779755 0.999985397 0.005101243 -0.005057699 0.001551322 -0.005104006 0.999985754 3.259928226
0.999994159 -0.002425113 -0.002399812 -0.003587135 0.002435103 0.999988317 0.004168648 -0.004414192 0.002389674 -0.004174467 0.999988437 3.292624712
0.999999225 -0.001161106 -0.000485581 -0.005271775 0.001163142 0.999990463 0.004213178 -0.004470161 0.000480685 -0.004213739 0.999991000 3.327206612
0.999995887 -0.001330065 -0.002533449 -0.003912751 0.001340410 0.999990761 0.004086200 -0.004003167 0.002527991 -0.004089579 0.999988437 3.362700462
0.999995887 -0.001293889 -0.002553368 -0.004085796 0.001302867 0.999992967 0.003517835 -0.003371822 0.002548798 -0.003521148 0.999990523 3.399224758
0.999993503 -0.001868221 -0.003081728 -0.003676940 0.001882674 0.999987185 0.004693611 -0.004137715 0.003072919 -0.004699382 0.999984264 3.428737402
0.999993145 -0.001926433 -0.003165420 -0.003567617 0.001945070 0.999980748 0.005895202 -0.004800345 0.003154002 -0.005901318 0.999977589 3.458425522
0.999995232 -0.000437423 -0.003065031 -0.004067768 0.000451341 0.999989569 0.004541734 -0.003913514 0.003063012 -0.004543096 0.999984980 3.490962505
0.999995530 -0.000546121 -0.002939657 -0.004307931 0.000546451 0.999999821 0.000111336 -0.001996879 0.002939596 -0.000112942 0.999995649 3.524806738
0.999990523 -0.001578071 -0.004052870 -0.003463657 0.001577896 0.999998748 -0.000046191 -0.002068451 0.004052938 0.000039795 0.999991775 3.560617685
0.999993801 -0.001458692 -0.003204382 -0.004237859 0.001440113 0.999982178 -0.005792652 0.000519960 0.003212774 0.005788001 0.999978065 3.595364094
0.999993205 -0.001342532 -0.003434082 -0.003379448 0.001334121 0.999996126 -0.002450488 -0.000834006 0.003437359 0.002445890 0.999991119 3.625785828
0.999994457 -0.000892451 -0.003200609 -0.003774032 0.000861315 0.999952435 -0.009716512 0.001819200 0.003209128 0.009713701 0.999947667 3.654160500
0.999996245 -0.001246792 -0.002442392 -0.004306942 0.001234671 0.999986947 -0.004957871 -0.000431015 0.002448541 0.004954837 0.999984741 3.687337875
