1 0 1.0842e-19 0 3.38813e-21 1 -1.1018e-21 0 1.0842e-19 1.03894e-21 1 -2.77556e-17
1 6.21135e-05 3.15838e-08 3.18976e-06 -6.21135e-05 1 -1.01774e-05 2.9723e-06 -3.22159e-08 1.01774e-05 1 5.23805e-07
1 3.17059e-05 1.63795e-08 1.62916e-06 -3.17059e-05 1 -1.01774e-05 5.85759e-06 -1.67022e-08 1.01774e-05 1 5.22963e-07
1 2.63154e-05 1.38624e-08 1.35277e-06 -2.63154e-05 1 -1.01774e-05 4.86169e-06 -1.41302e-08 1.01774e-05 1 5.22845e-07
1 4.79011e-05 2.51356e-08 2.46226e-06 -4.79011e-05 1 -1.01774e-05 3.89261e-06 -2.56231e-08 1.01774e-05 1 5.22855e-07
1 7.91311e-05 4.12161e-08 4.06696e-06 -7.91311e-05 1 -1.01774e-05 1.87049e-06 -4.20214e-08 1.01774e-05 1 5.23833e-07
1 4.96195e-05 2.65622e-08 2.54774e-06 -4.96195e-05 1 -1.01774e-05 3.78134e-06 -2.70672e-08 1.01774e-05 1 5.22175e-07
1 8.73991e-06 5.97414e-09 4.39837e-07 -8.73991e-06 1 -1.01774e-05 1.61472e-06 -6.06309e-09 1.01774e-05 1 5.19258e-07
1 3.90472e-05 2.16601e-08 1.99345e-06 -3.90472e-05 1 -1.01774e-05 4.46584e-06 -2.20575e-08 1.01774e-05 1 5.17993e-07
1 8.37971e-06 6.10982e-09 4.11947e-07 -8.37971e-06 1 -1.01774e-05 1.54817e-06 -6.1951e-09 1.01774e-05 1 5.15956e-07
1 4.81324e-05 2.64309e-08 2.45596e-06 -4.81324e-05 1 -1.01774e-05 3.87763e-06 -2.69208e-08 1.01774e-05 1 5.16398e-07
1 6.21132e-05 3.34852e-08 3.16813e-06 -6.21132e-05 1 -1.01774e-05 2.97232e-06 -3.41174e-08 1.01774e-05 1 5.16159e-07
1 3.00164e-05 1.72345e-08 1.51917e-06 -3.00164e-05 1 -1.01774e-05 -4.26451e-06 -1.754e-08 1.01774e-05 1 5.14681e-07
1 8.52101e-06 6.2718e-09 4.10321e-07 -8.52101e-06 1 -1.01774e-05 1.57428e-06 -6.35852e-09 1.01774e-05 1 5.13679e-07
1 2.5408e-05 1.4912e-08 1.27998e-06 -2.5408e-05 1 -1.01774e-05 4.69405e-06 -1.51705e-08 1.01774e-05 1 5.14056e-07
1 4.81324e-05 2.64834e-08 2.44709e-06 -4.81324e-05 1 -1.01774e-05 3.81954e-06 -2.69732e-08 1.01774e-05 1 0.00570813
1 2.82422e-05 1.63435e-08 1.42252e-06 -2.82422e-05 1 -1.01774e-05 4.97117e-06 -1.66309e-08 1.01774e-05 1 0.0190939
1 5.89421e-05 3.2754e-08 2.99748e-06 -5.89421e-05 1 9.27235e-06 2.76392e-06 -3.22075e-08 -9.27235e-06 1 0.0406515
1 2.60495e-05 1.53147e-08 1.30105e-06 -2.60495e-05 1 -1.01774e-05 4.12714e-06 -1.55798e-08 1.01774e-05 1 0.0673481
1 2.4543e-05 1.45521e-08 1.22117e-06 -2.4543e-05 1 -1.01774e-05 4.47451e-06 -1.48019e-08 1.01774e-05 1 0.0914273
1 7.91094e-05 4.22666e-08 4.02879e-06 -7.91094e-05 1 -1.01774e-05 6.38525e-07 -4.30718e-08 1.01774e-05 1 0.121188
1 2.82422e-05 1.6364e-08 1.41523e-06 -2.82422e-05 1 -1.01774e-05 3.6547e-06 -1.66514e-08 1.01774e-05 1 0.148447
1 3.00164e-05 1.72603e-08 1.50694e-06 -3.00164e-05 1 -1.01774e-05 -5.92146e-06 -1.75658e-08 1.01774e-05 1 0.162808
1 2.8033e-05 1.62246e-08 1.40437e-06 -2.8033e-05 1 -1.01774e-05 3.37831e-06 -1.65099e-08 1.01774e-05 1 0.176933
1 2.5408e-05 1.49194e-08 1.27119e-06 -2.5408e-05 1 -1.01774e-05 2.66781e-06 -1.5178e-08 1.01774e-05 1 0.199094
1 2.80329e-05 1.62583e-08 1.40642e-06 -2.80329e-05 1 -1.01774e-05 2.84683e-06 -1.65436e-08 1.01774e-05 1 0.229153
1 2.80329e-05 1.62672e-08 1.40685e-06 -2.80329e-05 1 -1.01774e-05 2.56404e-06 -1.65525e-08 1.01774e-05 1 0.256938
1 3.14758e-05 1.798e-08 1.58184e-06 -3.14758e-05 1 -1.01774e-05 2.86119e-06 -1.83004e-08 1.01774e-05 1 0.29024
1 -2.30235e-05 -9.74259e-09 -1.22051e-06 2.30235e-05 1 -1.01774e-05 -7.51785e-06 9.97691e-09 1.01774e-05 1 0.320752
1 3.17059e-05 1.80939e-08 1.59297e-06 -3.17059e-05 1 -1.01774e-05 2.40778e-06 -1.84166e-08 1.01774e-05 1 0.338969
1 2.80329e-05 1.69374e-08 1.4058e-06 -2.80329e-05 1 -1.01774e-05 1.51434e-06 -1.72227e-08 1.01774e-05 1 0.360078
1 2.80329e-05 1.72308e-08 1.40188e-06 -2.80329e-05 1 -1.01775e-05 1.39172e-06 -1.75161e-08 1.01775e-05 1 0.372124
1 2.80329e-05 1.74423e-08 1.40395e-06 -2.80329e-05 1 -1.01774e-05 1.31951e-06 -1.77276e-08 1.01774e-05 1 0.379222
1 2.80329e-05 1.75338e-08 1.40262e-06 -2.80329e-05 1 -1.01774e-05 1.26061e-06 -1.78191e-08 1.01774e-05 1 0.38501
1 2.80329e-05 1.75181e-08 1.3982e-06 -2.80329e-05 1 -1.01775e-05 1.22173e-06 -1.78034e-08 1.01775e-05 1 0.388827
1 2.80329e-05 1.75465e-08 1.39659e-06 -2.80329e-05 1 -1.01775e-05 1.19005e-06 -1.78318e-08 1.01775e-05 1 0.391939
1 2.80329e-05 1.75626e-08 1.39489e-06 -2.80329e-05 1 -1.01775e-05 1.1672e-06 -1.78479e-08 1.01775e-05 1 0.394185
1 2.80329e-05 1.75724e-08 1.39312e-06 -2.80329e-05 1 -1.01775e-05 1.15071e-06 -1.78577e-08 1.01775e-05 1 0.395805
1 2.80329e-05 1.76392e-08 1.39456e-06 -2.80329e-05 1 -1.01774e-05 1.13987e-06 -1.79245e-08 1.01774e-05 1 0.396873
1 2.80329e-05 1.7644e-08 1.39271e-06 -2.80329e-05 1 -1.01774e-05 1.131e-06 -1.79293e-08 1.01774e-05 1 0.397744
1 2.80329e-05 1.75874e-08 1.38758e-06 -2.80329e-05 1 -1.01775e-05 1.12405e-06 -1.78727e-08 1.01775e-05 1 0.398425
1 2.80329e-05 1.75901e-08 1.38607e-06 -2.80329e-05 1 -1.01775e-05 1.12036e-06 -1.78754e-08 1.01775e-05 1 0.398787
1 2.80329e-05 1.75939e-08 1.38378e-06 -2.80329e-05 1 -1.01775e-05 1.11636e-06 -1.78792e-08 1.01775e-05 1 0.399181
1 2.80329e-05 1.76581e-08 1.38475e-06 -2.80329e-05 1 -1.01774e-05 1.11387e-06 -1.79434e-08 1.01774e-05 1 0.399428
1 2.80329e-05 1.76611e-08 1.38283e-06 -2.80329e-05 1 -1.01774e-05 1.11225e-06 -1.79464e-08 1.01774e-05 1 0.399587
1 2.80329e-05 1.76033e-08 1.37763e-06 -2.80329e-05 1 -1.01775e-05 1.11095e-06 -1.78886e-08 1.01775e-05 1 0.399712
1 2.80329e-05 1.76056e-08 1.37609e-06 -2.80329e-05 1 -1.01775e-05 1.11027e-06 -1.78909e-08 1.01775e-05 1 0.399778
1 2.80329e-05 1.76692e-08 1.37743e-06 -2.80329e-05 1 -1.01774e-05 1.10973e-06 -1.79545e-08 1.01774e-05 1 0.399835
1 2.80329e-05 1.76721e-08 1.37549e-06 -2.80329e-05 1 -1.01774e-05 1.10926e-06 -1.79574e-08 1.01774e-05 1 0.399881
1 2.80329e-05 1.76142e-08 1.37028e-06 -2.80329e-05 1 -1.01775e-05 1.10886e-06 -1.78995e-08 1.01775e-05 1 0.399917
1 2.80329e-05 1.76784e-08 1.37123e-06 -2.80329e-05 1 -1.01774e-05 1.10864e-06 -1.79637e-08 1.01774e-05 1 0.399942
1 2.80329e-05 1.76199e-08 1.3664e-06 -2.80329e-05 1 -1.01775e-05 1.10845e-06 -1.79052e-08 1.01775e-05 1 0.399957
1 2.80329e-05 1.76222e-08 1.36485e-06 -2.80329e-05 1 -1.01775e-05 1.10835e-06 -1.79075e-08 1.01775e-05 1 0.399967
1 2.80329e-05 1.76251e-08 1.3629e-06 -2.80329e-05 1 -1.01775e-05 1.10826e-06 -1.79104e-08 1.01775e-05 1 0.399976
1 2.80329e-05 1.76899e-08 1.36346e-06 -2.80329e-05 1 -1.01774e-05 1.1082e-06 -1.79752e-08 1.01774e-05 1 0.399985
1 2.80329e-05 1.76313e-08 1.35862e-06 -2.80329e-05 1 -1.01775e-05 1.10813e-06 -1.79167e-08 1.01775e-05 1 0.399989
1 2.80329e-05 1.76956e-08 1.35957e-06 -2.80329e-05 1 -1.01774e-05 1.10813e-06 -1.79809e-08 1.01774e-05 1 0.399992
1 2.80329e-05 1.76985e-08 1.35762e-06 -2.80329e-05 1 -1.01774e-05 1.1081e-06 -1.79838e-08 1.01774e-05 1 0.399995
1 2.80329e-05 1.76399e-08 1.35278e-06 -2.80329e-05 1 -1.01775e-05 1.10806e-06 -1.79252e-08 1.01775e-05 1 0.399996
1 2.80329e-05 1.76427e-08 1.35083e-06 -2.80329e-05 1 -1.01775e-05 1.10805e-06 -1.7928e-08 1.01775e-05 1 0.399997
1 2.80329e-05 1.76456e-08 1.34888e-06 -2.80329e-05 1 -1.01775e-05 1.10804e-06 -1.79309e-08 1.01775e-05 1 0.399998
1 2.80329e-05 1.76484e-08 1.34693e-06 -2.80329e-05 1 -1.01775e-05 1.10803e-06 -1.79337e-08 1.01775e-05 1 0.399999
1 2.80329e-05 1.77128e-08 1.34788e-06 -2.80329e-05 1 -1.01774e-05 1.10806e-06 -1.79981e-08 1.01774e-05 1 0.399999
1 2.80329e-05 1.7715e-08 1.34632e-06 -2.80329e-05 1 -1.01774e-05 1.10805e-06 -1.80003e-08 1.01774e-05 1 0.4
1 2.80329e-05 1.76564e-08 1.34147e-06 -2.80329e-05 1 -1.01775e-05 1.10802e-06 -1.79417e-08 1.01775e-05 1 0.4
1 2.80329e-05 1.76592e-08 1.33952e-06 -2.80329e-05 1 -1.01775e-05 1.10802e-06 -1.79445e-08 1.01775e-05 1 0.4
1 2.80329e-05 1.77242e-08 1.34007e-06 -2.80329e-05 1 -1.01774e-05 1.10805e-06 -1.80095e-08 1.01774e-05 1 0.4
1 2.80329e-05 1.7727e-08 1.33811e-06 -2.80329e-05 1 -1.01774e-05 1.10805e-06 -1.80123e-08 1.01774e-05 1 0.4
1 2.80329e-05 1.77293e-08 1.33655e-06 -2.80329e-05 1 -1.01774e-05 1.10805e-06 -1.80146e-08 1.01774e-05 1 0.4
1 2.80329e-05 1.77327e-08 1.33421e-06 -2.80329e-05 1 -1.01774e-05 1.10805e-06 -1.8018e-08 1.01774e-05 1 0.4
1 2.80329e-05 1.7674e-08 1.32935e-06 -2.80329e-05 1 -1.01775e-05 1.10801e-06 -1.79593e-08 1.01775e-05 1 0.4
1 2.80329e-05 1.76768e-08 1.32739e-06 -2.80329e-05 1 -1.01775e-05 1.10801e-06 -1.79621e-08 1.01775e-05 1 0.4
1 2.80329e-05 1.77412e-08 1.32833e-06 -2.80329e-05 1 -1.01774e-05 1.10804e-06 -1.80265e-08 1.01774e-05 1 0.4
1 2.80329e-05 1.76836e-08 1.3227e-06 -2.80329e-05 1 -1.01775e-05 1.10278e-06 -1.79689e-08 1.01775e-05 1 0.400515
1 2.80329e-05 1.76853e-08 1.3216e-06 -2.80329e-05 1 -1.01775e-05 1.06063e-06 -1.79706e-08 1.01775e-05 1 0.404656
1 2.80329e-05 1.77508e-08 1.32219e-06 -2.80329e-05 1 -1.01774e-05 8.11662e-07 -1.80361e-08 1.01774e-05 1 0.429122
1 2.80329e-05 1.7752e-08 1.32157e-06 -2.80329e-05 1 -1.01774e-05 7.18891e-07 -1.80373e-08 1.01774e-05 1 0.438238
1 2.80329e-05 1.77548e-08 1.32007e-06 -2.80329e-05 1 -1.01774e-05 4.51694e-07 -1.80401e-08 1.01774e-05 1 0.464492
1 2.80329e-05 1.77576e-08 1.31864e-06 -2.80329e-05 1 -1.01774e-05 1.45527e-07 -1.80429e-08 1.01774e-05 1 0.494575
1 2.80329e-05 1.7761e-08 1.31689e-06 -2.80329e-05 1 -1.01774e-05 -2.00164e-07 -1.80463e-08 1.01774e-05 1 0.528541
1 2.80329e-05 1.77633e-08 1.31561e-06 -2.80329e-05 1 -1.01774e-05 -3.67345e-07 -1.80486e-08 1.01774e-05 1 0.544968
1 2.80329e-05 1.77044e-08 1.31103e-06 -2.80329e-05 1 -1.01775e-05 -5.33514e-07 -1.79897e-08 1.01775e-05 1 0.561293
1 2.80329e-05 1.77084e-08 1.30889e-06 -2.80329e-05 1 -1.01775e-05 -8.82391e-07 -1.79937e-08 1.01775e-05 1 0.595572
1 2.80329e-05 1.77723e-08 1.31069e-06 -2.80329e-05 1 -1.01774e-05 -1.15162e-06 -1.80576e-08 1.01774e-05 1 0.622029
1 2.80329e-05 1.77128e-08 1.30661e-06 -2.80329e-05 1 -1.01775e-05 -1.37852e-06 -1.79982e-08 1.01775e-05 1 0.644321
1 2.80329e-05 1.77162e-08 1.30489e-06 -2.80329e-05 1 -1.01775e-05 -1.74632e-06 -1.80015e-08 1.01775e-05 1 0.680459
1 2.80329e-05 1.7719e-08 1.3033e-06 -2.80329e-05 1 -1.01775e-05 -1.96388e-06 -1.80043e-08 1.01775e-05 1 0.701836
1 2.80329e-05 1.77836e-08 1.30464e-06 -2.80329e-05 1 -1.01774e-05 -2.19195e-06 -1.80689e-08 1.01774e-05 1 0.724249
1 2.80329e-05 1.77859e-08 1.30342e-06 -2.80329e-05 1 -1.01774e-05 -2.40028e-06 -1.80712e-08 1.01774e-05 1 0.744719
1 2.80329e-05 1.77274e-08 1.29873e-06 -2.80329e-05 1 -1.01775e-05 -2.72949e-06 -1.80127e-08 1.01775e-05 1 0.777064
1 2.80329e-05 1.77915e-08 1.30057e-06 -2.80329e-05 1 -1.01774e-05 -3.02596e-06 -1.80768e-08 1.01774e-05 1 0.806196
1 2.80329e-05 1.77943e-08 1.29915e-06 -2.80329e-05 1 -1.01774e-05 -3.33839e-06 -1.80796e-08 1.01774e-05 1 0.836895
1 2.80329e-05 1.77971e-08 1.29758e-06 -2.80329e-05 1 -1.01774e-05 -3.56605e-06 -1.80824e-08 1.01774e-05 1 0.859265
1 2.80329e-05 1.77999e-08 1.29589e-06 -2.80329e-05 1 -1.01774e-05 -3.7303e-06 -1.80852e-08 1.01774e-05 1 0.875403
1 2.80329e-05 1.78033e-08 1.29386e-06 -2.80329e-05 1 -1.01774e-05 -3.92629e-06 -1.80886e-08 1.01774e-05 1 0.89466
1 2.80329e-05 1.77442e-08 1.28934e-06 -2.80329e-05 1 -1.01775e-05 -4.13575e-06 -1.80295e-08 1.01775e-05 1 0.915238
1 2.80329e-05 1.78089e-08 1.29082e-06 -2.80329e-05 1 -1.01774e-05 -4.44488e-06 -1.80942e-08 1.01774e-05 1 0.945616
1 2.80329e-05 1.77492e-08 1.28671e-06 -2.80329e-05 1 -1.01775e-05 -4.66432e-06 -1.80345e-08 1.01775e-05 1 0.967175
1 2.80329e-05 1.77515e-08 1.2856e-06 -2.80329e-05 1 -1.01775e-05 -4.93131e-06 -1.80368e-08 1.01775e-05 1 0.993409
1 2.80329e-05 1.77554e-08 1.28362e-06 -2.80329e-05 1 -1.01775e-05 -5.38174e-06 -1.80407e-08 1.01775e-05 1 1.03767
1 2.80329e-05 1.77581e-08 1.28212e-06 -2.80329e-05 1 -1.01775e-05 -5.6546e-06 -1.80435e-08 1.01775e-05 1 1.06448
1 2.80329e-05 1.77609e-08 1.28068e-06 -2.80329e-05 1 -1.01775e-05 -5.96421e-06 -1.80462e-08 1.01775e-05 1 1.0949
1 2.80329e-05 1.77637e-08 1.27929e-06 -2.80329e-05 1 -1.01775e-05 -6.30098e-06 -1.8049e-08 1.01775e-05 1 1.12799
1 2.80329e-05 1.77665e-08 1.27793e-06 -2.80329e-05 1 -1.01775e-05 -6.65733e-06 -1.80518e-08 1.01775e-05 1 1.163
1 2.80329e-05 1.77693e-08 1.27651e-06 -2.80329e-05 1 -1.01775e-05 -6.98044e-06 -1.80546e-08 1.01775e-05 1 1.19475
1 2.80329e-05 1.7772e-08 1.27494e-06 -2.80329e-05 1 -1.01775e-05 -7.21419e-06 -1.80573e-08 1.01775e-05 1 1.21772
1 2.80329e-05 1.77748e-08 1.27334e-06 -2.80329e-05 1 -1.01775e-05 -7.4302e-06 -1.80601e-08 1.01775e-05 1 1.23894
1 2.80329e-05 1.77776e-08 1.27182e-06 -2.80329e-05 1 -1.01775e-05 -7.6988e-06 -1.80629e-08 1.01775e-05 1 1.26533
1 2.80329e-05 1.77804e-08 1.27038e-06 -2.80329e-05 1 -1.01775e-05 -8.00598e-06 -1.80657e-08 1.01775e-05 1 1.29552
1 2.80329e-05 1.78446e-08 1.27223e-06 -2.80329e-05 1 -1.01774e-05 -8.30645e-06 -1.81299e-08 1.01774e-05 1 1.32504
1 2.80329e-05 1.77859e-08 1.26753e-06 -2.80329e-05 1 -1.01775e-05 -8.64871e-06 -1.80712e-08 1.01775e-05 1 1.35867
1 2.80329e-05 1.78502e-08 1.26922e-06 -2.80329e-05 1 -1.01774e-05 -8.85218e-06 -1.81355e-08 1.01774e-05 1 1.37866
1 2.80329e-05 1.78529e-08 1.26759e-06 -2.80329e-05 1 -1.01774e-05 -9.05579e-06 -1.81382e-08 1.01774e-05 1 1.39867
1 2.80329e-05 1.77936e-08 1.26309e-06 -2.80329e-05 1 -1.01775e-05 -9.28595e-06 -1.8079e-08 1.01775e-05 1 1.42128
1 2.80329e-05 1.78585e-08 1.26459e-06 -2.80329e-05 1 -1.01774e-05 -9.61337e-06 -1.81438e-08 1.01774e-05 1 1.45346
1 2.80329e-05 1.78003e-08 1.25965e-06 -2.80329e-05 1 -1.01775e-05 -1.00458e-05 -1.80856e-08 1.01775e-05 1 1.49595
1 2.80329e-05 1.78646e-08 1.26144e-06 -2.80329e-05 1 -1.01774e-05 -1.03082e-05 -1.81499e-08 1.01774e-05 1 1.52173
1 2.80329e-05 1.78673e-08 1.25982e-06 -2.80329e-05 1 -1.01774e-05 -1.05221e-05 -1.81526e-08 1.01774e-05 1 1.54275
1 2.80329e-05 1.78701e-08 1.25821e-06 -2.80329e-05 1 -1.01774e-05 -1.07346e-05 -1.81554e-08 1.01774e-05 1 1.56363
1 2.80329e-05 1.78108e-08 1.25371e-06 -2.80329e-05 1 -1.01775e-05 -1.09726e-05 -1.80961e-08 1.01775e-05 1 1.58701
1 2.80329e-05 1.78756e-08 1.25523e-06 -2.80329e-05 1 -1.01774e-05 -1.1307e-05 -1.81609e-08 1.01774e-05 1 1.61987
1 2.80329e-05 1.78779e-08 1.2541e-06 -2.80329e-05 1 -1.01774e-05 -1.15724e-05 -1.81632e-08 1.01774e-05 1 1.64595
1 2.80329e-05 1.78806e-08 1.25266e-06 -2.80329e-05 1 -1.01774e-05 -1.18855e-05 -1.81659e-08 1.01774e-05 1 1.67671
1 2.80329e-05 1.78218e-08 1.24778e-06 -2.80329e-05 1 -1.01775e-05 -1.21327e-05 -1.81071e-08 1.01775e-05 1 1.701
1 2.80329e-05 1.7824e-08 1.24641e-06 -2.80329e-05 1 -1.01775e-05 -1.22642e-05 -1.81093e-08 1.01775e-05 1 1.71392
1 2.80329e-05 1.78273e-08 1.24435e-06 -2.80329e-05 1 -1.01775e-05 -1.24544e-05 -1.81126e-08 1.01775e-05 1 1.7326
1 2.80329e-05 1.78305e-08 1.24245e-06 -2.80329e-05 1 -1.01775e-05 -1.27367e-05 -1.81159e-08 1.01775e-05 1 1.76034
1 2.80329e-05 1.78322e-08 1.24155e-06 -2.80329e-05 1 -1.01775e-05 -1.29044e-05 -1.81175e-08 1.01775e-05 1 1.77682
1 2.80329e-05 1.78977e-08 1.24279e-06 -2.80329e-05 1 -1.01774e-05 -1.33113e-05 -1.8183e-08 1.01774e-05 1 1.81681
1 2.80329e-05 1.78377e-08 1.23864e-06 -2.80329e-05 1 -1.01775e-05 -1.35201e-05 -1.8123e-08 1.01775e-05 1 1.83732
1 2.80329e-05 1.7841e-08 1.2367e-06 -2.80329e-05 1 -1.01775e-05 -1.37836e-05 -1.81263e-08 1.01775e-05 1 1.86322
1 2.80329e-05 1.78437e-08 1.23506e-06 -2.80329e-05 1 -1.01775e-05 -1.39841e-05 -1.8129e-08 1.01775e-05 1 1.88291
1 2.80329e-05 1.7847e-08 1.23321e-06 -2.80329e-05 1 -1.01775e-05 -1.42983e-05 -1.81323e-08 1.01775e-05 1 1.91379
1 2.80329e-05 1.79109e-08 1.23531e-06 -2.80329e-05 1 -1.01774e-05 -1.45091e-05 -1.81962e-08 1.01774e-05 1 1.93449
1 2.80329e-05 1.79142e-08 1.2336e-06 -2.80329e-05 1 -1.01774e-05 -1.49039e-05 -1.81995e-08 1.01774e-05 1 1.97329
1 2.80329e-05 1.78541e-08 1.2295e-06 -2.80329e-05 1 -1.01775e-05 -1.51489e-05 -1.81394e-08 1.01775e-05 1 1.99736
1 2.80329e-05 1.78568e-08 1.22809e-06 -2.80329e-05 1 -1.01775e-05 -1.54837e-05 -1.81421e-08 1.01775e-05 1 2.03026
1 2.80329e-05 1.78606e-08 1.22598e-06 -2.80329e-05 1 -1.01775e-05 -1.58781e-05 -1.81459e-08 1.01775e-05 1 2.06901
1 2.80329e-05 1.79246e-08 1.22809e-06 -2.80329e-05 1 -1.01774e-05 -1.60988e-05 -1.82099e-08 1.01774e-05 1 2.0907
1 2.80329e-05 1.79268e-08 1.22696e-06 -2.80329e-05 1 -1.01774e-05 -1.63669e-05 -1.82121e-08 1.01774e-05 1 2.11704
1 2.80329e-05 1.78682e-08 1.22204e-06 -2.80329e-05 1 -1.01775e-05 -1.68294e-05 -1.81536e-08 1.01775e-05 1 2.16249
1 2.80329e-05 1.78715e-08 1.22042e-06 -2.80329e-05 1 -1.01775e-05 -1.72771e-05 -1.81568e-08 1.01775e-05 1 2.20647
1 2.80329e-05 1.78737e-08 1.21935e-06 -2.80329e-05 1 -1.01775e-05 -1.75831e-05 -1.8159e-08 1.01775e-05 1 2.23654
1 2.80329e-05 1.78764e-08 1.21803e-06 -2.80329e-05 1 -1.01775e-05 -1.79719e-05 -1.81617e-08 1.01775e-05 1 2.27475
1 2.80329e-05 1.7941e-08 1.21998e-06 -2.80329e-05 1 -1.01774e-05 -1.83262e-05 -1.82263e-08 1.01774e-05 1 2.30956
1 2.80329e-05 1.79437e-08 1.21867e-06 -2.80329e-05 1 -1.01774e-05 -1.87235e-05 -1.8229e-08 1.01774e-05 1 2.34859
1 2.80329e-05 1.78846e-08 1.2141e-06 -2.80329e-05 1 -1.01775e-05 -1.91636e-05 -1.81699e-08 1.01775e-05 1 2.39184
1 2.80329e-05 1.78878e-08 1.21242e-06 -2.80329e-05 1 -1.01775e-05 -1.95766e-05 -1.81731e-08 1.01775e-05 1 2.43242
1 2.80329e-05 1.79524e-08 1.21414e-06 -2.80329e-05 1 -1.01774e-05 -1.97963e-05 -1.82377e-08 1.01774e-05 1 2.454
1 2.80329e-05 1.79551e-08 1.21254e-06 -2.80329e-05 1 -1.01774e-05 -2.00336e-05 -1.82404e-08 1.01774e-05 1 2.47732
1 2.80329e-05 1.79578e-08 1.21103e-06 -2.80329e-05 1 -1.01774e-05 -2.03181e-05 -1.82431e-08 1.01774e-05 1 2.50528
1 2.80329e-05 1.796e-08 1.20987e-06 -2.80329e-05 1 -1.01774e-05 -2.05708e-05 -1.82453e-08 1.01774e-05 1 2.53011
1 2.80329e-05 1.79633e-08 1.20818e-06 -2.80329e-05 1 -1.01774e-05 -2.09801e-05 -1.82486e-08 1.01774e-05 1 2.57032
1 2.80329e-05 1.7904e-08 1.20352e-06 -2.80329e-05 1 -1.01775e-05 -2.13776e-05 -1.81893e-08 1.01775e-05 1 2.60938
1 2.80329e-05 1.79062e-08 1.20236e-06 -2.80329e-05 1 -1.01775e-05 -2.16299e-05 -1.81915e-08 1.01775e-05 1 2.63416
1 2.80329e-05 1.79089e-08 1.20076e-06 -2.80329e-05 1 -1.01775e-05 -2.18653e-05 -1.81942e-08 1.01775e-05 1 2.65729
1 2.80329e-05 1.79736e-08 1.20243e-06 -2.80329e-05 1 -1.01774e-05 -2.20582e-05 -1.82589e-08 1.01774e-05 1 2.67625
1 2.80329e-05 1.79763e-08 1.20088e-06 -2.80329e-05 1 -1.01774e-05 -2.23231e-05 -1.82616e-08 1.01774e-05 1 2.70228
1 2.80329e-05 1.7917e-08 1.19611e-06 -2.80329e-05 1 -1.01775e-05 -2.26598e-05 -1.82023e-08 1.01775e-05 1 2.73536
1 2.80329e-05 1.79817e-08 1.19797e-06 -2.80329e-05 1 -1.01774e-05 -2.29606e-05 -1.8267e-08 1.01774e-05 1 2.76492
1 2.80329e-05 1.79844e-08 1.19658e-06 -2.80329e-05 1 -1.01774e-05 -2.33143e-05 -1.82697e-08 1.01774e-05 1 2.79968
1 2.80329e-05 1.79876e-08 1.19484e-06 -2.80329e-05 1 -1.01774e-05 -2.36999e-05 -1.82729e-08 1.01774e-05 1 2.83757
1 2.80329e-05 1.79903e-08 1.19322e-06 -2.80329e-05 1 -1.01774e-05 -2.39257e-05 -1.82756e-08 1.01774e-05 1 2.85975
1 2.80329e-05 1.79304e-08 1.1886e-06 -2.80329e-05 1 -1.01775e-05 -2.4119e-05 -1.82157e-08 1.01775e-05 1 2.87874
1 2.80329e-05 1.79326e-08 1.18735e-06 -2.80329e-05 1 -1.01775e-05 -2.4328e-05 -1.82179e-08 1.01775e-05 1 2.89928
1 2.80329e-05 1.79984e-08 1.18857e-06 -2.80329e-05 1 -1.01774e-05 -2.47221e-05 -1.82837e-08 1.01774e-05 1 2.938
1 2.80329e-05 1.7938e-08 1.18442e-06 -2.80329e-05 1 -1.01775e-05 -2.49549e-05 -1.82233e-08 1.01775e-05 1 2.96087
1 2.80329e-05 1.80033e-08 1.18603e-06 -2.80329e-05 1 -1.01774e-05 -2.53413e-05 -1.82886e-08 1.01774e-05 1 2.99884
1 2.8033e-05 -5.11986e-07 2.06214e-06 -2.8033e-05 1 -1.01773e-05 -2.56712e-05 5.117e-07 1.01773e-05 1 3.03125
1 2.93895e-05 -1.5626e-06 3.96748e-06 -2.93895e-05 1 -3.2729e-05 -3.58091e-05 1.56164e-06 3.2729e-05 1 3.05486
1 2.78386e-05 -2.14528e-06 5.06788e-06 -2.78386e-05 1 1.00878e-05 -2.60581e-05 2.14556e-06 -1.00878e-05 1 3.07042
1 2.81372e-05 -2.53503e-06 6.17664e-06 -2.81373e-05 1 -3.04412e-05 -3.60247e-05 2.53417e-06 3.04412e-05 1 3.08417
1 2.79184e-05 -2.72305e-06 6.94289e-06 -2.79184e-05 1 1.00851e-05 -2.63034e-05 2.72333e-06 -1.0085e-05 1 3.09377
1 2.81584e-05 -2.81598e-06 7.50423e-06 -2.81585e-05 1 -3.04386e-05 -3.61896e-05 2.81513e-06 3.04387e-05 1 3.10048
1 2.8168e-05 -2.85781e-06 7.86165e-06 -2.8168e-05 1 -3.04374e-05 -3.62331e-05 2.85695e-06 3.04375e-05 1 3.1048
0.999881 2.80356e-05 -0.0154314 -0.00239231 -2.81893e-05 1 -9.74365e-06 -2.63772e-05 0.0154314 1.01775e-05 0.999881 3.10723
0.999194 6.67755e-06 -0.0401374 -0.00618601 -7.77461e-06 1 -2.71767e-05 -3.4747e-05 0.0401374 2.74668e-05 0.999194 3.10744
0.996842 2.80378e-05 -0.0794063 -0.0121022 -2.87575e-05 1 -7.9193e-06 -2.60963e-05 0.0794063 1.01778e-05 0.996842 3.10639
0.992327 2.80322e-05 -0.12364 -0.0186158 -2.90745e-05 1 -6.6256e-06 -2.58912e-05 0.12364 1.01695e-05 0.992327 3.10425
0.987162 -4.71743e-06 -0.159722 -0.0237763 3.86986e-06 1 -5.61759e-06 -3.1861e-05 0.159722 4.92738e-06 0.987162 3.10217
0.983709 1.39099e-05 -0.179769 -0.026508 -1.52248e-05 1 -5.93436e-06 -2.82592e-05 0.179769 8.57463e-06 0.983709 3.10112
0.982266 2.80325e-05 -0.187492 -0.0275036 -2.94438e-05 1 -4.74208e-06 -2.56082e-05 0.187492 1.01785e-05 0.982266 3.10081
0.981301 2.80327e-05 -0.192478 -0.0281073 -2.94676e-05 1 -4.59221e-06 -2.559e-05 0.192478 1.01782e-05 0.981301 3.10069
0.980671 2.80329e-05 -0.195662 -0.0291738 -2.94825e-05 1 -4.49631e-06 -2.55969e-05 0.195662 1.0178e-05 0.980671 3.10432
0.980325 -2.30399e-06 -0.197389 -0.0330848 8.23848e-07 1 -7.58072e-06 -3.44678e-05 0.197389 7.26895e-06 0.980325 3.12323
0.98021 -1.17473e-05 -0.197961 -0.0370903 1.10905e-05 1 -4.4266e-06 -3.32674e-05 0.197961 2.14352e-06 0.98021 3.1431
0.980136 2.8033e-05 -0.198326 -0.0430109 -2.94946e-05 1 -4.41553e-06 -2.59038e-05 0.198326 1.01774e-05 0.980136 3.17258
0.980107 1.74993e-05 -0.198467 -0.0469488 -1.87477e-05 1 -4.41134e-06 -2.79786e-05 0.198467 8.0444e-06 0.980107 3.1922
0.977912 3.76546e-05 -0.209017 -0.0521189 -3.79621e-05 1 2.54046e-06 -2.458e-05 0.209017 5.45039e-06 0.977912 3.20955
0.966669 2.76192e-05 -0.256029 -0.0623962 -2.97075e-05 1 -4.2887e-06 -2.58762e-05 0.256029 1.17517e-05 0.966669 3.22335
0.957552 5.9866e-05 -0.288261 -0.0681409 -6.49682e-05 1 -8.13282e-06 -2.99701e-05 0.288261 2.65154e-05 0.957552 3.2267
0.942316 1.83624e-05 -0.334725 -0.0756839 -2.98781e-05 1 -2.92547e-05 -3.42661e-05 0.334725 3.75681e-05 0.942316 3.22833
0.934867 2.80332e-05 -0.354997 -0.0789223 -2.98187e-05 1 4.41239e-07 -2.54725e-05 0.354997 1.0173e-05 0.934867 3.22917
0.928388 1.49856e-05 -0.371612 -0.081654 -1.57577e-05 1 9.58971e-07 -3.43133e-05 0.371612 4.96545e-06 0.928388 3.23068
0.92106 2.803e-05 -0.38942 -0.0843192 -2.97802e-05 1 1.54253e-06 -2.53385e-05 0.38942 1.01762e-05 0.92106 3.2308
0.913257 -8.40011e-06 -0.407384 -0.0868104 1.30951e-05 1 8.73648e-06 -3.31735e-05 0.407384 -1.33134e-05 0.913257 3.22972
0.877967 2.80317e-05 -0.478721 -0.0960295 -2.94801e-05 1 4.48945e-06 -2.4926e-05 0.478721 1.01711e-05 0.877967 3.22259
0.866594 1.79209e-05 -0.499013 -0.0985116 -1.8557e-05 1 3.68629e-06 -2.72739e-05 0.499013 6.06569e-06 0.866594 3.22008
0.841736 2.80394e-05 -0.539889 -0.103341 -2.90908e-05 1 6.58028e-06 -2.46378e-05 0.539889 1.0167e-05 0.841736 3.21454
0.822104 -5.83235e-06 -0.569338 -0.106662 2.58262e-06 1 -6.51488e-06 -3.65032e-05 0.569338 3.88553e-06 0.822104 3.21027
0.80979 5.57277e-05 -0.586719 -0.110647 -6.61538e-05 1 3.67633e-06 -2.81847e-05 0.586719 3.58367e-05 0.80979 3.21082
0.801981 2.80324e-05 -0.597349 -0.122947 -2.85608e-05 1 8.5832e-06 -2.41963e-05 0.597349 1.01772e-05 0.801981 3.22498
0.79982 2.80322e-05 -0.60024 -0.132264 -2.85296e-05 1 8.68605e-06 -2.40576e-05 0.60024 1.01773e-05 0.79982 3.23702
0.797681 2.80333e-05 -0.603079 -0.153243 -2.84992e-05 1 8.78828e-06 -2.37521e-05 0.603079 1.0177e-05 0.797681 3.26481
0.797162 2.61164e-05 -0.603765 -0.162509 -2.60879e-05 1 8.81156e-06 -2.40625e-05 0.603765 8.72674e-06 0.797162 3.27717
0.790076 2.81733e-05 -0.613008 -0.177291 -2.83863e-05 1 9.3733e-06 -2.33773e-05 0.613008 9.99542e-06 0.790076 3.29422
0.769114 1.44572e-05 -0.639112 -0.188743 -2.80765e-05 1 -1.11668e-05 -3.29365e-05 0.639112 2.65326e-05 0.769114 3.30117
0.745663 1.01923e-05 -0.666324 -0.196633 -1.0828e-05 1 3.17906e-06 -2.6038e-05 0.666324 4.84447e-06 0.745663 3.30285
0.715233 2.80289e-05 -0.698887 -0.203956 -2.71579e-05 1 1.2312e-05 -2.27083e-05 0.698887 1.01743e-05 0.715233 3.30188
0.689248 2.80356e-05 -0.724526 -0.209277 -2.66984e-05 1 1.32967e-05 -2.25441e-05 0.724526 1.01789e-05 0.689248 3.30047
0.672593 7.13476e-06 -0.740012 -0.213384 4.68e-06 1 1.3895e-05 -2.81736e-05 0.740012 -1.2809e-05 0.672593 3.3009
0.669088 6.12035e-05 -0.743183 -0.216322 -7.5892e-05 1 1.40276e-05 -2.5582e-05 0.743183 4.7016e-05 0.669088 3.30303
0.664141 1.17936e-05 -0.747607 -0.230079 -2.62307e-05 1 -7.52707e-06 -3.19176e-05 0.747607 2.46093e-05 0.664141 3.31487
0.662284 2.80326e-05 -0.749253 -0.245172 -2.61911e-05 1 1.42631e-05 -2.18216e-05 0.749253 1.01775e-05 0.662284 3.32831
0.656235 1.93155e-05 -0.754556 -0.263645 -4.20217e-05 1 -1.09477e-05 -2.61362e-05 0.754556 3.8892e-05 0.656235 3.34343
0.629874 2.8029e-05 -0.776698 -0.293068 -2.55625e-05 1 1.53572e-05 -2.08284e-05 0.776698 1.01812e-05 0.629874 3.36259
0.598535 2.42779e-05 -0.801097 -0.316711 -4.60022e-05 1 -4.06438e-06 -3.14713e-05 0.801097 3.92849e-05 0.598535 3.37533
0.569749 1.11214e-05 -0.821819 -0.331156 -8.20151e-06 1 7.84674e-06 -2.29292e-05 0.821819 2.26948e-06 0.569749 3.38103
0.518391 2.80382e-05 -0.855144 -0.348208 -2.32405e-05 1 1.86993e-05 -1.95027e-05 0.855144 1.01804e-05 0.518391 3.38435
0.48755 2.80287e-05 -0.873095 -0.356977 -2.25526e-05 1 1.95089e-05 -1.92707e-05 0.873095 1.0179e-05 0.48755 3.38557
0.46305 2.35549e-05 -0.886332 -0.362705 9.58332e-06 1 3.15824e-05 -2.34364e-05 0.886332 -2.31182e-05 0.46305 3.38567
0.427471 2.80272e-05 -0.904029 -0.367492 -2.11796e-05 1 2.09878e-05 -1.89495e-05 0.904029 1.01754e-05 0.427471 3.38296
0.390919 2.80374e-05 -0.920425 -0.370575 -2.03317e-05 1 2.18262e-05 -1.88202e-05 0.920425 1.01816e-05 0.390919 3.3789
0.342695 3.82328e-05 -0.939447 -0.373016 -2.75313e-05 1 3.06542e-05 -1.68887e-05 0.939447 1.53591e-05 0.342695 3.37262
0.304377 2.80293e-05 -0.952551 -0.374381 -1.8227e-05 1 2.36012e-05 -1.86e-05 0.952551 1.01784e-05 0.304377 3.36762
0.286676 4.52317e-05 -0.958028 -0.375197 -9.40006e-06 1 4.44006e-05 -1.80138e-05 0.958028 -3.72305e-06 0.286676 3.36572
0.278844 4.79343e-05 -0.960336 -0.379241 -1.75854e-05 1 4.4808e-05 -1.84483e-05 0.960336 4.3934e-06 0.278844 3.36614
0.273372 3.72792e-05 -0.961908 -0.392764 -5.12702e-05 1 2.41846e-05 -2.02944e-05 0.961908 4.27059e-05 0.273372 3.36969
0.27015 2.80335e-05 -0.962818 -0.418003 -1.73721e-05 1 2.42418e-05 -1.74705e-05 0.962818 1.01773e-05 0.27015 3.37685
0.268949 1.62459e-05 -0.963154 -0.441535 2.64807e-05 1 2.42618e-05 -2.38521e-05 0.963154 -3.20302e-05 0.268949 3.38359
0.257931 7.58822e-06 -0.966163 -0.470803 -1.70786e-05 1 3.29459e-06 -2.24772e-05 0.966163 1.5651e-05 0.257931 3.39022
0.232405 3.62779e-05 -0.972619 -0.495412 1.40235e-05 1 4.06501e-05 -2.10888e-05 0.972619 -2.30868e-05 0.232405 3.39303
0.190312 2.80356e-05 -0.981724 -0.516571 -1.53243e-05 1 2.55869e-05 -1.48648e-05 0.981724 1.01748e-05 0.190312 3.39235
0.150933 7.41552e-06 -0.988544 -0.528378 -1.61214e-05 1 5.04e-06 -2.05186e-05 0.988544 1.5176e-05 0.150933 3.38964
0.112848 1.7854e-05 -0.993612 -0.537559 6.3936e-06 1 1.8695e-05 -2.51557e-05 0.993612 -8.46246e-06 0.112848 3.38661
0.0938924 1.29558e-05 -0.995582 -0.542373 -2.0691e-05 1 1.10619e-05 -1.73726e-05 0.995582 1.9561e-05 0.0938924 3.38527
0.0412799 4.76458e-05 -0.999148 -0.547828 8.44042e-06 1 4.80352e-05 -1.25716e-05 0.999148 -1.04161e-05 0.0412799 3.37939
0.00140724 4.27576e-05 -0.999999 -0.549104 -2.83987e-06 1 4.27537e-05 -2.05154e-05 0.999999 2.7797e-06 0.00140724 3.37431
-0.0550994 2.2364e-05 -0.998481 -0.548832 -2.26134e-07 1 2.24105e-05 -1.52514e-05 0.998481 1.46059e-06 -0.0550994 3.3668
-0.0880463 2.16548e-05 -0.996116 -0.54827 -4.54609e-05 1 2.57575e-05 -1.70395e-05 0.996116 4.75522e-05 -0.0880463 3.36253
-0.107709 2.80327e-05 -0.994182 -0.55288 -7.10056e-06 1 2.8966e-05 -1.35156e-05 0.994182 1.01792e-05 -0.107709 3.35977
-0.117901 2.80333e-05 -0.993025 -0.5675 -6.80097e-06 1 2.90377e-05 -1.30799e-05 0.993025 1.01771e-05 -0.117901 3.35723
-0.123187 2.64379e-05 -0.992383 -0.589269 -1.96028e-05 1 2.90742e-05 -1.32797e-05 0.992383 2.3035e-05 -0.123187 3.35441
-0.12573 2.80331e-05 -0.992065 -0.613248 -6.57238e-06 1 2.90903e-05 -1.17393e-05 0.992065 1.01777e-05 -0.12573 3.35151
-0.135744 2.80335e-05 -0.990744 -0.639047 -6.27453e-06 1 2.9155e-05 -1.09715e-05 0.990744 1.01741e-05 -0.135744 3.34711
-0.167793 2.31948e-05 -0.985822 -0.657391 1.21472e-05 1 2.14609e-05 -1.36179e-05 0.985822 -8.37403e-06 -0.167793 3.34012
-0.198545 3.51596e-06 -0.980092 -0.665849 -7.34572e-06 1 5.07546e-06 -2.00895e-05 0.980092 8.20719e-06 -0.198545 3.33449
-0.241386 2.80319e-05 -0.970429 -0.672229 -3.11477e-06 1 2.96608e-05 -9.83962e-06 0.970429 1.01824e-05 -0.241386 3.32734
-0.286563 5.73332e-05 -0.958061 -0.67515 -1.70999e-06 1 6.03544e-05 -9.68738e-06 0.958061 1.89336e-05 -0.286563 3.32036
-0.334163 3.49394e-06 -0.942515 -0.676678 9.96678e-06 1 1.7338e-07 -1.87219e-05 0.942515 -9.33591e-06 -0.334163 3.31337
-0.350299 1.21355e-05 -0.936638 -0.682465 -2.58936e-05 1 2.26406e-05 -1.32206e-05 0.936638 3.21839e-05 -0.350299 3.30944
-0.3599 2.80335e-05 -0.932991 -0.697553 5.92905e-07 1 2.98182e-05 -8.88227e-06 0.932991 1.01784e-05 -0.3599 3.30301
-0.36487 2.80337e-05 -0.931058 -0.719067 7.53051e-07 1 2.98144e-05 -8.19411e-06 0.931058 1.01772e-05 -0.36487 3.29465
-0.375214 2.80332e-05 -0.926938 -0.741346 1.08178e-06 1 2.98049e-05 -7.46795e-06 0.926938 1.01805e-05 -0.375214 3.28469
-0.405791 4.7213e-05 -0.913966 -0.765294 3.27965e-06 1 5.02011e-05 -6.57953e-06 0.913966 1.73737e-05 -0.405791 3.27033
-0.434453 4.6772e-05 -0.900694 -0.776464 3.69976e-06 1 5.01442e-05 -6.19983e-06 0.900694 1.84529e-05 -0.434453 3.26111
-0.477812 1.523e-05 -0.878462 -0.785549 -2.23841e-05 1 2.95123e-05 -7.60914e-06 0.878462 3.3765e-05 -0.477812 3.25014
-0.51582 4.73647e-05 -0.856697 -0.791287 4.32264e-05 1 2.92608e-05 -1.25542e-05 0.856697 -2.19386e-05 -0.51582 3.24145
-0.539007 2.80334e-05 -0.842301 -0.793736 6.54144e-06 1 2.90959e-05 -5.51056e-06 0.842301 1.0173e-05 -0.539007 3.23658
-0.575275 2.80357e-05 -0.81796 -0.793169 7.80672e-06 1 2.87847e-05 -5.46501e-06 0.81796 1.01735e-05 -0.575275 3.23057
-0.61504 4.36637e-06 -0.788496 -0.790009 9.13439e-06 1 -1.58738e-06 -1.5301e-05 0.788496 -8.17873e-06 -0.61504 3.22493
-0.644456 5.62939e-05 -0.764641 -0.786587 2.98829e-05 1 4.84353e-05 -4.2785e-06 0.764641 8.3648e-06 -0.644456 3.22118
-0.674851 5.59459e-05 -0.737954 -0.782744 4.89986e-05 1 3.10034e-05 -1.1963e-05 0.737954 -1.52361e-05 -0.674851 3.21751
-0.687409 2.80334e-05 -0.726271 -0.781466 1.18798e-05 1 2.7355e-05 -5.64439e-06 0.726271 1.01761e-05 -0.687409 3.21597
-0.702461 2.80364e-05 -0.711722 -0.77937 1.24488e-05 1 2.71055e-05 -5.68524e-06 0.711722 1.01805e-05 -0.702461 3.21429
-0.726796 2.80398e-05 -0.686854 -0.774833 1.33841e-05 1 2.66612e-05 -5.78696e-06 0.686854 1.01844e-05 -0.726796 3.21187
-0.752157 2.80291e-05 -0.658984 -0.76953 1.43732e-05 1 2.61284e-05 -5.91365e-06 0.658984 1.0181e-05 -0.752157 3.20954
-0.78143 2.43384e-05 -0.623993 -0.762828 3.51807e-06 1 3.45985e-05 -1.36603e-05 0.623993 2.48411e-05 -0.78143 3.20708
-0.818758 2.80309e-05 -0.574139 -0.753356 1.7105e-05 1 2.44297e-05 -6.31325e-06 0.574139 1.01814e-05 -0.818758 3.20433
-0.843275 2.80366e-05 -0.537483 -0.746493 1.81713e-05 1 2.36533e-05 -6.49005e-06 0.537483 1.01795e-05 -0.843275 3.20279
-0.866351 4.79125e-05 -0.499436 -0.739471 2.95849e-05 1 4.46135e-05 -6.00391e-06 0.499436 2.38752e-05 -0.866351 3.20158
-0.890094 2.804e-05 -0.455777 -0.731549 2.03212e-05 1 2.18356e-05 -6.88775e-06 0.455777 1.01738e-05 -0.890094 3.20061
-0.909637 2.80331e-05 -0.415405 -0.724347 2.12682e-05 1 2.09114e-05 -7.08245e-06 0.415405 1.01868e-05 -0.909637 3.2001
-0.92923 2.80311e-05 -0.369503 -0.716302 2.22872e-05 1 1.98135e-05 -7.30789e-06 0.369503 1.01761e-05 -0.92923 3.19993
-0.943722 4.46828e-05 -0.330739 -0.709673 3.35632e-05 1 3.93314e-05 -6.81625e-06 0.330739 2.60172e-05 -0.943722 3.20012
-0.951202 2.80319e-05 -0.308569 -0.70606 2.35234e-05 1 1.83313e-05 -7.59952e-06 0.308569 1.01782e-05 -0.951202 3.20041
-0.954433 -7.06672e-06 -0.298424 -0.704507 -1.65006e-05 1 2.90927e-05 -6.94692e-06 0.298424 3.26913e-05 -0.954433 3.2006
-0.95595 1.91608e-05 -0.293531 -0.703811 2.3807e-05 1 -1.22559e-05 -1.67297e-05 0.293531 -1.87041e-05 -0.95595 3.20072
-0.956779 2.80333e-05 -0.290815 -0.703463 2.38618e-05 1 1.78905e-05 -7.67642e-06 0.290815 1.01779e-05 -0.956779 3.2008
-0.957306 7.14642e-05 -0.289078 -0.703275 6.92627e-05 1 1.78454e-05 -1.4555e-05 0.289078 -2.93884e-06 -0.957306 3.20087
-0.959425 2.80359e-05 -0.281964 -0.702109 2.40289e-05 1 1.76687e-05 -7.71663e-06 0.281964 1.01765e-05 -0.959425 3.20099
-0.9667 3.32123e-05 -0.255911 -0.69768 2.45076e-05 1 3.72035e-05 -1.15987e-05 0.255911 2.96929e-05 -0.9667 3.20145
-0.974832 2.80367e-05 -0.222943 -0.692137 2.50626e-05 1 1.61693e-05 -8.00863e-06 0.222943 1.01748e-05 -0.974832 3.20219
-0.986732 4.20883e-05 -0.162359 -0.683256 3.66322e-05 1 3.65988e-05 -7.53187e-06 0.162359 3.01657e-05 -0.986732 3.19842
-0.99105 2.80337e-05 -0.133488 -0.680637 2.64237e-05 1 1.38325e-05 -8.18656e-06 0.133488 1.01815e-05 -0.99105 3.1881
-0.994 2.80315e-05 -0.109384 -0.681193 2.675e-05 1 1.31828e-05 -7.89694e-06 0.109384 1.01776e-05 -0.994 3.16113
-0.994848 2.80321e-05 -0.101381 -0.683306 2.68558e-05 1 1.29679e-05 -7.59327e-06 0.101381 1.01784e-05 -0.994848 3.13713
-0.995324 2.59542e-05 -0.0965917 -0.685838 2.69184e-05 1 -8.6787e-06 -1.37274e-05 0.0965917 -1.12382e-05 -0.995324 3.11257
-0.995562 2.8033e-05 -0.0941044 -0.687829 2.69508e-05 1 1.27706e-05 -7.03605e-06 0.0941044 1.01778e-05 -0.995562 3.09482
-0.995675 3.34301e-05 -0.0929074 -0.689217 3.23868e-05 1 1.27374e-05 -1.63368e-05 0.0929074 9.67335e-06 -0.995675 3.08309
-0.995741 2.8033e-05 -0.0921914 -0.690824 2.69754e-05 1 1.27184e-05 -6.68818e-06 0.0921914 1.01774e-05 -0.995741 3.06888
-0.995773 7.88247e-05 -0.0918469 -0.692785 7.79871e-05 1 1.27089e-05 -1.58643e-05 0.0918469 5.49236e-06 -0.995773 3.04998
-0.995792 2.80329e-05 -0.0916409 -0.695379 2.69823e-05 1 1.27035e-05 -6.10337e-06 0.0916409 1.01773e-05 -0.995792 3.02396
-0.995803 2.80329e-05 -0.0915266 -0.698579 2.69838e-05 1 1.27004e-05 -5.67758e-06 0.0915266 1.01774e-05 -0.995803 2.99094
-0.995809 3.15491e-05 -0.0914563 -0.703531 3.05156e-05 1 1.26985e-05 -4.77975e-06 0.0914563 9.85443e-06 -0.995809 2.93883
-0.995811 4.50823e-05 -0.0914317 -0.707596 4.41061e-05 1 1.26978e-05 -1.20289e-05 0.0914317 8.61195e-06 -0.995811 2.89566
-0.995812 4.74633e-05 -0.0914263 -0.709868 4.64971e-05 1 1.26977e-05 -7.74818e-06 0.0914263 8.39343e-06 -0.995812 2.87129
-0.995812 4.77737e-05 -0.0914227 -0.712602 4.68089e-05 1 1.26976e-05 -7.4294e-06 0.0914227 8.365e-06 -0.995812 2.84184
-0.995812 7.88649e-05 -0.0914205 -0.716131 7.80309e-05 1 1.26975e-05 -1.27103e-05 0.0914205 5.51072e-06 -0.995812 2.80368
-0.995812 2.49537e-05 -0.0914195 -0.719473 2.3893e-05 1 1.26975e-05 -2.24642e-06 0.0914195 1.046e-05 -0.995812 2.76749
-0.995813 6.23571e-05 -0.091419 -0.721947 6.14537e-05 1 1.26975e-05 -8.84296e-06 0.091419 7.02629e-06 -0.995813 2.74063
-0.995813 6.2573e-05 -0.0914187 -0.724459 6.16705e-05 1 1.26975e-05 -8.53538e-06 0.0914187 7.00648e-06 -0.995813 2.71339
-0.995813 -2.29358e-05 -0.0914186 -0.726203 -2.41979e-05 1 1.26975e-05 -5.20017e-06 0.0914186 1.48564e-05 -0.995813 2.6945
-0.995813 2.80329e-05 -0.0914185 -0.728828 2.69852e-05 1 1.26975e-05 -1.52198e-06 0.0914185 1.01774e-05 -0.995813 2.66594
-0.995813 4.74853e-05 -0.0914184 -0.732169 4.65193e-05 1 1.26975e-05 -4.66715e-06 0.0914184 8.39157e-06 -0.995813 2.62959
-0.995813 4.74853e-05 -0.0914184 -0.735218 4.65193e-05 1 1.26975e-05 -4.24393e-06 0.0914184 8.39157e-06 -0.995813 2.5964
-0.995813 1.56216e-05 -0.0914184 -0.737783 1.45217e-05 1 1.26975e-05 -6.02303e-06 0.0914184 1.13168e-05 -0.995813 2.56849
-0.995813 -6.15608e-06 -0.0914184 -0.741257 -7.34763e-06 1 1.26975e-05 -2.01985e-06 0.0914184 1.3316e-05 -0.995813 2.53067
-0.995813 2.42964e-05 -0.0914184 -0.743008 2.32329e-05 1 1.26974e-05 1.1436e-06 0.0914184 1.05203e-05 -0.995813 2.5116
-0.995813 3.13896e-05 -0.0914178 -0.746972 3.03559e-05 1 1.26974e-05 1.21518e-06 0.0914178 9.86912e-06 -0.995813 2.46842
-0.995813 1.56534e-05 -0.0914173 -0.749756 1.45535e-05 1 1.26974e-05 -4.36282e-06 0.0914173 1.13138e-05 -0.995813 2.43809
-0.995813 -1.56556e-05 -0.091417 -0.753328 -1.6887e-05 1 1.26974e-05 -9.61113e-07 0.091417 1.4188e-05 -0.995813 2.39921
-0.995813 -5.93283e-06 -0.0914168 -0.755836 -7.12342e-06 1 1.26974e-05 1.94954e-08 0.0914168 1.32955e-05 -0.995813 2.37188
-0.995813 3.15516e-05 -0.0914167 -0.758403 3.05186e-05 1 1.26974e-05 2.81341e-06 0.0914167 9.85434e-06 -0.995813 2.3439
-0.995813 -5.90662e-06 -0.0914167 -0.761576 -7.09709e-06 1 1.26974e-05 8.18411e-07 0.0914167 1.32931e-05 -0.995813 2.30935
-0.995813 -1.56594e-05 -0.0914166 -0.764049 -1.68908e-05 1 1.26974e-05 5.2784e-07 0.0914166 1.41883e-05 -0.995813 2.28242
-0.995813 2.80331e-05 -0.0914166 -0.767281 2.69853e-05 1 1.26974e-05 3.81784e-06 0.0914166 1.01774e-05 -0.995813 2.24719
-0.995813 1.0173e-05 -0.0914167 -0.770463 9.05012e-06 1 1.26974e-05 3.09836e-06 0.0914167 1.18169e-05 -0.995813 2.21254
-0.995813 5.02917e-05 -0.0914181 -0.772158 5.05218e-05 1 -2.03139e-07 -5.03453e-06 0.0914181 -4.8209e-06 -0.995813 2.19405
-0.995812 -1.74818e-06 -0.091421 -0.773876 -3.00433e-06 1 1.36027e-05 3.06334e-06 0.091421 1.38204e-05 -0.995812 2.17537
-0.995812 3.26739e-05 -0.0914241 -0.775405 3.16456e-05 1 1.26978e-05 5.29788e-06 0.0914241 9.75146e-06 -0.995812 2.15869
-0.995811 1.14076e-05 -0.0914381 -0.777528 1.02896e-05 1 1.2698e-05 4.15951e-06 0.0914381 1.17039e-05 -0.995811 2.13562
-0.99581 3.16525e-05 -0.0914469 -0.780076 3.06582e-05 1 1.22784e-05 5.83212e-06 0.0914469 9.42338e-06 -0.99581 2.10788
-0.995809 2.43755e-05 -0.0914529 -0.782935 2.33119e-05 1 1.26984e-05 6.66954e-06 0.0914529 1.05133e-05 -0.995809 2.07678
-0.995809 7.88264e-05 -0.0914561 -0.786013 7.79919e-05 1 1.26985e-05 -3.00486e-06 0.0914561 5.51243e-06 -0.995809 2.04324
-0.995809 3.15506e-05 -0.0914581 -0.789293 3.05171e-05 1 1.26985e-05 7.10246e-06 0.0914581 9.85428e-06 -0.995809 2.00755
-0.995809 2.47196e-05 -0.0914587 -0.790693 2.36574e-05 1 1.26986e-05 7.68279e-06 0.0914587 1.04817e-05 -0.995809 1.99231
-0.995809 3.169e-05 -0.0914592 -0.792338 3.06571e-05 1 1.26986e-05 7.5342e-06 0.0914592 9.84148e-06 -0.995809 1.97441
-0.995809 -2.28472e-05 -0.0914595 -0.793401 -2.41096e-05 1 1.26986e-05 4.13549e-06 0.0914595 1.48504e-05 -0.995809 1.96286
-0.995809 2.46301e-05 -0.0914596 -0.794163 2.35675e-05 1 1.26986e-05 8.18115e-06 0.0914596 1.04899e-05 -0.995809 1.95454
-0.995809 -5.905e-06 -0.0914596 -0.794717 -7.09615e-06 1 1.26986e-05 5.4198e-06 0.0914596 1.32944e-05 -0.995809 1.94853
-0.995809 4.72987e-05 -0.0914596 -0.795112 4.63315e-05 1 1.26986e-05 4.10744e-06 0.0914596 8.40789e-06 -0.995809 1.94419
-0.995809 8.32644e-06 -0.0914597 -0.795377 7.19519e-06 1 1.26986e-05 6.43689e-06 0.0914597 1.19873e-05 -0.995809 1.94133
-0.995809 -5.93945e-06 -0.0914597 -0.795592 -7.13075e-06 1 1.26986e-05 5.539e-06 0.0914597 1.32975e-05 -0.995809 1.939
-0.995809 3.16888e-05 -0.0914597 -0.795769 3.06558e-05 1 1.26986e-05 8.01053e-06 0.0914597 9.84159e-06 -0.995809 1.93705
-0.995809 -2.28508e-05 -0.0914597 -0.795877 -2.41133e-05 1 1.26986e-05 4.47895e-06 0.0914597 1.48508e-05 -0.995809 1.93591
-0.995809 2.8033e-05 -0.0914597 -0.795949 2.69847e-05 1 1.26986e-05 7.79778e-06 0.0914597 1.01774e-05 -0.995809 1.93509
-0.995809 7.54738e-06 -0.0914597 -0.796251 6.41285e-06 1 1.26986e-05 6.50751e-06 0.0914597 1.20589e-05 -0.995809 1.93182
-0.995809 7.84919e-05 -0.0914597 -0.797783 7.76559e-05 1 1.26986e-05 -1.30868e-06 0.0914597 5.54297e-06 -0.995809 1.9151
-0.995809 3.169e-05 -0.0914597 -0.799786 3.06571e-05 1 1.26986e-05 8.56835e-06 0.0914597 9.84148e-06 -0.995809 1.89331
-0.995809 -2.28508e-05 -0.0914597 -0.801729 -2.41133e-05 1 1.26986e-05 5.29155e-06 0.0914597 1.48508e-05 -0.995809 1.87219
-0.995809 2.61724e-05 -0.0914523 -0.805637 2.51164e-05 1 1.26985e-05 9.48731e-06 0.0914523 1.03483e-05 -0.995809 1.82968
-0.99581 2.8033e-05 -0.0914498 -0.806965 2.69849e-05 1 1.26982e-05 9.3263e-06 0.0914498 1.01773e-05 -0.99581 1.81524
