1 -0 0 -0 -0 1 -0 0 0 -0 1 0
1 -0 0 -0 -0 1 -0 0 0 0 1 0
1 -0 0 0 -0 1 0 0 0 0 1 0
1 -0 0 0 -0 1 0 0 0 0 1 0
1 -0 0 0 -0 1 0 0 0 0 1 0
1 -0 0 0 -0 1 0 0 0 0 1 0
1 -0 0 0 -0 1 0 0 0 0 1 0
1 -0 0 0 -0 1 0 0 0 0 1 0
1 -0 0 0 -0 1 0 0 0 0 1 0
1 -0 0 0 -0 1 0 0 0 0 1 0
1 -0 0 0 -0 1 0 0 0 0 1 0
1 -0 0 0 -0 1 0 0 0 0 1 0
1 -0 0 0 -0 1 0 0 0 0 1 0
1 -0 0 0 -0 1 0 0 0 0 1 0
1 -0 0 0 -0 1 0 0 0 0 1 0
1 -0 0 0 -0 1 0 0 0 0 1 0
1 -0 0 0 -0 1 0 0 0 0 1 0
1 -0 0 0 -0 1 0 0 0 0 1 0
1 -0 0 0 -0 1 0 0 0 0 1 0
1 0.000369201 -0.000685627 0.00155944 -0.000368274 0.999999 0.0013517 -0.00102228 0.000686126 -0.00135145 0.999999 0.000402037
1 0.000444452 -0.000759894 0.000895057 -0.000443633 0.999999 0.00107781 -0.00113859 0.000760373 -0.00107747 0.999999 0.00480643
1 0.00045998 -0.000632719 0.00168422 -0.000459059 0.999999 0.0014545 -0.000859452 0.000633387 -0.00145421 0.999999 0.0148263
1 0.000439698 -0.00050949 0.00131194 -0.000438964 0.999999 0.00144016 -0.000803763 0.000510123 -0.00143994 0.999999 0.0306434
0.999999 0.00086413 -0.000995513 0.000705973 -0.000862538 0.999998 0.00159854 -0.00106278 0.000996893 -0.00159768 0.999998 0.0472777
1 0.000692164 -0.000717329 0.000345026 -0.00069228 1 -0.00016222 0.000591674 0.000717217 0.000162717 1 0.0688528
1 0.000636054 -0.000326655 0.000611279 -0.000636129 1 -0.000232154 0.000384753 0.000326507 0.000232362 1 0.0869902
1 0.000581745 -0.000218884 0.000751604 -0.000581841 1 -0.000439697 0.000202039 0.000218628 0.000439825 1 0.102779
1 0.000355554 -0.000391653 0.000821149 -0.000355606 1 -0.00013381 0.000888409 0.000391605 0.00013395 1 0.117238
1 0.000450983 -0.000464743 0.000197417 -0.000451125 1 -0.000305389 0.000979603 0.000464606 0.000305598 1 0.139786
0.999995 -0.00117325 -0.0028309 0.00431398 0.00117486 0.999999 0.00056776 -0.0028084 0.00283023 -0.000571084 0.999996 0.160866
0.999996 -0.00104016 -0.00263578 0.00413993 0.00104284 0.999999 0.00101395 -0.00197761 0.00263472 -0.0010167 0.999996 0.183464
0.999994 -0.00121236 -0.00314492 0.00411985 0.00121477 0.999999 0.000766633 -0.00234934 0.00314399 -0.000770449 0.999995 0.21046
0.999995 -0.000907132 -0.00300742 0.0031697 0.000910238 0.999999 0.00103161 -0.00298321 0.00300648 -0.00103434 0.999995 0.232453
0.999996 -0.00118849 -0.00261952 0.00347609 0.00119078 0.999999 0.000872425 -0.00264541 0.00261848 -0.000875541 0.999996 0.264683
1 -0.000777359 0.000403783 -0.00185143 0.000776716 0.999998 0.00158911 -0.00346385 -0.000405018 -0.0015888 0.999999 0.286954
1 -7.60127e-05 0.000404759 -0.00136729 7.52706e-05 0.999998 0.00183329 -0.00237 -0.000404898 -0.00183326 0.999998 0.315069
1 -0.000715284 0.000473194 -0.00219648 0.00071451 0.999998 0.00163506 -0.00241336 -0.000474363 -0.00163472 0.999999 0.335334
1 -0.000795006 0.000567407 -0.00197206 0.000794222 0.999999 0.00138015 -0.00300665 -0.000568503 -0.0013797 0.999999 0.355857
1 -0.000254916 4.23672e-06 -0.00292403 0.000254908 0.999998 0.00184221 -0.00310061 -4.70633e-06 -0.00184221 0.999998 0.378236
0.999999 -0.001019 -0.0013485 0.0011228 0.00102197 0.999997 0.00220608 -0.00423696 0.00134625 -0.00220745 0.999997 0.401881
0.999998 -0.000906766 -0.00158246 0.000860891 0.000909867 0.999998 0.00196002 -0.00403215 0.00158068 -0.00196146 0.999997 0.427523
0.999998 -0.000883809 -0.00157333 0.000169624 0.000886153 0.999998 0.00148926 -0.00405831 0.00157201 -0.00149065 0.999998 0.452025
0.999998 -0.000816524 -0.00165502 0.00123096 0.000819807 0.999998 0.00198374 -0.00432986 0.0016534 -0.0019851 0.999997 0.482298
0.999998 -0.0012048 -0.00186776 0.00096929 0.00120783 0.999998 0.00162268 -0.00415925 0.0018658 -0.00162493 0.999997 0.513214
0.999994 -0.00198568 -0.00272965 0.00183392 0.00198905 0.999997 0.00123442 -0.00292157 0.00272719 -0.00123984 0.999996 0.54087
0.999994 -0.0022284 -0.00256364 0.00169785 0.00223167 0.999997 0.00127367 -0.00222506 0.00256079 -0.00127939 0.999996 0.566748
0.999994 -0.00231307 -0.00265648 0.00176024 0.00231507 0.999997 0.000749329 -0.00361864 0.00265474 -0.000755474 0.999996 0.595108
0.999993 -0.00225733 -0.00294039 0.00135941 0.00226013 0.999997 0.000949853 -0.00321024 0.00293824 -0.000956492 0.999995 0.623411
0.999993 -0.00209949 -0.00324069 0.00172168 0.00210314 0.999997 0.00112476 -0.00397422 0.00323832 -0.00113157 0.999994 0.654017
0.999989 -0.00240341 -0.00399416 0.00199098 0.00240388 0.999997 0.000113676 -0.000455916 0.00399388 -0.000123276 0.999992 0.688151
0.999988 -0.00223139 -0.00445196 0.00173401 0.00223205 0.999997 0.0001441 -0.000404156 0.00445163 -0.000154035 0.99999 0.713478
0.999989 -0.0022674 -0.00417322 0.00143811 0.00226562 0.999997 -0.000431965 -0.000467514 0.00417419 0.000422505 0.999991 0.732419
0.999989 -0.00236951 -0.0040954 0.00140328 0.00237074 0.999997 0.000295341 -0.000937492 0.00409468 -0.000305046 0.999992 0.748851
0.999988 -0.00262671 -0.00418185 0.00106993 0.00262573 0.999997 -0.000238506 -0.000899348 0.00418246 0.000227522 0.999991 0.760954
0.999992 -0.00162189 -0.00369294 0.00136407 0.00162623 0.999998 0.00117118 -0.00208241 0.00369103 -0.00117717 0.999992 0.767775
0.999992 -0.00181973 -0.00364494 0.00102164 0.0018235 0.999998 0.00102959 -0.00220141 0.00364306 -0.00103623 0.999993 0.774071
0.999992 -0.00139988 -0.00387227 0.00155417 0.00140275 0.999999 0.00073823 -0.00215745 0.00387124 -0.000743655 0.999992 0.78127
0.999992 -0.00148946 -0.00374692 0.00140704 0.00149289 0.999998 0.000913942 -0.00265614 0.00374556 -0.000919528 0.999993 0.785355
0.999991 -0.00158014 -0.00394859 0.00139038 0.00158515 0.999998 0.00126761 -0.00252446 0.00394658 -0.00127386 0.999991 0.788695
0.999993 -0.00104555 -0.00359942 0.00122633 0.00104938 0.999999 0.00106089 -0.0012367 0.00359831 -0.00106466 0.999993 0.791797
0.999993 -0.000532222 -0.00374608 0.00125625 0.000536633 0.999999 0.00117642 -0.00142668 0.00374545 -0.00117842 0.999992 0.793741
0.999993 -0.000563426 -0.0036929 0.0015136 0.000568137 0.999999 0.00127487 -0.00119461 0.00369217 -0.00127696 0.999992 0.795624
0.999989 -0.00156723 -0.00440241 0.00214324 0.00157187 0.999998 0.00105145 -0.00136568 0.00440076 -0.00105836 0.99999 0.797124
0.999989 -0.00184087 -0.00436075 0.00172133 0.00184342 0.999998 0.000581621 -0.00152824 0.00435967 -0.000589653 0.99999 0.798392
0.999992 -0.00117241 -0.00386259 0.00153396 0.00117542 0.999999 0.000775594 -0.00124535 0.00386167 -0.000780128 0.999992 0.798049
0.999993 -0.00134305 -0.00353238 0.00110536 0.00134564 0.999999 0.000732638 -0.00120257 0.00353139 -0.000737386 0.999993 0.799032
0.999992 -0.00133661 -0.003646 0.000930098 0.0013387 0.999999 0.000571691 -0.0014625 0.00364524 -0.000576567 0.999993 0.799784
0.999987 -0.00130511 -0.00483997 0.00255489 0.00130797 0.999999 0.000588311 -0.00171491 0.00483919 -0.000594634 0.999988 0.799843
0.999987 -0.000877415 -0.00492625 0.00269559 0.000879799 0.999999 0.000481742 -0.00152214 0.00492583 -0.00048607 0.999988 0.800232
0.999988 -0.000868354 -0.004822 0.00279469 0.000871468 0.999999 0.000643704 -0.00136856 0.00482144 -0.000647899 0.999988 0.800415
0.999989 -0.000967996 -0.00467253 0.00285696 0.000970163 0.999999 0.000461472 -0.00140504 0.00467208 -0.000466 0.999989 0.800691
0.999988 -0.00120859 -0.00476961 0.00274843 0.00121024 0.999999 0.000341564 -0.0012922 0.00476919 -0.000347332 0.999989 0.800517
0.999988 -0.000868816 -0.00478945 0.00301663 0.000871162 1 0.000487834 -0.0013326 0.00478902 -0.000492 0.999988 0.800478
0.999988 -0.000968422 -0.00488005 0.00309161 0.000969621 1 0.000243207 -0.00134919 0.00487981 -0.000247936 0.999988 0.800727
0.999988 -0.00116036 -0.00468829 0.00307411 0.00116222 0.999999 0.00039505 -0.00124412 0.00468783 -0.000400494 0.999989 0.800472
0.999988 -0.00108952 -0.00476223 0.00288747 0.00109079 0.999999 0.000263203 -0.00128544 0.00476194 -0.000268394 0.999989 0.800835
0.999988 -0.00100032 -0.00478642 0.00286021 0.00100187 0.999999 0.000320303 -0.00134944 0.0047861 -0.000325094 0.999988 0.800842
0.999988 -0.00136197 -0.00478963 0.00281924 0.00136291 0.999999 0.000192907 -0.00146551 0.00478936 -0.000199433 0.999989 0.801092
0.999988 -0.00134586 -0.00481133 0.00271884 0.00134649 0.999999 0.000127906 -0.00147505 0.00481115 -0.000134383 0.999988 0.80106
0.999988 -0.00126618 -0.00480505 0.00275589 0.0012676 0.999999 0.000293156 -0.00144034 0.00480468 -0.000299243 0.999988 0.801048
0.999988 -0.00142128 -0.00469882 0.00267902 0.00142209 0.999999 0.000170243 -0.00149387 0.00469857 -0.000176923 0.999989 0.801055
0.999988 -0.00148728 -0.00466187 0.00262254 0.00148929 0.999999 0.000427962 -0.0012788 0.00466122 -0.0004349 0.999989 0.800917
0.999988 -0.00152888 -0.00472659 0.00271418 0.00153039 0.999999 0.000316222 -0.00139823 0.0047261 -0.000323452 0.999989 0.800922
0.999988 -0.00132427 -0.00464064 0.00258007 0.00132582 0.999999 0.000331049 -0.00126763 0.0046402 -0.000337198 0.999989 0.800987
0.999988 -0.00159012 -0.00471316 0.00268598 0.001592 0.999999 0.000394339 -0.00141543 0.00471253 -0.000401838 0.999989 0.801062
0.999988 -0.00152991 -0.00468542 0.00270126 0.0015315 0.999999 0.000336223 -0.00146699 0.0046849 -0.000343395 0.999989 0.800931
0.999988 -0.0015048 -0.00461313 0.00274023 0.00150693 0.999999 0.0004589 -0.00142565 0.00461244 -0.000465846 0.999989 0.800961
0.999988 -0.00136408 -0.00466311 0.00271928 0.00136583 0.999999 0.000370919 -0.00125036 0.0046626 -0.000377284 0.999989 0.800911
0.999988 -0.00147476 -0.00465874 0.00285546 0.00147678 0.999999 0.000431078 -0.00132335 0.0046581 -0.000437953 0.999989 0.800975
0.999988 -0.00147422 -0.00469742 0.00277003 0.00147632 0.999999 0.000442603 -0.00141606 0.00469676 -0.000449533 0.999989 0.800921
0.999988 -0.00143088 -0.00469053 0.00268187 0.0014329 0.999999 0.000426487 -0.00142623 0.00468991 -0.000433203 0.999989 0.800874
0.999988 -0.00153075 -0.00469129 0.0027298 0.00153327 0.999999 0.000534767 -0.00140297 0.00469047 -0.000541953 0.999989 0.800927
0.999988 -0.0014944 -0.00468507 0.00286772 0.0014972 0.999999 0.000594738 -0.00145868 0.00468417 -0.000601746 0.999989 0.800851
0.999988 -0.00142627 -0.00467386 0.00267089 0.00142851 0.999999 0.00047519 -0.0013559 0.00467317 -0.000481861 0.999989 0.800797
0.999988 -0.00130178 -0.00478783 0.00273777 0.00130419 0.999999 0.000500917 -0.00134698 0.00478718 -0.000507155 0.999988 0.800742
0.999987 -0.0013816 -0.00481689 0.00271285 0.00138368 0.999999 0.000429666 -0.00129876 0.00481629 -0.000436326 0.999988 0.800755
0.999988 -0.00151722 -0.00473488 0.00263907 0.0015195 0.999999 0.000478243 -0.0013368 0.00473415 -0.000485431 0.999989 0.800876
0.999988 -0.00149117 -0.0047118 0.00262146 0.00149366 0.999999 0.000525538 -0.00133752 0.00471102 -0.000532569 0.999989 0.80089
0.999988 -0.00150783 -0.00471209 0.00266625 0.00150996 0.999999 0.000447819 -0.00141854 0.00471141 -0.000454929 0.999989 0.800878
0.999988 -0.00143555 -0.00475876 0.00281118 0.00143778 0.999999 0.000464343 -0.00129413 0.00475809 -0.000471179 0.999989 0.800821
0.999988 -0.0014356 -0.00475882 0.00281127 0.00143782 0.999999 0.000464398 -0.00129421 0.00475815 -0.000471235 0.999989 0.800821
0.999988 -0.0013703 -0.00477155 0.00277315 0.00137249 0.999999 0.00045532 -0.001354 0.00477092 -0.000461864 0.999989 0.800768
0.999988 -0.00137356 -0.0047594 0.00275745 0.0013758 0.999999 0.000466968 -0.00136771 0.00475876 -0.00047351 0.999989 0.800778
0.999988 -0.00123669 -0.00476171 0.00270825 0.00123904 0.999999 0.000489243 -0.00133941 0.0047611 -0.000495137 0.999989 0.800724
0.999988 -0.0012717 -0.00476433 0.00272197 0.00127418 0.999999 0.000518335 -0.00138353 0.00476367 -0.0005244 0.999989 0.800718
0.999988 -0.0012717 -0.00476433 0.00272197 0.00127418 0.999999 0.000518335 -0.00138353 0.00476367 -0.0005244 0.999989 0.800718
0.999988 -0.0012717 -0.00476433 0.00272197 0.00127418 0.999999 0.000518336 -0.00138353 0.00476367 -0.0005244 0.999989 0.800718
0.999988 -0.00133481 -0.00475108 0.00271125 0.00133726 0.999999 0.000512101 -0.00140728 0.0047504 -0.000518448 0.999989 0.800731
0.999988 -0.00133481 -0.00475108 0.00271125 0.00133726 0.999999 0.000512101 -0.00140728 0.0047504 -0.000518448 0.999989 0.800731
0.999988 -0.00133481 -0.00475108 0.00271125 0.00133726 0.999999 0.000512101 -0.00140728 0.0047504 -0.000518448 0.999989 0.800731
0.999988 -0.00133481 -0.00475108 0.00271125 0.00133726 0.999999 0.000512101 -0.00140728 0.0047504 -0.000518448 0.999989 0.800731
0.999988 -0.00133481 -0.00475108 0.00271125 0.00133726 0.999999 0.000512101 -0.00140728 0.0047504 -0.000518448 0.999989 0.800731
0.999992 -0.00136477 -0.00371397 0.00103955 0.00136894 0.999998 0.00112121 -0.00165358 0.00371244 -0.00112628 0.999992 0.803548
0.999993 -0.00120046 -0.00357198 0.00106322 0.00120489 0.999999 0.00124033 -0.00145784 0.00357049 -0.00124462 0.999993 0.812414
0.999992 -0.00124696 -0.00370773 0.00113491 0.00125141 0.999998 0.00119967 -0.00150132 0.00370622 -0.0012043 0.999992 0.825612
0.999992 -0.00190146 -0.00353972 0.000422934 0.00190651 0.999997 0.0014237 -0.00206212 0.00353701 -0.00143044 0.999993 0.840645
0.99999 -0.00224251 -0.00389937 0.000279157 0.00224621 0.999997 0.000943838 -0.00231239 0.00389724 -0.000952587 0.999992 0.859043
0.999988 -0.000844351 -0.00480251 0.00211475 0.00084939 0.999999 0.00104725 -0.00248482 0.00480162 -0.00105132 0.999988 0.886829
0.999988 -0.000474493 -0.00492911 0.00163796 0.000479637 0.999999 0.00104244 -0.00219199 0.00492862 -0.00104479 0.999987 0.902445
0.999987 -0.000998763 -0.00495777 0.00121382 0.00100341 0.999999 0.000934347 -0.00300484 0.00495684 -0.000939309 0.999987 0.92243
0.99998 -0.00171546 -0.00601632 0.00163036 0.00172289 0.999998 0.00123069 -0.00313404 0.0060142 -0.00124103 0.999981 0.941702
0.999981 -0.0016142 -0.00587363 0.00148376 0.00162012 0.999998 0.00100272 -0.00343076 0.005872 -0.00101222 0.999982 0.963061
0.999987 -0.000919322 -0.00507579 0.00113783 0.000921262 1 0.000380007 -0.00143155 0.00507544 -0.000384678 0.999987 1.00349
0.999986 -0.000720052 -0.00532017 0.000441569 0.000721293 1 0.000231365 -0.00160068 0.00532 -0.000235199 0.999986 1.03116
0.999983 -0.00153242 -0.00562148 0.000225651 0.00153373 0.999999 0.000229035 -0.00155359 0.00562113 -0.000237653 0.999984 1.06426
0.999984 -0.000967486 -0.0055977 1.63038e-05 0.000965913 0.999999 -0.000283606 -0.00177484 0.00559797 0.000278194 0.999984 1.09068
0.999984 -0.0014515 -0.00552766 3.66896e-05 0.00145076 0.999999 -0.000137668 -0.00170573 0.00552785 0.000129646 0.999985 1.12092
0.99998 2.47961e-05 -0.0063225 0.00151946 -3.0811e-05 1 -0.000951255 0.000136806 0.00632247 0.000951431 0.99998 1.15315
0.999982 0.0003011 -0.00597871 0.00179152 -0.000305563 1 -0.000745525 7.85406e-05 0.00597849 0.000747339 0.999982 1.18357
0.999979 -0.000656555 -0.00643965 0.000985236 0.000651369 0.999999 -0.000807308 -0.000240983 0.00644018 0.000803097 0.999979 1.21107
0.999978 5.64723e-05 -0.00660509 0.000196951 -6.61894e-05 0.999999 -0.00147094 -0.000687739 0.006605 0.00147135 0.999977 1.24239
0.999977 0.000594977 -0.00668805 -0.000376595 -0.000603748 0.999999 -0.00130951 -0.00053625 0.00668726 0.00131351 0.999977 1.27751
0.999975 -0.000500256 -0.0070664 0.000335888 0.000489553 0.999999 -0.00151626 -0.000316198 0.00706714 0.00151276 0.999974 1.30683
0.999976 -0.000475281 -0.00694705 0.00107465 0.00046331 0.999998 -0.00172476 -0.000765588 0.00694786 0.0017215 0.999974 1.33764
0.999976 -0.000771958 -0.00692392 0.00051716 0.000755675 0.999997 -0.00235395 -0.000408594 0.00692571 0.00234866 0.999973 1.37059
0.99998 -5.3216e-05 -0.00638197 0.00184121 4.26763e-05 0.999999 -0.0016516 -0.000250366 0.00638205 0.0016513 0.999978 1.42918
0.999978 0.000213196 -0.00667058 0.00195329 -0.00022472 0.999998 -0.00172686 -0.000192738 0.0066702 0.00172832 0.999976 1.45695
0.999979 -0.000397516 -0.00652405 -0.000600881 0.000396486 1 -0.000159178 -0.00111699 0.00652411 0.000156588 0.999979 1.4839
0.999976 -0.000325966 -0.00685261 -0.000631937 0.000321919 1 -0.000591687 -0.00130773 0.0068528 0.000589467 0.999976 1.51973
0.999978 -0.000210083 -0.00669203 -0.00183131 0.000206137 1 -0.000590286 -0.00051821 0.00669215 0.000588893 0.999977 1.54782
0.999979 0.000274844 -0.00652998 -0.000111522 -0.000277594 1 -0.000420301 -0.00133422 0.00652986 0.000422105 0.999979 1.58466
0.999978 -0.000515117 -0.0065869 -0.000320292 0.000511017 1 -0.000624022 -0.00156829 0.00658722 0.000620643 0.999978 1.6115
0.999964 -0.000726053 -0.00849171 0.000696693 0.000741212 0.999998 0.00178216 -0.0059348 0.0084904 -0.00178839 0.999962 1.63938
0.999963 -0.000708485 -0.00860059 0.000658848 0.000722144 0.999998 0.00158511 -0.00633099 0.00859945 -0.00159126 0.999962 1.66741
0.999966 -0.000203815 -0.0082487 0.00027097 0.000218561 0.999998 0.00178683 -0.0059237 0.00824832 -0.00178857 0.999964 1.70033
0.999968 -0.000842724 -0.00797149 -0.000400582 0.000853179 0.999999 0.00130825 -0.00598279 0.00797038 -0.00131501 0.999967 1.72341
0.999966 -0.000523332 -0.00818851 -0.000597762 0.000537206 0.999998 0.00169229 -0.0063457 0.00818762 -0.00169663 0.999965 1.7588
0.999957 -0.00140433 -0.00912342 0.000724523 0.00141641 0.999998 0.00131789 -0.00211903 0.00912155 -0.00133076 0.999958 1.78471
0.999958 -0.001845 -0.00898328 0.000227041 0.00185602 0.999998 0.00121878 -0.00182549 0.00898101 -0.0012354 0.999959 1.81636
0.999952 -0.0022423 -0.00949024 -0.000137601 0.0022501 0.999997 0.000811282 -0.00222824 0.00948839 -0.000832597 0.999955 1.84416
0.999955 0.000289549 -0.00945223 0.00280546 -0.000274523 0.999999 0.00159088 -0.00215885 0.00945268 -0.00158822 0.999954 1.87824
0.999958 -0.00112672 -0.00913984 -0.00122572 0.00113998 0.999998 0.00144549 -0.00125315 0.0091382 -0.00145585 0.999957 1.91267
0.999947 -0.000916486 -0.0102897 -0.000928694 0.000930839 0.999999 0.0013902 -0.00308905 0.0102884 -0.00139971 0.999946 1.93924
0.999945 -0.000405253 -0.0104775 -0.000959858 0.000419343 0.999999 0.0013426 -0.00316908 0.010477 -0.00134692 0.999944 1.9708
0.999948 -0.00119167 -0.0101356 -0.00171715 0.00120307 0.999999 0.00111829 -0.00344723 0.0101343 -0.00113043 0.999948 1.99952
0.999948 -0.000565522 -0.0102 -0.00183917 0.00057728 0.999999 0.00114984 -0.00319153 0.0101994 -0.00115567 0.999947 2.02771
0.999944 -0.000541187 -0.0105248 -0.00271497 0.00055425 0.999999 0.00123828 -0.00268714 0.0105241 -0.00124404 0.999944 2.06842
0.999953 0.000597427 -0.00966383 -0.00193748 -0.000585501 0.999999 0.00123691 -0.00289737 0.00966456 -0.0012312 0.999953 2.10098
0.999953 0.00112601 -0.0096636 -0.0012604 -0.00111352 0.999999 0.00129705 -0.00236753 0.00966504 -0.00128623 0.999952 2.12977
0.999952 0.000460885 -0.00975321 -0.00275524 -0.000440716 0.999998 0.00206999 -0.00188451 0.00975414 -0.00206559 0.99995 2.1602
0.99995 3.39529e-05 -0.0100464 -0.00299829 -1.94366e-05 0.999999 0.00144502 -0.00229314 0.0100465 -0.00144475 0.999948 2.19218
0.999941 -3.15089e-06 -0.0108691 -0.00443804 1.58041e-05 0.999999 0.00116406 -0.00163368 0.010869 -0.00116417 0.99994 2.21878
0.999944 -0.0005849 -0.01058 -0.00172252 0.00059801 0.999999 0.00123599 -0.00274235 0.0105793 -0.00124225 0.999943 2.25776
0.999945 0.000498454 -0.0105169 -0.00117967 -0.000494329 1 0.000394829 -0.00204086 0.0105171 -0.000389608 0.999945 2.28721
0.999949 0.00027981 -0.0101411 -5.81691e-05 -0.000278434 1 0.00013704 -0.00182885 0.0101411 -0.000134209 0.999949 2.32387
0.999941 0.000596202 -0.0108218 -0.00218789 -0.000588848 1 0.000682728 -0.00268713 0.0108222 -0.000676316 0.999941 2.3533
0.999944 -0.00022877 -0.010561 -0.00353505 0.000238708 1 0.000939745 -0.00259029 0.0105608 -0.000942214 0.999944 2.38486
0.999961 0.000715109 -0.00881457 -0.00760998 -0.000697043 0.999998 0.00205244 -0.00338967 0.00881602 -0.00204621 0.999959 2.413
0.999959 0.000802193 -0.00898454 -0.00814498 -0.000780821 0.999997 0.00238209 -0.00310427 0.00898642 -0.00237498 0.999957 2.4411
0.999961 0.00037416 -0.00881747 -0.0074549 -0.000356056 0.999998 0.00205465 -0.00345639 0.00881822 -0.00205143 0.999959 2.47349
0.999959 0.000798824 -0.00901307 -0.00737974 -0.000786017 0.999999 0.00142431 -0.00293792 0.0090142 -0.00141717 0.999958 2.50559
0.999961 0.000485198 -0.00887038 -0.00888445 -0.000466746 0.999998 0.00208214 -0.00362455 0.00887137 -0.00207792 0.999958 2.53714
0.99997 0.000744374 -0.0077379 -0.00946642 -0.000734969 0.999999 0.00121811 -0.00148794 0.0077388 -0.00121238 0.999969 2.56551
0.999968 0.000886165 -0.00794178 -0.00951621 -0.00087609 0.999999 0.00127202 -0.00147153 0.0079429 -0.00126502 0.999968 2.60095
0.999963 -0.000257633 -0.00860823 -0.012274 0.000265176 1 0.000875174 -0.0014374 0.00860801 -0.000877424 0.999963 2.62922
0.999965 0.00148874 -0.0082689 -0.0086563 -0.00148201 0.999999 0.00082049 -0.00234293 0.00827011 -0.000808206 0.999965 2.66636
0.999965 0.0016117 -0.00817588 -0.011663 -0.00160247 0.999998 0.00113554 -0.000813105 0.00817769 -0.0011224 0.999966 2.70196
0.999973 0.000414377 -0.00740359 -0.0101625 -0.00040734 0.999999 0.000951883 -0.0019073 0.00740398 -0.000948841 0.999972 2.72995
0.999975 0.000867808 -0.00703448 -0.0102375 -0.000862696 0.999999 0.000729672 -0.00109971 0.00703511 -0.000723585 0.999975 2.76193
0.99997 0.00115273 -0.00769117 -0.0105245 -0.00114523 0.999999 0.000979433 -0.00174696 0.00769229 -0.000970595 0.99997 2.78981
0.999971 0.000603742 -0.00757132 -0.00985016 -0.000600463 1 0.000435376 -0.00170767 0.00757158 -0.000430817 0.999971 2.82536
0.999971 0.000801766 -0.00753458 -0.0109326 -0.000803401 1 -0.000213852 -0.00283908 0.00753441 0.000219899 0.999972 2.85803
0.999976 0.000740432 -0.00685761 -0.0128526 -0.000731119 0.999999 0.00136053 -0.00354133 0.00685861 -0.00135548 0.999976 2.88992
0.99998 0.00104222 -0.00630818 -0.0138265 -0.00103555 0.999999 0.00106121 -0.00362493 0.00630927 -0.00105466 0.99998 2.91764
0.999978 0.000362575 -0.00666288 -0.0133964 -0.00035429 0.999999 0.00124467 -0.00336651 0.00666332 -0.00124228 0.999977 2.94944
0.999974 -0.000500905 -0.00712681 -0.0144885 0.000508595 0.999999 0.00107721 -0.00280201 0.00712626 -0.00108081 0.999974 2.97778
0.999974 0.000374251 -0.00726181 -0.0131759 -0.00036343 0.999999 0.00149139 -0.00327889 0.00726236 -0.00148871 0.999973 3.01247
0.999976 0.00310839 -0.00619632 -0.0141023 -0.00310843 0.999995 3.74787e-06 -0.00231843 0.0061963 1.55131e-05 0.999981 3.0433
0.999978 0.00292401 -0.00599849 -0.0144081 -0.00292354 0.999996 8.66247e-05 -0.00172112 0.00599871 -6.9086e-05 0.999982 3.0791
0.999976 0.00314591 -0.00620332 -0.0139564 -0.00314204 0.999995 0.000633741 -0.00212076 0.00620528 -0.000614235 0.999981 3.11497
0.999971 0.00289035 -0.00710346 -0.0136692 -0.00289016 0.999996 3.66466e-05 -0.00282722 0.00710353 -1.61154e-05 0.999975 3.14732
0.999963 0.00325238 -0.00795867 -0.0131061 -0.00324933 0.999995 0.000395234 -0.00301702 0.00795991 -0.000369359 0.999968 3.17483
0.999976 0.00281097 -0.00627116 -0.0168202 -0.0027996 0.999994 0.00182132 -0.00447738 0.00627624 -0.00180372 0.999979 3.20754
0.999978 0.00273738 -0.00609492 -0.0167016 -0.00272515 0.999994 0.00201439 -0.00410495 0.0061004 -0.00199774 0.999979 3.23127
0.999976 0.00278378 -0.00642031 -0.016837 -0.00276732 0.999993 0.00257195 -0.00400523 0.00642743 -0.00255412 0.999976 3.25987
0.999976 0.00328557 -0.00608194 -0.0174069 -0.00327304 0.999993 0.00207004 -0.00502726 0.0060887 -0.00205009 0.999979 3.28637
0.999979 0.002162 -0.00604513 -0.0168142 -0.00214891 0.999995 0.0021725 -0.00451601 0.0060498 -0.00215946 0.999979 3.31539
0.999974 0.00273633 -0.00670226 -0.0186186 -0.00273471 0.999996 0.000251577 -0.00356166 0.00670292 -0.000233242 0.999978 3.35015
0.999975 0.00200345 -0.00673496 -0.019983 -0.00200562 0.999998 -0.000316511 -0.00315577 0.00673431 0.000330011 0.999977 3.37868
0.999975 0.00208496 -0.00669656 -0.0195367 -0.00208426 0.999998 0.000111471 -0.00234492 0.00669677 -9.75104e-05 0.999978 3.41475
0.999971 0.0023331 -0.00719189 -0.0197314 -0.00232843 0.999997 0.000657074 -0.00255676 0.0071934 -0.000640309 0.999974 3.44191
0.999976 0.00215183 -0.00663109 -0.0202642 -0.00214872 0.999998 0.000476574 -0.00224022 0.0066321 -0.000462314 0.999978 3.47343
0.999973 0.00343583 -0.00644046 -0.0179397 -0.00341401 0.999988 0.00339697 -0.00591311 0.00645206 -0.0033749 0.999973 3.50774
0.999971 0.0036649 -0.00673769 -0.0183376 -0.00364265 0.999988 0.00331158 -0.00553496 0.00674974 -0.00328694 0.999972 3.53987
0.999975 0.00264612 -0.00654178 -0.0185725 -0.00262713 0.999992 0.00291057 -0.00555377 0.00654943 -0.00289331 0.999974 3.57166
0.999976 0.0031508 -0.00619617 -0.0189801 -0.00313185 0.99999 0.0030668 -0.00552596 0.00620577 -0.00304732 0.999976 3.59939
0.999976 0.00315641 -0.00622865 -0.0185206 -0.00313614 0.99999 0.00326237 -0.00620327 0.00623888 -0.00324276 0.999975 3.6279
0.999976 0.00282045 -0.00640095 -0.0177778 -0.00281102 0.999995 0.00148142 -0.00374147 0.0064051 -0.00146339 0.999978 3.65642
0.999969 0.00368871 -0.00689377 -0.0179888 -0.00367331 0.999991 0.00224437 -0.00300904 0.00690199 -0.00221898 0.999974 3.74024
0.999971 0.00283389 -0.00700072 -0.0192801 -0.00282758 0.999996 0.000911263 -0.00395672 0.00700327 -0.000891442 0.999975 3.78057
0.999973 0.00217026 -0.00709019 -0.0177189 -0.00217139 0.999998 -0.00015179 -0.00204224 0.00708984 0.000167181 0.999975 3.81189
0.999972 0.00204719 -0.00713479 -0.0186236 -0.00205023 0.999998 -0.000418965 -0.00161504 0.00713392 0.000433582 0.999974 3.84393
0.999967 0.00173024 -0.00790757 -0.018522 -0.00173394 0.999998 -0.00046099 -0.00276383 0.00790676 0.000474686 0.999969 3.87714
0.999968 0.00226774 -0.00770629 -0.0192246 -0.00227083 0.999997 -0.00039256 -0.00274678 0.00770538 0.000410047 0.99997 3.90758
0.999967 0.00147239 -0.00804095 -0.0210718 -0.00147362 0.999999 -0.000146726 -0.00250648 0.00804073 0.00015857 0.999968 3.93932
0.999976 0.0019236 -0.00667146 -0.0200071 -0.00190884 0.999996 0.00221909 -0.0047927 0.0066757 -0.00220631 0.999975 3.9639
0.999975 0.00122648 -0.00690338 -0.0201309 -0.00121133 0.999997 0.00219755 -0.00440616 0.00690605 -0.00218913 0.999974 3.99563
0.999975 0.00189619 -0.00685739 -0.0203181 -0.0018832 0.999996 0.00189981 -0.00368111 0.00686096 -0.00188684 0.999975 4.02804
0.999978 0.001536 -0.00645817 -0.0211183 -0.00152046 0.999996 0.00241027 -0.00437713 0.00646184 -0.0024004 0.999976 4.05964
0.999975 0.00225409 -0.00673189 -0.0202271 -0.00224105 0.999996 0.00194411 -0.00450303 0.00673624 -0.00192897 0.999975 4.08905
0.999965 0.00322641 -0.00777226 -0.0197849 -0.0032188 0.999994 0.000991321 -0.00563966 0.00777541 -0.000966268 0.999969 4.11861
0.999967 0.00306336 -0.00753865 -0.0202135 -0.00305488 0.999995 0.00113599 -0.00536861 0.00754209 -0.00111293 0.999971 4.14625
0.999965 0.00341598 -0.00759537 -0.0202563 -0.00340904 0.999994 0.000926636 -0.00513885 0.00759849 -0.000900711 0.999971 4.17822
0.999964 0.00350722 -0.0077278 -0.0196584 -0.00349877 0.999993 0.00110694 -0.0054645 0.00773163 -0.00107986 0.99997 4.2139
0.999962 0.00383495 -0.00777861 -0.0219105 -0.0038301 0.999992 0.000638381 -0.00614646 0.007781 -0.000608564 0.99997 4.242
0.999974 0.0028122 -0.00658684 -0.0224214 -0.00280892 0.999996 0.000506498 -0.00421299 0.00658824 -0.000487984 0.999978 4.27536
0.99997 0.0034266 -0.00689772 -0.0222866 -0.00342411 0.999994 0.000372571 -0.00448612 0.00689896 -0.000348941 0.999976 4.30253
0.999971 0.00349989 -0.00682659 -0.0221474 -0.00349742 0.999994 0.000373292 -0.00418499 0.00682786 -0.000349405 0.999977 4.33381
0.999975 0.00145425 -0.00696578 -0.0265799 -0.00144948 0.999999 0.000689102 -0.0039854 0.00696678 -0.000678988 0.999976 4.36252
0.999972 0.00311177 -0.00687294 -0.0265414 -0.00311143 0.999995 6.01046e-05 -0.0049756 0.0068731 -3.87182e-05 0.999976 4.39098
0.999971 0.00335541 -0.00683223 -0.0221012 -0.00335668 0.999994 -0.00017345 -0.00415357 0.00683161 0.000196378 0.999977 4.41875
0.999971 0.0035818 -0.00670612 -0.0221645 -0.00358364 0.999994 -0.000262104 -0.00334532 0.00670514 0.000286128 0.999977 4.44989
0.999973 0.00292416 -0.00677046 -0.0228423 -0.00292901 0.999995 -0.000707309 -0.00390036 0.00676836 0.000727121 0.999977 4.47812
0.999954 0.00833183 -0.00471772 -0.00970191 -0.00833563 0.999965 -0.000787045 -0.00381655 0.004711 0.000826335 0.999989 4.50298
0.999972 0.00358622 -0.00662457 -0.0220897 -0.00359196 0.999993 -0.000854078 -0.00441295 0.00662146 0.000877849 0.999978 4.53584
0.99997 0.00319373 -0.00702573 -0.0249479 -0.003192 0.999995 0.000257867 -0.00447873 0.00702652 -0.000235434 0.999975 4.56058
0.999969 0.0035154 -0.00708629 -0.0250484 -0.00351314 0.999994 0.000331293 -0.00465436 0.00708742 -0.000306387 0.999975 4.59587
0.99997 0.00295777 -0.00710865 -0.0261194 -0.00295622 0.999996 0.000228667 -0.00460996 0.00710929 -0.000207646 0.999975 4.62388
0.99997 0.00290614 -0.00717137 -0.0250906 -0.00290348 0.999996 0.00038034 -0.00440958 0.00717245 -0.000359507 0.999974 4.66034
0.999975 0.00141976 -0.00690378 -0.026073 -0.00140701 0.999997 0.0018517 -0.00619097 0.00690639 -0.00184194 0.999974 4.69375
0.999976 0.00112888 -0.00682957 -0.0270147 -0.00111692 0.999998 0.00175422 -0.0065101 0.00683154 -0.00174655 0.999975 4.72131
0.999974 0.00164755 -0.00706152 -0.0272821 -0.00163321 0.999997 0.0020356 -0.0057678 0.00706485 -0.00202401 0.999973 4.76004
0.999974 0.00166615 -0.006992 -0.0266795 -0.0016558 0.999998 0.00148539 -0.00601046 0.00699446 -0.00147377 0.999974 4.79044
0.999972 0.00290653 -0.00685447 -0.027366 -0.00289635 0.999995 0.00149369 -0.00594434 0.00685878 -0.00147379 0.999975 4.8216
0.999969 0.00231259 -0.00748981 -0.027285 -0.00230715 0.999997 0.00073424 -0.00514306 0.00749149 -0.000716937 0.999972 4.85358
0.999971 0.00198661 -0.00731118 -0.0273913 -0.00198516 0.999998 0.000205472 -0.00461897 0.00731157 -0.000190952 0.999973 4.88548
0.999968 0.0028853 -0.00742137 -0.0276269 -0.00288229 0.999996 0.000417174 -0.00451647 0.00742254 -0.00039577 0.999972 4.91319
0.999972 0.002197 -0.00715189 -0.0269417 -0.00219032 0.999997 0.00094169 -0.00464178 0.00715393 -0.000925999 0.999974 4.93899
0.999975 0.00192633 -0.0068544 -0.0302367 -0.00192104 0.999998 0.000778732 -0.00404112 0.00685588 -0.000765545 0.999976 4.97551
0.999966 0.00166103 -0.00810459 -0.0274761 -0.00165702 0.999999 0.000501943 -0.00656964 0.00810541 -0.000488497 0.999967 5.00814
0.999965 0.00180843 -0.00813979 -0.0276521 -0.00180188 0.999998 0.000812358 -0.00624105 0.00814124 -0.000797663 0.999967 5.04031
0.999963 0.00203402 -0.00835397 -0.0279438 -0.00202814 0.999998 0.000712415 -0.00651533 0.0083554 -0.000695446 0.999965 5.07219
0.999964 0.00111417 -0.00842801 -0.0298505 -0.0011082 0.999999 0.000713466 -0.00651008 0.0084288 -0.0007041 0.999964 5.10405
0.999963 0.00143996 -0.00852452 -0.0292073 -0.00143398 0.999999 0.000707197 -0.00644399 0.00852553 -0.000694946 0.999963 5.13499
0.999974 0.000557673 -0.00724314 -0.0310259 -0.000547481 0.999999 0.00140907 -0.00465335 0.00724391 -0.00140507 0.999973 5.16461
0.999972 0.000949669 -0.00742332 -0.0295808 -0.000939828 0.999999 0.00132914 -0.00405924 0.00742457 -0.00132212 0.999972 5.19242
0.999974 0.000769163 -0.00714099 -0.031438 -0.000758456 0.999999 0.00150197 -0.00418582 0.00714213 -0.00149651 0.999973 5.22482
0.999972 0.000959509 -0.00738534 -0.0316189 -0.000950096 0.999999 0.00127796 -0.00521777 0.00738656 -0.00127091 0.999972 5.25761
0.999975 0.00042302 -0.00703 -0.032624 -0.000411229 0.999999 0.00167852 -0.00451523 0.0070307 -0.00167558 0.999974 5.28926
0.999975 -0.000184361 -0.00703111 -0.0342567 0.000182714 1 -0.000234917 -0.00198117 0.00703115 0.000233626 0.999975 5.31948
0.999974 -0.000546315 -0.00720492 -0.0344648 0.00054466 1 -0.000231595 -0.00143129 0.00720504 0.000227665 0.999974 5.35112
0.999975 -0.000970787 -0.0069764 -0.0357722 0.000965 0.999999 -0.000832819 -0.00189882 0.00697721 0.000826066 0.999975 5.37875
0.999974 -0.000809762 -0.0072262 -0.0356788 0.000805863 1 -0.000542401 -0.00226632 0.00722664 0.000536563 0.999974 5.41536
0.999973 -0.000641658 -0.00729608 -0.0361166 0.000639159 1 -0.000344864 -0.0042601 0.0072963 0.000340191 0.999973 5.44736
0.999975 -0.00040632 -0.00702291 -0.0354588 0.000411396 1 0.000721286 -0.00325394 0.00702262 -0.000724157 0.999975 5.47574
0.999974 -0.000217585 -0.00717314 -0.0359348 0.000224509 1 0.000964445 -0.00326706 0.00717293 -0.00096603 0.999974 5.53527
0.999973 -0.000253809 -0.00730681 -0.0353977 0.000259269 1 0.000746265 -0.0028417 0.00730662 -0.00074814 0.999973 5.56322
0.999968 -0.00090774 -0.00789702 -0.0374403 0.000913076 0.999999 0.000672141 -0.00339265 0.0078964 -0.000679331 0.999969 5.59447
0.999971 -9.05977e-05 -0.00757948 -0.0366338 8.62575e-05 1 -0.000572947 -0.00371476 0.00757953 0.000572276 0.999971 5.63333
0.99997 -0.00140587 -0.00757311 -0.0357764 0.00140927 0.999999 0.000443391 -0.000835796 0.00757248 -0.00045405 0.999971 5.65883
0.99997 -0.00165029 -0.00763272 -0.0356084 0.00165196 0.999999 0.000212253 -0.000859753 0.00763236 -0.000224856 0.999971 5.6944
0.999963 -0.00203313 -0.00830251 -0.0347202 0.00203548 0.999998 0.000274297 -0.00175897 0.00830194 -0.000291186 0.999965 5.72423
0.999967 -0.00180634 -0.00793048 -0.0364833 0.00180832 0.999998 0.000242327 -0.00120185 0.00793003 -0.000256659 0.999969 5.75861
0.999972 -0.00150055 -0.00733752 -0.0364743 0.00150639 0.999999 0.000790388 -0.00167226 0.00733632 -0.000801419 0.999973 5.7946
0.99997 -0.0028526 -0.0071868 -0.0384192 0.00286474 0.999994 0.00167828 -0.00113506 0.00718197 -0.00169882 0.999973 5.82713
0.999972 -0.00270316 -0.00700246 -0.0379968 0.00271259 0.999995 0.00133776 -0.00173224 0.00699882 -0.00135671 0.999975 5.86375
0.999969 -0.00367136 -0.00699893 -0.0391384 0.00368008 0.999992 0.00123467 -0.00163619 0.00699434 -0.00126038 0.999975 5.89532
0.999969 -0.00317769 -0.00715349 -0.0397249 0.00318877 0.999994 0.0015382 -0.00174446 0.00714856 -0.00156096 0.999973 5.92241
0.99997 -0.00271111 -0.00722463 -0.0394869 0.00272536 0.999994 0.00196361 -0.000256036 0.00721927 -0.00198324 0.999972 5.9501
0.999967 -0.00357523 -0.00735891 -0.0387742 0.00358707 0.999992 0.00159695 0.000352349 0.00735315 -0.0016233 0.999972 5.98306
0.999967 -0.00300192 -0.00756104 -0.0387467 0.00301356 0.999994 0.00152767 0.000637129 0.00755641 -0.0015504 0.99997 6.01919
0.999968 -0.00303996 -0.0073934 -0.0396165 0.00304948 0.999995 0.00127718 0.000750751 0.00738948 -0.00129968 0.999972 6.04731
0.99997 -0.0030068 -0.00719497 -0.0408039 0.0030158 0.999995 0.00124081 0.000921338 0.00719121 -0.00126247 0.999973 6.07869
0.999966 -0.00335216 -0.00755736 -0.0398581 0.00336449 0.999993 0.00161902 0.000980394 0.00755188 -0.00164439 0.99997 6.1111
0.999973 -0.0017591 -0.00717492 -0.0397956 0.00176375 0.999998 0.000642005 0.00098501 0.00717378 -0.000654642 0.999974 6.14201
0.999975 -0.00189592 -0.00684459 -0.0396495 0.00189907 0.999998 0.000453988 0.000838493 0.00684371 -0.000466974 0.999976 6.16926
0.999975 -0.00146633 -0.00697943 -0.0400743 0.00146668 0.999999 4.48765e-05 0.000967439 0.00697935 -5.5112e-05 0.999976 6.20656
0.999973 -0.00181166 -0.00718451 -0.0403379 0.00181474 0.999998 0.000421536 0.00146592 0.00718373 -0.000434563 0.999974 6.23411
0.99997 -0.00152143 -0.0075777 -0.0403927 0.00152897 0.999998 0.000990136 0.00254701 0.00757618 -0.00100169 0.999971 6.26382
0.999973 -0.00242139 -0.00694027 -0.0410881 0.00242575 0.999997 0.000619037 0.0021561 0.00693875 -0.000635855 0.999976 6.28921
0.999974 -0.00262451 -0.00669504 -0.0415775 0.00262441 0.999997 -2.42392e-05 0.00227274 0.00669508 6.66803e-06 0.999978 6.33364
0.99997 -0.00267622 -0.00722706 -0.0423982 0.00267682 0.999996 7.36172e-05 0.00252033 0.00722684 -9.29606e-05 0.999974 6.36521
0.999971 -0.00276408 -0.00713062 -0.0425288 0.00276553 0.999996 0.000193057 0.00233293 0.00713005 -0.000212771 0.999975 6.39743
0.999964 -0.0032094 -0.00787873 -0.0442329 0.00320066 0.999994 -0.00112127 -2.92246e-05 0.00788228 0.00109601 0.999968 6.42612
0.999977 -0.00221077 -0.00644462 -0.0437587 0.00221563 0.999997 0.000746459 0.00360912 0.00644295 -0.000760721 0.999979 6.45848
0.999979 -0.00221183 -0.00616287 -0.0443538 0.0022156 0.999997 0.000604745 0.00424916 0.00616151 -0.000618386 0.999981 6.49009
0.999973 -0.00249475 -0.00693637 -0.0445145 0.00250071 0.999997 0.000851734 0.0044206 0.00693422 -0.000869057 0.999976 6.52704
0.999975 -0.00232525 -0.00672429 -0.0444573 0.00232621 0.999997 0.000135688 0.00290135 0.00672395 -0.000151327 0.999977 6.5545
0.999976 -0.00233883 -0.00658989 -0.0443052 0.00234045 0.999997 0.000237692 0.00365439 0.00658931 -0.000253109 0.999978 6.58532
0.999982 -0.0013623 -0.00587864 -0.0457534 0.00136744 0.999999 0.000870729 0.0036851 0.00587745 -0.000878751 0.999982 6.61318
0.999979 -0.00152747 -0.00634265 -0.0462826 0.00152931 0.999999 0.000285222 0.00356299 0.00634221 -0.000294916 0.99998 6.64846
0.999978 -0.00096233 -0.00650432 -0.0447467 0.000966802 0.999999 0.000684422 0.0042556 0.00650366 -0.000690696 0.999979 6.67285
0.999982 -0.001328 -0.00579938 -0.0457948 0.00133308 0.999999 0.000873002 0.00342628 0.00579821 -0.000880718 0.999983 6.70198
0.999979 -0.00197999 -0.00613361 -0.0462409 0.00198289 0.999998 0.000465742 0.00377562 0.00613267 -0.000477895 0.999981 6.7404
0.999978 -0.00149465 -0.00638745 -0.0467937 0.00150039 0.999998 0.000893556 0.00567429 0.00638611 -0.00090312 0.999979 6.77355
0.99998 -0.00103221 -0.00627835 -0.0463107 0.00103828 0.999999 0.000962737 0.00574042 0.00627735 -0.000969236 0.99998 6.80606
0.999978 -0.00151417 -0.00639848 -0.0468347 0.00151888 0.999999 0.000730585 0.00612836 0.00639736 -0.000740288 0.999979 6.83352
0.999977 -0.001394 -0.00665729 -0.0473447 0.00140107 0.999998 0.00105892 0.00572389 0.00665581 -0.00106823 0.999977 6.86476
0.999977 -0.00116019 -0.0067309 -0.0468727 0.00116649 0.999999 0.000931754 0.0050768 0.00672982 -0.000939583 0.999977 6.89805
0.999976 -0.00161322 -0.00675222 -0.048888 0.00162255 0.999998 0.00137675 0.00624533 0.00674998 -0.00138767 0.999976 6.92419
0.999977 -0.000947895 -0.00665467 -0.0487551 0.000955131 0.999999 0.00108419 0.00607435 0.00665363 -0.00109052 0.999977 6.95931
0.999977 -0.00145496 -0.00662636 -0.0494996 0.00146181 0.999998 0.00102944 0.00600843 0.00662486 -0.0010391 0.999978 6.98763
0.999975 -0.00142497 -0.00688948 -0.0496159 0.00143683 0.999997 0.00171691 0.00624716 0.00688702 -0.00172677 0.999975 7.02416
0.999975 -0.00139856 -0.00694602 -0.0498725 0.00140758 0.999998 0.00129382 0.00666706 0.0069442 -0.00130356 0.999975 7.048
0.999972 -0.00211989 -0.00718479 -0.0507888 0.00212648 0.999997 0.000909135 0.00746625 0.00718285 -0.000924388 0.999974 7.07959
0.99997 -0.00145406 -0.00757211 -0.0512399 0.00145856 0.999999 0.000589079 0.0080664 0.00757125 -0.000600106 0.999971 7.11179
0.999968 -0.00311828 -0.00740733 -0.0515596 0.00312328 0.999995 0.000664297 0.00674542 0.00740522 -0.00068741 0.999972 7.14747
0.999972 -0.00221379 -0.00720711 -0.0513923 0.0022213 0.999997 0.00103439 0.0068936 0.0072048 -0.00105037 0.999973 7.18225
0.999959 -0.00425958 -0.00796897 -0.0534005 0.00426864 0.99999 0.00112073 0.00746305 0.00796412 -0.0011547 0.999968 7.21925
0.999972 -0.00210637 -0.00719978 -0.0525722 0.00211121 0.999998 0.000664385 0.00734172 0.00719836 -0.000679566 0.999974 7.26442
0.999968 -0.00288669 -0.00741517 -0.0530141 0.00288956 0.999996 0.000376189 0.00722735 0.00741405 -0.000397603 0.999972 7.29598
0.999971 -0.00269219 -0.0071611 -0.0536103 0.00269763 0.999996 0.00075083 0.00692389 0.00715905 -0.000770126 0.999974 7.34095
0.999968 -0.00249614 -0.00760063 -0.0541757 0.00250211 0.999997 0.000775154 0.00777932 0.00759867 -0.000794147 0.999971 7.37237
0.999971 -0.00244088 -0.00723798 -0.0548041 0.00244375 0.999997 0.000387782 0.00789565 0.00723701 -0.000405458 0.999974 7.39401
0.999974 -0.00131682 -0.00714942 -0.0534288 0.00131992 0.999999 0.000429925 0.00710046 0.00714885 -0.00043935 0.999974 7.41453
0.999972 -0.000786045 -0.0074018 -0.0538886 0.000790263 1 0.000567027 0.0075865 0.00740136 -0.00057286 0.999972 7.42723
0.999973 -0.00112145 -0.00728339 -0.052947 0.00112683 0.999999 0.00073336 0.00735274 0.00728256 -0.000741547 0.999973 7.43467
0.999966 -0.00138187 -0.00813987 -0.0536431 0.00138391 0.999999 0.000244983 0.00693653 0.00813952 -0.000256239 0.999967 7.44264
0.999616 -0.000605535 -0.027702 -0.0565172 0.000618684 1 0.000466087 0.00733193 0.0277017 -0.000483047 0.999616 7.44462
0.998307 -0.00158926 -0.0581366 -0.0608182 0.00162743 0.999998 0.000609265 0.0077513 0.0581355 -0.000702847 0.998308 7.44544
