1 -0 0 -0 -0 1 -0 0 0 -0 1 0
1 3.5681e-06 -1.32435e-05 2.798e-05 -3.56832e-06 1 -1.64461e-05 -7.83338e-06 1.32434e-05 1.64462e-05 1 5.88131e-07
1 1.70586e-05 -1.11963e-05 -1.13725e-05 -1.70591e-05 1 -4.72643e-05 2.1207e-05 1.11955e-05 4.72645e-05 1 -3.24225e-05
1 -1.85977e-05 1.38466e-06 1.60117e-05 1.85978e-05 1 -2.50685e-05 1.10983e-05 -1.3842e-06 2.50685e-05 1 -2.94837e-05
1 -1.9467e-05 -1.4195e-05 1.14928e-05 1.9467e-05 1 -1.5893e-06 1.75928e-05 1.41951e-05 1.58902e-06 1 -3.89104e-06
1 1.92497e-05 -3.54249e-06 1.41205e-05 -1.92498e-05 1 -9.61527e-06 -4.55004e-06 3.54231e-06 9.61533e-06 1 6.15586e-06
1 -5.66413e-05 2.62399e-05 5.19843e-05 5.66413e-05 1 -2.32661e-06 1.10567e-05 -2.62398e-05 2.3281e-06 1 4.9529e-05
1 4.30815e-05 -8.88177e-06 2.12358e-05 -4.30818e-05 1 -2.76825e-05 1.10322e-05 8.88058e-06 2.76829e-05 1 1.07763e-05
1 -1.18752e-05 2.90692e-06 1.16289e-05 1.18752e-05 1 3.6858e-06 1.21727e-05 -2.90696e-06 -3.68576e-06 1 -4.8866e-06
1 -1.0063e-08 1.85875e-05 5.25534e-05 1.05685e-08 1 -2.71929e-05 4.37901e-05 -1.85875e-05 2.71929e-05 1 7.17964e-05
1 -1.02597e-05 2.589e-05 5.5075e-05 1.02595e-05 1 6.54488e-06 3.94114e-06 -2.589e-05 -6.54461e-06 1 6.50483e-05
1 3.45838e-06 -1.3264e-05 2.80281e-05 -3.4586e-06 1 -1.66529e-05 -7.94816e-06 1.32639e-05 1.66529e-05 1 4.68215e-07
1 3.46075e-06 -1.32638e-05 2.80272e-05 -3.46097e-06 1 -1.66525e-05 -7.9474e-06 1.32637e-05 1.66525e-05 1 4.68581e-07
1 -4.257e-05 1.68976e-05 4.24041e-05 4.25704e-05 1 -2.29404e-05 4.85585e-05 -1.68966e-05 2.29411e-05 1 5.76326e-05
1 3.91941e-05 -2.36347e-05 -1.26933e-05 -3.91948e-05 1 -2.62649e-05 2.1024e-05 2.36337e-05 2.62658e-05 1 -1.75521e-05
1 -9.43889e-05 0.000272988 3.1636e-07 9.42097e-05 1 0.000656491 -0.000105581 -0.000273049 -0.000656465 1 0.00529138
1 8.84651e-05 0.000159732 -0.000482281 -8.85987e-05 1 0.000836474 -1.37149e-06 -0.000159658 -0.000836489 1 0.0198156
1 0.000400752 0.000134361 -0.000538866 -0.000400906 0.999999 0.00114672 4.62511e-05 -0.000133901 -0.00114677 0.999999 0.0415803
1 0.000118206 2.91192e-05 -0.000518318 -0.000118239 0.999999 0.0011343 0.000125291 -2.89851e-05 -0.0011343 0.999999 0.0680321
1 0.000793857 -0.000227153 -0.0012879 -0.000793635 0.999999 0.000975909 0.000156639 0.000227928 -0.000975728 0.999999 0.0978227
1 0.000881337 -0.000389147 -0.000384463 -0.000881714 0.999999 -0.000968842 0.00127216 0.000388293 0.000969185 0.999999 0.125714
0.999999 0.00101704 -0.000164675 -0.000853439 -0.0010172 0.999999 -0.000931923 0.00150558 0.000163727 0.00093209 1 0.146329
1 0.000836015 -0.000290951 -0.000897165 -0.000836329 0.999999 -0.00108001 0.00113457 0.000290048 0.00108025 0.999999 0.160756
1 0.000798882 -0.000170787 -0.000400132 -0.000799104 0.999999 -0.00130405 0.00139015 0.000169745 0.00130418 0.999999 0.176341
0.999999 0.000941301 -0.000383905 -0.000772921 -0.000941818 0.999999 -0.00134985 0.00155636 0.000382634 0.00135021 0.999999 0.19868
0.999996 0.00265758 -0.000198637 -0.0011541 -0.00265789 0.999995 -0.00157982 0.000882743 0.000194437 0.00158034 0.999999 0.226807
0.999996 0.00279409 -0.000506223 -0.00168463 -0.00279493 0.999995 -0.00166996 0.000703079 0.000501554 0.00167137 0.999998 0.257498
0.999997 0.00248562 -0.000227717 -0.00147554 -0.00248598 0.999996 -0.00155699 0.000601938 0.000223845 0.00155755 0.999999 0.290559
0.999997 0.00244683 -0.000599915 -0.00219028 -0.00244787 0.999995 -0.00174743 0.000737615 0.000595636 0.0017489 0.999998 0.321764
0.999997 0.00255472 -0.000483542 -0.00235034 -0.00255555 0.999995 -0.00171969 0.000501763 0.000479147 0.00172092 0.999998 0.343349
0.999997 0.00251718 -0.000299246 -0.00183832 -0.00251748 0.999996 -0.000989404 0.000428239 0.000296754 0.000990154 0.999999 0.361259
0.999997 0.00253982 -0.00031048 -0.00192204 -0.00254013 0.999996 -0.000986845 0.000111673 0.000307972 0.00098763 0.999999 0.372444
0.999997 0.00250242 -0.000228122 -0.00208467 -0.00250268 0.999996 -0.00114708 0.000115706 0.00022525 0.00114765 0.999999 0.380966
0.999998 0.00219547 -3.28718e-05 -0.00183249 -0.0021955 0.999997 -0.00108436 0.000107619 3.0491e-05 0.00108443 0.999999 0.386849
0.999997 0.00243105 -9.52097e-05 -0.00191977 -0.00243114 0.999997 -0.000894348 0.000222378 9.30352e-05 0.000894577 1 0.390855
0.999995 0.00330801 0.000227667 -0.00280075 -0.00330753 0.999992 -0.00207821 0.000784703 -0.00023454 0.00207745 0.999998 0.394265
0.999994 0.00333069 0.000643014 -0.00199116 -0.00332937 0.999992 -0.00203083 0.000855457 -0.000649774 0.00202867 0.999998 0.396
0.999994 0.00345122 0.0002376 -0.00272236 -0.00345071 0.999992 -0.00210921 0.000557811 -0.000244878 0.00210838 0.999998 0.397903
0.999994 0.00346364 0.00022044 -0.00271435 -0.00346317 0.999992 -0.00207574 0.000574295 -0.000227628 0.00207496 0.999998 0.399362
0.999993 0.00376808 0.000211421 -0.00272332 -0.00376764 0.999991 -0.00203359 0.000588506 -0.000219082 0.00203278 0.999998 0.399946
0.999994 0.00332194 0.000411154 -0.00283053 -0.00332104 0.999992 -0.00216193 0.000589952 -0.000418332 0.00216055 0.999998 0.400933
0.999995 0.00321265 0.000373421 -0.00287476 -0.00321186 0.999993 -0.00210184 0.000669222 -0.000380171 0.00210063 0.999998 0.401127
0.999995 0.00317584 0.000473482 -0.00261749 -0.00317485 0.999993 -0.00206382 0.000619343 -0.000480033 0.00206231 0.999998 0.401441
0.999994 0.00330951 0.00027896 -0.00287933 -0.00330894 0.999992 -0.00201311 0.000698108 -0.00028562 0.00201218 0.999998 0.401846
0.999994 0.00336367 0.000390844 -0.00283947 -0.00336286 0.999992 -0.00206057 0.000655337 -0.000397772 0.00205924 0.999998 0.401855
0.999994 0.00343723 0.00030412 -0.00281585 -0.00343658 0.999992 -0.00212579 0.000675254 -0.000311424 0.00212473 0.999998 0.402024
0.999996 0.00297163 0.000235336 -0.00265936 -0.00297111 0.999993 -0.00214523 0.000603235 -0.00024171 0.00214453 0.999998 0.401831
0.999996 0.0029488 0.000240914 -0.00254917 -0.00294826 0.999993 -0.00222465 0.000485647 -0.000247473 0.00222393 0.999997 0.401847
0.999995 0.00299992 0.000250397 -0.00253279 -0.00299937 0.999993 -0.00215415 0.000356126 -0.000256857 0.00215339 0.999998 0.402011
0.999995 0.00308034 0.000263755 -0.00260934 -0.00307976 0.999993 -0.00219732 0.00036287 -0.000270522 0.00219649 0.999998 0.402017
0.999995 0.00317956 0.000199755 -0.00266969 -0.00317912 0.999993 -0.00215039 0.000350286 -0.000206591 0.00214974 0.999998 0.402168
0.999995 0.00313703 0.000185357 -0.00267305 -0.00313663 0.999993 -0.00213484 0.000349421 -0.000192053 0.00213425 0.999998 0.402171
0.999995 0.00315694 0.000139731 -0.00265986 -0.00315664 0.999993 -0.0021347 0.000357967 -0.000146469 0.00213424 0.999998 0.402197
0.999995 0.00319072 0.000145749 -0.00267404 -0.00319041 0.999993 -0.00211402 0.00035452 -0.000152493 0.00211354 0.999998 0.402208
0.999995 0.00318543 0.00017454 -0.00270419 -0.00318506 0.999993 -0.00210716 0.000345835 -0.000181251 0.00210659 0.999998 0.402217
0.999995 0.00316755 0.000144973 -0.00268514 -0.00316723 0.999993 -0.00213142 0.000349908 -0.000151723 0.00213095 0.999998 0.402226
0.999995 0.0031947 0.000134882 -0.00266629 -0.00319441 0.999993 -0.00212402 0.000335991 -0.000141667 0.00212358 0.999998 0.402208
0.999995 0.00319948 0.000139525 -0.00265141 -0.00319917 0.999993 -0.00214316 0.000372032 -0.000146381 0.00214271 0.999998 0.402227
0.999995 0.00318512 0.000198204 -0.00267622 -0.00318469 0.999993 -0.0021277 0.000345643 -0.00020498 0.00212706 0.999998 0.402208
0.999995 0.00318497 0.000212087 -0.0026889 -0.0031845 0.999993 -0.002151 0.0003504 -0.000218937 0.00215032 0.999998 0.402198
0.999995 0.0031125 0.000151686 -0.0026497 -0.00311218 0.999993 -0.00207903 0.000401571 -0.000158156 0.00207855 0.999998 0.40226
0.999995 0.00317733 0.000157749 -0.00266113 -0.00317699 0.999993 -0.00212697 0.000341741 -0.000164506 0.00212646 0.999998 0.402199
0.999995 0.00315436 0.000182983 -0.00267679 -0.00315397 0.999993 -0.00210689 0.000395677 -0.000189628 0.0021063 0.999998 0.402257
0.999995 0.00314254 0.000186114 -0.00267269 -0.00314214 0.999993 -0.00208448 0.000391681 -0.000192663 0.00208388 0.999998 0.402269
0.999995 0.00314672 0.000215483 -0.00267364 -0.00314625 0.999993 -0.00212138 0.000354649 -0.000222157 0.00212069 0.999998 0.402228
0.999995 0.00315721 0.000207347 -0.00268648 -0.00315676 0.999993 -0.0021335 0.000344343 -0.000214081 0.00213283 0.999998 0.402217
0.999995 0.0031784 0.000155836 -0.00267147 -0.00317805 0.999993 -0.00214938 0.000396243 -0.000162666 0.00214887 0.999998 0.402241
0.999995 0.00317943 0.000151366 -0.00268322 -0.0031791 0.999993 -0.0021649 0.000387269 -0.000158248 0.00216441 0.999998 0.402233
0.999995 0.00314544 0.000225116 -0.00267835 -0.00314495 0.999993 -0.00213262 0.00034676 -0.000231823 0.0021319 0.999998 0.402205
0.999995 0.00319106 0.000153848 -0.00268449 -0.00319072 0.999993 -0.00216654 0.000378918 -0.000160761 0.00216604 0.999998 0.402231
0.999995 0.00316713 0.000221365 -0.00268589 -0.00316665 0.999993 -0.00213442 0.000339245 -0.000228123 0.00213371 0.999998 0.402207
0.999995 0.00313188 0.000220577 -0.00266572 -0.00313141 0.999993 -0.00213038 0.000351021 -0.000227248 0.00212968 0.999998 0.402214
0.999995 0.00313188 0.000220577 -0.00266572 -0.00313141 0.999993 -0.00213038 0.000351021 -0.000227248 0.00212968 0.999998 0.402214
0.999995 0.00313188 0.000220577 -0.00266572 -0.00313141 0.999993 -0.00213038 0.000351021 -0.000227248 0.00212968 0.999998 0.402214
0.999995 0.00324689 9.37999e-05 -0.00271923 -0.00324667 0.999992 -0.00219762 0.000328412 -0.000100935 0.0021973 0.999998 0.406857
0.999996 0.00282191 0.000295543 -0.00273352 -0.00282126 0.999994 -0.00216736 0.00035418 -0.000301657 0.00216651 0.999998 0.421535
0.999995 0.00312793 0.000321973 -0.00315832 -0.00312716 0.999992 -0.00236379 0.000685993 -0.000329365 0.00236277 0.999997 0.442977
0.999995 0.00301059 0.000413036 -0.00306245 -0.00300971 0.999993 -0.00211169 0.000807291 -0.00041939 0.00211044 0.999998 0.469795
0.999995 0.00301935 9.13609e-05 -0.00328294 -0.00301912 0.999993 -0.00242041 0.000600876 -9.86683e-05 0.00242012 0.999997 0.500121
0.999995 0.00307682 0.000175695 -0.00320381 -0.00307641 0.999993 -0.00233476 0.0005704 -0.000182877 0.00233421 0.999997 0.528198
0.999994 0.00331976 0.000133891 -0.00374538 -0.00331945 0.999992 -0.00224579 0.000709698 -0.000141345 0.00224534 0.999997 0.550183
0.999997 0.00256398 0.000567186 -0.00239529 -0.00256238 0.999993 -0.00279649 0.000779326 -0.000574352 0.00279503 0.999996 0.566641
0.999996 0.0026625 0.000579749 -0.00241479 -0.0026609 0.999993 -0.00275276 0.000817855 -0.000587074 0.0027512 0.999996 0.59083
0.999996 0.00275202 0.000685512 -0.00215534 -0.00274999 0.999992 -0.00295074 0.000651201 -0.000693627 0.00294884 0.999995 0.619676
0.999996 0.00261013 0.000749327 -0.0026318 -0.00260787 0.999992 -0.00300121 0.000161681 -0.000757154 0.00299924 0.999995 0.652203
0.999996 0.00273525 0.000529224 -0.00372672 -0.00273376 0.999992 -0.00279416 0.000482027 -0.000536863 0.00279271 0.999996 0.681406
0.999994 0.003233 0.000879079 -0.00334078 -0.00323029 0.99999 -0.00306765 0.000680023 -0.000888988 0.00306479 0.999995 0.704177
0.999993 0.00361544 0.000864241 -0.00312043 -0.00361298 0.999989 -0.00283453 0.000816841 -0.00087448 0.00283139 0.999996 0.724196
0.999994 0.00347261 0.000679984 -0.00326261 -0.00347049 0.999989 -0.00309495 0.000317111 -0.000690724 0.00309257 0.999995 0.749574
0.999994 0.00348295 0.000829034 -0.00392747 -0.00348046 0.999989 -0.00299538 0.000604922 -0.000839458 0.00299247 0.999995 0.780354
0.999994 0.00329199 0.000894934 -0.00361535 -0.00328926 0.99999 -0.00302539 0.000158649 -0.000904884 0.00302243 0.999995 0.812232
0.999995 0.00297229 0.00108959 -0.00166648 -0.00296957 0.999993 -0.00248611 -0.00065126 -0.00109697 0.00248287 0.999996 0.84321
0.999994 0.00333787 0.00103589 -0.001907 -0.00333546 0.999992 -0.00232057 -0.000799311 -0.00104362 0.0023171 0.999997 0.864515
0.999994 0.00325848 0.000840956 -0.00166417 -0.00325635 0.999992 -0.00251883 -0.000943392 -0.000849156 0.00251608 0.999996 0.880365
0.999994 0.00333789 0.000745001 -0.00183454 -0.003336 0.999991 -0.00251705 -0.000942863 -0.000753396 0.00251455 0.999997 0.89612
0.999995 0.00293876 0.000894256 -0.00135232 -0.00293652 0.999993 -0.00249521 -0.000745632 -0.000901582 0.00249258 0.999996 0.919124
0.999991 0.00409369 0.00110941 -0.00263511 -0.00409068 0.999988 -0.00270051 -0.000610682 -0.00112045 0.00269594 0.999996 0.947115
0.999992 0.00389235 0.00126497 -0.00234703 -0.00388883 0.999989 -0.00277368 -0.000698153 -0.00127575 0.00276874 0.999995 0.978066
0.999991 0.00416893 0.00122509 -0.00208786 -0.00416535 0.999987 -0.00291188 -0.000370164 -0.00123721 0.00290675 0.999995 1.0116
0.999991 0.004048 0.00129493 -0.00252697 -0.00404457 0.999988 -0.00264234 -0.000324751 -0.00130562 0.00263708 0.999996 1.04255
0.999994 0.00329355 0.00106174 -0.0017574 -0.00329072 0.999991 -0.00265738 -0.000401889 -0.00107048 0.00265387 0.999996 1.06912
0.999992 0.00369815 0.00140325 -0.00278726 -0.00369304 0.999987 -0.00363058 -0.00165306 -0.00141666 0.00362537 0.999992 1.10019
0.999992 0.00367734 0.00146506 -0.00318213 -0.00367177 0.999986 -0.00379285 -0.00152044 -0.00147898 0.00378744 0.999992 1.13317
0.999992 0.00368401 0.00151491 -0.00270611 -0.00367865 0.999987 -0.00352566 -0.00170919 -0.00152788 0.00352006 0.999993 1.16832
0.999993 0.00355333 0.00146832 -0.00353976 -0.00354814 0.999988 -0.00351863 -0.00185895 -0.00148081 0.0035134 0.999993 1.19996
0.999993 0.00355848 0.00131785 -0.00349582 -0.00355355 0.999987 -0.00372669 -0.00203113 -0.0013311 0.00372198 0.999992 1.22321
0.999995 0.00315546 0.000988449 -0.00102844 -0.00315123 0.999986 -0.0042506 -0.000640956 -0.00100185 0.00424747 0.99999 1.24519
0.999996 0.00264688 0.00130902 -0.000758463 -0.00264165 0.999989 -0.00397704 -0.000572536 -0.00131953 0.00397357 0.999991 1.27219
0.999993 0.00352633 0.00110057 -0.00104276 -0.00352152 0.999984 -0.00434222 -0.00181309 -0.00111587 0.00433832 0.99999 1.30094
0.999994 0.00332209 0.00108947 -0.00120229 -0.00331718 0.999984 -0.00448138 -0.00153029 -0.00110434 0.00447774 0.999989 1.33441
0.999994 0.00325954 0.000896018 -0.00185882 -0.00325526 0.999983 -0.00473835 -0.00208874 -0.000911448 0.00473541 0.999988 1.36506
0.999993 0.00319228 0.00182489 -0.00294943 -0.00318464 0.999986 -0.00417173 -0.0015371 -0.00183818 0.00416589 0.99999 1.38814
0.999994 0.00302804 0.001799 -0.00291823 -0.00302035 0.999986 -0.00425857 -0.00154637 -0.00181187 0.00425311 0.999989 1.40853
0.999994 0.00316222 0.00129972 -0.00272054 -0.00315655 0.999986 -0.00433885 -0.00167952 -0.00131342 0.00433472 0.99999 1.43422
0.999996 0.00254977 0.000957254 -0.0026348 -0.00254576 0.999988 -0.00417409 -0.00237663 -0.000967885 0.00417164 0.999991 1.46363
0.999996 0.00276805 0.000831789 -0.00304232 -0.0027644 0.999987 -0.00435764 -0.00259215 -0.00084384 0.00435532 0.99999 1.49724
0.999994 0.00317257 0.00141007 -0.00188291 -0.00316672 0.999986 -0.00413133 -0.00283379 -0.00142316 0.00412684 0.99999 1.52572
0.999995 0.00299846 0.0013009 -0.00184343 -0.00299354 0.999988 -0.00377139 -0.00288432 -0.0013122 0.00376748 0.999992 1.54734
0.999996 0.00267894 0.00113327 -0.00180152 -0.0026742 0.999988 -0.00416421 -0.00315449 -0.00114441 0.00416116 0.999991 1.56754
0.999995 0.00302648 0.00119228 -0.0019511 -0.00302144 0.999987 -0.00421183 -0.00327722 -0.00120501 0.00420821 0.99999 1.59271
0.999996 0.00263144 0.00136016 -0.00160999 -0.00262556 0.999987 -0.00430273 -0.00354945 -0.00137146 0.00429914 0.99999 1.62304
0.999993 0.00355366 0.00115981 -0.00175085 -0.00354993 0.999989 -0.00319805 -0.005023 -0.00117116 0.00319391 0.999994 1.65594
0.999992 0.00373232 0.00104202 -0.00195117 -0.0037288 0.999987 -0.00336041 -0.00505769 -0.00105455 0.0033565 0.999994 1.68464
0.999994 0.00308344 0.00130597 -0.00164094 -0.003079 0.99999 -0.00339181 -0.0053821 -0.00131641 0.00338777 0.999993 1.70651
0.999994 0.00337845 0.00120666 -0.00178872 -0.0033746 0.999989 -0.00318143 -0.0051639 -0.0012174 0.00317734 0.999994 1.72239
0.999992 0.00360789 0.00159337 -0.00151773 -0.00360272 0.999988 -0.00323897 -0.00550319 -0.00160504 0.0032332 0.999993 1.73827
0.999993 0.00356137 0.00141977 -0.00241765 -0.00355732 0.99999 -0.00284161 -0.00590586 -0.00142988 0.00283654 0.999995 1.76061
0.999992 0.00380929 0.0015336 -0.00265087 -0.00380503 0.999989 -0.00277036 -0.00585818 -0.00154413 0.0027645 0.999995 1.78836
0.999992 0.00372746 0.00111925 -0.0028261 -0.00372443 0.999989 -0.00270343 -0.00590891 -0.00112932 0.00269924 0.999996 1.81924
0.999993 0.00358127 0.00146647 -0.00236618 -0.00357726 0.99999 -0.00272863 -0.00622479 -0.00147623 0.00272336 0.999995 1.84765
0.999992 0.00374308 0.00111279 -0.00264929 -0.00374041 0.99999 -0.00239974 -0.00588744 -0.00112176 0.00239555 0.999997 1.86863
0.999995 0.00290019 0.00125508 -0.00209944 -0.00289507 0.999988 -0.00406719 -0.00549204 -0.00126686 0.00406354 0.999991 1.88775
0.999996 0.00268652 0.00131987 -0.00206778 -0.00268148 0.999989 -0.00380608 -0.00535849 -0.00133008 0.00380252 0.999992 1.91303
0.999994 0.00321549 0.00128782 -0.00231877 -0.00321007 0.999986 -0.00418714 -0.00530911 -0.00130126 0.00418298 0.99999 1.94208
0.999995 0.00293342 0.00112155 -0.00232713 -0.0029287 0.999987 -0.00418625 -0.00590964 -0.00113381 0.00418295 0.999991 1.97438
0.999995 0.00269312 0.00137746 -0.00251564 -0.00268736 0.999988 -0.00416639 -0.00609995 -0.00138866 0.00416267 0.99999 2.00944
0.999993 0.00307635 0.00199919 -0.0034597 -0.00306723 0.999985 -0.00454465 -0.00697807 -0.00201315 0.00453848 0.999988 2.03977
0.999991 0.00352798 0.00217953 -0.00366004 -0.00351828 0.999984 -0.0044361 -0.00694052 -0.00219515 0.00442839 0.999988 2.06729
0.999994 0.00282511 0.00186252 -0.00368597 -0.00281611 0.999984 -0.00481486 -0.00764402 -0.00187609 0.00480958 0.999987 2.09811
0.999994 0.00285096 0.00202017 -0.00378459 -0.00284167 0.999985 -0.00458632 -0.00746624 -0.00203321 0.00458055 0.999987 2.12997
0.999995 0.00260261 0.00195113 -0.00336824 -0.00259319 0.999985 -0.00481581 -0.0081472 -0.00196364 0.00481072 0.999987 2.16494
0.999988 0.00428006 0.00247025 -0.0036214 -0.00426719 0.999977 -0.00519187 -0.00763781 -0.00249241 0.00518127 0.999983 2.20149
0.999987 0.00442203 0.00252501 -0.00405102 -0.00440944 0.999978 -0.00496957 -0.00763505 -0.00254693 0.00495837 0.999984 2.23946
0.999987 0.00452674 0.00252531 -0.00374375 -0.00451327 0.999976 -0.00531387 -0.00793106 -0.0025493 0.0053024 0.999983 2.27645
0.999988 0.0042173 0.0025869 -0.00407208 -0.00420398 0.999978 -0.00513626 -0.00813337 -0.00260851 0.00512532 0.999983 2.31517
0.999989 0.0040182 0.00228047 -0.00280783 -0.00400645 0.999979 -0.00513243 -0.00892593 -0.00230104 0.00512324 0.999984 2.35487
0.999989 0.00415597 0.00220297 -0.0029043 -0.00414431 0.999978 -0.00527117 -0.008892 -0.00222483 0.00526199 0.999984 2.39407
0.999991 0.00376877 0.00208624 -0.0034209 -0.0037577 0.999979 -0.00528291 -0.00924613 -0.00210611 0.00527502 0.999984 2.42929
0.999989 0.00396987 0.00242563 -0.0027557 -0.00395655 0.999977 -0.00547091 -0.00980943 -0.00244729 0.00546125 0.999982 2.45401
0.999988 0.00450738 0.0020123 -0.00292228 -0.00449647 0.999975 -0.00539263 -0.00996843 -0.00203656 0.00538351 0.999983 2.47647
0.999992 0.00320912 0.00247525 -0.00317089 -0.00319718 0.999983 -0.00481215 -0.0102945 -0.00249065 0.0048042 0.999985 2.50463
0.999992 0.00328356 0.00244042 -0.00317819 -0.00327218 0.999984 -0.00465006 -0.0103155 -0.00245565 0.00464203 0.999986 2.53585
0.999991 0.00343755 0.00256617 -0.00323522 -0.0034249 0.999982 -0.00491962 -0.0107548 -0.00258304 0.00491078 0.999985 2.56935
0.999991 0.00333978 0.00258264 -0.00385527 -0.00332749 0.999983 -0.00474898 -0.0108842 -0.00259846 0.00474035 0.999985 2.60395
0.999992 0.00336193 0.00230702 -0.00351708 -0.00334986 0.999981 -0.00521502 -0.0107515 -0.00232451 0.00520724 0.999984 2.6355
0.99999 0.00388849 0.0023278 -0.0024692 -0.00387628 0.999979 -0.00522786 -0.0114833 -0.00234808 0.00521878 0.999984 2.65775
0.999991 0.00347285 0.0022993 -0.00251574 -0.00346066 0.99998 -0.00528718 -0.0113112 -0.00231762 0.00527917 0.999983 2.679
0.99999 0.00365763 0.00261675 -0.00262814 -0.00364375 0.999979 -0.00529309 -0.0115465 -0.00263606 0.0052835 0.999983 2.70586
0.99999 0.00382132 0.00238263 -0.00273293 -0.00380884 0.999979 -0.00522319 -0.0115985 -0.00240254 0.00521406 0.999984 2.73671
0.99999 0.00387221 0.00233305 -0.00274967 -0.00385899 0.999977 -0.00564541 -0.0119229 -0.00235485 0.00563635 0.999981 2.76946
0.999986 0.00459536 0.00279051 -0.00200327 -0.00458203 0.999978 -0.00476264 -0.012224 -0.00281233 0.00474979 0.999985 2.80284
0.999985 0.00472781 0.00292453 -0.00194031 -0.00471332 0.999977 -0.00494157 -0.0123031 -0.00294783 0.0049277 0.999984 2.8346
0.999983 0.00498867 0.00303248 -0.0021222 -0.0049747 0.999977 -0.0045967 -0.0124299 -0.00305534 0.00458153 0.999985 2.85722
0.999983 0.00516287 0.00270369 -0.00222912 -0.00515049 0.999976 -0.00456428 -0.0124258 -0.00272719 0.00455027 0.999986 2.87845
0.999984 0.00494819 0.00285022 -0.00230884 -0.004935 0.999977 -0.00461879 -0.0123903 -0.00287301 0.00460465 0.999985 2.90487
0.999988 0.00402019 0.00276462 -0.00226017 -0.00400411 0.999975 -0.00579687 -0.0120808 -0.00278785 0.00578574 0.999979 2.93537
0.999988 0.00413558 0.00250105 -0.00240831 -0.00412173 0.999976 -0.00551496 -0.0121541 -0.0025238 0.00550458 0.999982 2.96784
0.999988 0.00419677 0.00255734 -0.00214114 -0.00418202 0.999975 -0.00574407 -0.012219 -0.00258138 0.00573331 0.99998 3.00308
0.999987 0.00424123 0.00289269 -0.00224023 -0.00422421 0.999974 -0.00586177 -0.0125288 -0.00291747 0.00584947 0.999979 3.03364
0.999988 0.00400789 0.00267367 -0.00195804 -0.00399234 0.999975 -0.00579599 -0.0126568 -0.00269683 0.00578525 0.99998 3.05618
0.999986 0.00437728 0.00287575 -0.00178507 -0.00436212 0.999977 -0.00525746 -0.0131375 -0.0028987 0.00524485 0.999982 3.07377
0.999986 0.00451787 0.00287474 -0.00167943 -0.00450289 0.999976 -0.00519829 -0.0132113 -0.00289815 0.00518528 0.999982 3.0855
0.999989 0.00392362 0.00270377 -0.00146515 -0.00390958 0.999979 -0.00517659 -0.0131421 -0.00272402 0.00516596 0.999983 3.09388
0.999987 0.00459444 0.00234824 -0.00125813 -0.00458202 0.999976 -0.00527037 -0.0133617 -0.0023724 0.00525954 0.999983 3.10021
0.999988 0.00421561 0.00250973 -0.00117798 -0.00420193 0.999976 -0.00542813 -0.0133696 -0.00253255 0.00541752 0.999982 3.10484
0.999954 0.00523494 -0.00797565 -0.00362025 -0.00527763 0.999972 -0.00534108 -0.0132268 0.00794746 0.00538293 0.999954 3.1073
0.999269 0.00463449 -0.0379421 -0.00792925 -0.00484157 0.999974 -0.00536772 -0.0130246 0.0379162 0.00554749 0.999266 3.10762
0.996969 0.00488176 -0.0776402 -0.0138172 -0.00532171 0.999971 -0.00546062 -0.0132544 0.0776113 0.00585725 0.996966 3.10581
0.992497 0.00468584 -0.122182 -0.0201877 -0.00536816 0.999972 -0.00525586 -0.013408 0.122154 0.00587232 0.992494 3.10366
0.987337 0.00487135 -0.158563 -0.0254886 -0.0057682 0.99997 -0.00519641 -0.0133541 0.158533 0.00604523 0.987335 3.10175
0.984497 0.0040793 -0.175352 -0.0278084 -0.00500274 0.999976 -0.00482449 -0.0134579 0.175328 0.00562694 0.984494 3.10073
0.982708 0.00391463 -0.185122 -0.0289105 -0.0049216 0.999975 -0.00498026 -0.013462 0.185098 0.00580524 0.982703 3.10005
0.981731 0.00420687 -0.19023 -0.0298017 -0.00520861 0.999975 -0.00476629 -0.0134917 0.190205 0.00567005 0.981728 3.10026
0.981242 0.00399291 -0.192738 -0.0308029 -0.00499174 0.999977 -0.00469701 -0.0136304 0.192715 0.00557101 0.981239 3.10496
0.980942 0.00404998 -0.194261 -0.0338854 -0.00506464 0.999976 -0.00472679 -0.0136894 0.194237 0.00562056 0.980938 3.11924
0.980825 0.00403247 -0.194849 -0.0380147 -0.00502549 0.999977 -0.00460227 -0.0135154 0.194825 0.00549323 0.980823 3.14052
0.9807 0.00403231 -0.195476 -0.0433707 -0.00504348 0.999976 -0.0046754 -0.0137847 0.195452 0.00557104 0.980697 3.16658
0.98073 0.0037669 -0.19533 -0.0481418 -0.00479395 0.999977 -0.00478556 -0.0137345 0.195307 0.00562974 0.980726 3.19185
0.97856 0.00378436 -0.205927 -0.0530768 -0.00484287 0.999978 -0.00463642 -0.0139969 0.205905 0.00553429 0.978556 3.20939
0.972051 0.00395489 -0.234738 -0.059693 -0.00517616 0.999976 -0.00458681 -0.013913 0.234714 0.00567365 0.972048 3.2198
0.961937 0.00450762 -0.273234 -0.0671334 -0.00596656 0.999972 -0.00450883 -0.0139708 0.273206 0.00596748 0.961937 3.22569
0.948866 0.00448473 -0.315646 -0.0741217 -0.00606934 0.999973 -0.00403735 -0.0139194 0.315619 0.00574667 0.948868 3.22814
0.936687 0.00452635 -0.350138 -0.0794959 -0.00620628 0.999974 -0.00367602 -0.0141511 0.350112 0.00561633 0.936691 3.22912
0.929886 0.00414671 -0.367824 -0.0821184 -0.00596487 0.999975 -0.00380628 -0.0140998 0.367799 0.00573343 0.929888 3.23041
0.922137 0.00434102 -0.386838 -0.0853551 -0.00613981 0.999975 -0.00341445 -0.0140358 0.386814 0.00552371 0.922141 3.23108
0.907906 0.00400255 -0.419155 -0.0895511 -0.00609326 0.999975 -0.00364939 -0.0139744 0.419129 0.00586732 0.907908 3.22872
0.889557 0.00419579 -0.456806 -0.0945212 -0.0062881 0.999976 -0.00306024 -0.0139521 0.456782 0.0055947 0.889561 3.22557
0.867865 0.00372046 -0.496786 -0.0993698 -0.00591815 0.999978 -0.00284987 -0.0140788 0.496765 0.00541336 0.867868 3.22062
0.843092 0.00464761 -0.53775 -0.104426 -0.00704235 0.999972 -0.00239862 -0.0136818 0.537724 0.00580928 0.843101 3.21512
0.821987 0.00375541 -0.569494 -0.107316 -0.00606153 0.999979 -0.00215484 -0.0141365 0.569474 0.00522325 0.821993 3.21061
0.810104 0.00371504 -0.586275 -0.11224 -0.00632151 0.999977 -0.00239839 -0.0139326 0.586253 0.00564909 0.810109 3.21185
0.804176 0.00390135 -0.594379 -0.121397 -0.00666881 0.999975 -0.00245911 -0.0139015 0.594354 0.00594136 0.804181 3.2225
0.800911 0.00373647 -0.598772 -0.134662 -0.00631025 0.999978 -0.00220043 -0.014102 0.59875 0.00554075 0.800917 3.23945
0.799337 0.00396801 -0.60087 -0.150575 -0.0066455 0.999975 -0.0022369 -0.0140895 0.600847 0.00578112 0.799344 3.26097
0.798431 0.00398795 -0.602074 -0.1661 -0.00665215 0.999975 -0.00219811 -0.0140196 0.60205 0.00576012 0.798437 3.28149
0.791106 0.00350039 -0.61167 -0.178636 -0.00641134 0.999976 -0.00256959 -0.0136262 0.611646 0.00595444 0.791109 3.2954
0.77234 0.00319981 -0.635201 -0.18917 -0.00601855 0.999979 -0.00228057 -0.0137389 0.635181 0.00558436 0.772343 3.30235
0.746936 0.00324392 -0.664888 -0.197816 -0.00632058 0.999978 -0.00222177 -0.0138059 0.664866 0.005862 0.74694 3.30423
0.716607 0.00337077 -0.697469 -0.205059 -0.00616864 0.99998 -0.00150514 -0.013623 0.69745 0.00538103 0.716614 3.30302
0.690761 0.00281061 -0.723078 -0.209917 -0.00577108 0.999982 -0.00162621 -0.0136901 0.72306 0.00529626 0.690765 3.30135
0.676596 0.00281264 -0.736349 -0.213536 -0.00580946 0.999982 -0.0015184 -0.0135677 0.736332 0.00530514 0.6766 3.30188
0.669342 0.0030982 -0.742948 -0.219288 -0.00584708 0.999982 -0.00109772 -0.0134979 0.742931 0.00507883 0.669348 3.30587
0.665461 0.00321881 -0.746426 -0.231176 -0.00629973 0.999979 -0.0013042 -0.013423 0.746406 0.00557018 0.665467 3.31602
0.663607 0.00307295 -0.748075 -0.248394 -0.00578579 0.999983 -0.00102476 -0.0136695 0.748059 0.00500824 0.663613 3.3312
0.654684 0.00287523 -0.755897 -0.26932 -0.00556007 0.999984 -0.00101192 -0.0136162 0.755882 0.00486533 0.65469 3.34842
0.631061 0.00285578 -0.775728 -0.294209 -0.00552109 0.999984 -0.000810094 -0.0135486 0.775713 0.00479408 0.631067 3.36497
0.600101 0.0026338 -0.79992 -0.317354 -0.00541423 0.999985 -0.000769229 -0.0133791 0.799906 0.00479257 0.600106 3.37726
0.563771 0.00286867 -0.825926 -0.334948 -0.00577968 0.999983 -0.000471946 -0.01326 0.825911 0.00503966 0.563778 3.38441
0.523722 0.00318546 -0.851883 -0.348309 -0.00576441 0.999983 0.000195395 -0.0135508 0.85187 0.00480827 0.523732 3.38701
0.491245 0.00269895 -0.871017 -0.356913 -0.00536242 0.999986 7.42285e-05 -0.0133445 0.871005 0.0046343 0.491252 3.38808
0.463958 0.0028043 -0.885853 -0.363357 -0.00546967 0.999985 0.000300909 -0.0132964 0.88584 0.00470572 0.463966 3.38825
0.428653 0.00279612 -0.903465 -0.368267 -0.00530565 0.999986 0.000577554 -0.0131485 0.903453 0.0045459 0.428662 3.38565
0.388363 0.0027041 -0.921503 -0.371478 -0.00522774 0.999986 0.000731195 -0.0131061 0.921492 0.00453341 0.388371 3.38098
0.344477 0.00276889 -0.938791 -0.373454 -0.00524395 0.999986 0.00102518 -0.01341 0.93878 0.00456982 0.344486 3.3752
0.308364 0.00299657 -0.951264 -0.375106 -0.00536158 0.999985 0.00141202 -0.0133535 0.951253 0.00466486 0.308376 3.3706
0.289893 0.00313171 -0.957054 -0.376506 -0.0058395 0.999982 0.00150338 -0.0133741 0.957041 0.00515289 0.289907 3.3687
0.280072 0.00315215 -0.959974 -0.381281 -0.00585608 0.999982 0.00157501 -0.0133832 0.959961 0.00518057 0.280085 3.36926
0.275008 0.00319123 -0.961437 -0.395637 -0.00563743 0.999983 0.00170665 -0.0134504 0.961425 0.00495069 0.275021 3.37329
0.272288 0.0029238 -0.962211 -0.416452 -0.00569405 0.999983 0.00142726 -0.0134516 0.962199 0.00509025 0.2723 3.37917
0.271009 0.00311383 -0.962572 -0.44278 -0.00637006 0.999979 0.00144137 -0.0135107 0.962556 0.00574101 0.271023 3.3867
0.259819 0.00283775 -0.965653 -0.47219 -0.00497072 0.999986 0.00160122 -0.0132218 0.965644 0.00438396 0.25983 3.39303
0.231367 0.00289785 -0.972862 -0.498863 -0.00507164 0.999986 0.00177251 -0.0131565 0.972853 0.0045239 0.231378 3.39584
0.191889 0.00260447 -0.981413 -0.517993 -0.0051467 0.999985 0.00164746 -0.0131346 0.981403 0.00473491 0.1919 3.39509
0.148524 0.00269446 -0.988905 -0.530692 -0.00486001 0.999986 0.00199473 -0.0131989 0.988897 0.00450982 0.148535 3.39212
0.112165 0.00258076 -0.993686 -0.539418 -0.00494057 0.999986 0.00203944 -0.0130739 0.993677 0.00468062 0.112176 3.38938
0.0825891 0.00280312 -0.99658 -0.545772 -0.00412413 0.999988 0.00247093 -0.0126478 0.996575 0.00390595 0.0825997 3.38704
0.0431013 0.00272516 -0.999067 -0.549134 -0.00385939 0.999989 0.00256117 -0.0125618 0.999063 0.0037454 0.0431113 3.38253
-0.00127388 0.00271634 -0.999995 -0.55071 -0.00372136 0.999989 0.00272107 -0.0123853 0.999992 0.00372481 -0.00126376 3.37679
-0.0486813 0.00278411 -0.99881 -0.550347 -0.00398135 0.999988 0.00298144 -0.0127776 0.998806 0.00412176 -0.0486696 3.37096
-0.0866114 0.002766 -0.996238 -0.549647 -0.00369227 0.999988 0.00309741 -0.012962 0.996235 0.00394665 -0.0866002 3.36593
-0.10606 0.00230771 -0.994357 -0.554063 -0.00306265 0.999992 0.00264746 -0.0129051 0.994355 0.00332615 -0.106052 3.3635
-0.116157 0.00253208 -0.993228 -0.568568 -0.00331375 0.99999 0.00293686 -0.0130019 0.993225 0.00363244 -0.116148 3.36094
-0.121056 0.00247911 -0.992643 -0.590205 -0.00313261 0.999991 0.00287949 -0.0128162 0.992641 0.00345814 -0.121047 3.35831
-0.124345 0.00266372 -0.992236 -0.617867 -0.00304707 0.999991 0.00306639 -0.0125132 0.992234 0.0034047 -0.124335 3.35457
-0.136091 0.00244219 -0.990693 -0.64248 -0.00297038 0.999991 0.00287315 -0.0127601 0.990692 0.00333375 -0.136083 3.35042
-0.165859 0.00273477 -0.986146 -0.658939 -0.0028112 0.999991 0.00324598 -0.0124131 0.986146 0.00331062 -0.16585 3.34365
-0.204956 0.00260906 -0.978768 -0.668825 -0.00272587 0.999991 0.00323644 -0.0124882 0.978767 0.00333132 -0.204947 3.33673
-0.248941 0.00270342 -0.968515 -0.67438 -0.00219958 0.999992 0.00335664 -0.012374 0.968516 0.00296593 -0.248933 3.32952
-0.29374 0.00259435 -0.955882 -0.676967 -0.00229848 0.999992 0.00342038 -0.0126509 0.955883 0.00320178 -0.293731 3.32257
-0.329684 0.00246021 -0.944088 -0.677625 -0.00239926 0.999991 0.00344374 -0.0127463 0.944088 0.00340046 -0.329676 3.3174
-0.34896 0.00255339 -0.937134 -0.684256 -0.00254486 0.99999 0.00367228 -0.0125762 0.937134 0.00366635 -0.34895 3.3129
-0.358314 0.00266536 -0.933597 -0.699283 -0.00263026 0.999989 0.00386439 -0.0123497 0.933597 0.00384027 -0.358303 3.30662
-0.363378 0.00274957 -0.931638 -0.721405 -0.00228706 0.99999 0.00384335 -0.012674 0.931639 0.0035273 -0.363368 3.29793
-0.375616 0.00226207 -0.926773 -0.745279 -0.00292407 0.999989 0.00362589 -0.0124339 0.926771 0.00407189 -0.375605 3.28686
-0.404497 0.00228531 -0.914536 -0.767808 -0.002705 0.99999 0.00369526 -0.0127398 0.914535 0.00396854 -0.404487 3.2735
-0.440712 0.00266571 -0.897644 -0.779915 -0.00201756 0.99999 0.00396019 -0.0121016 0.897646 0.00355636 -0.440703 3.26241
-0.48067 0.00269908 -0.876897 -0.787511 -0.00187468 0.99999 0.00410556 -0.0120821 0.876899 0.00361732 -0.48066 3.25306
-0.512764 0.00272498 -0.858525 -0.792747 -0.0018675 0.999989 0.00428937 -0.0118657 0.858528 0.00380273 -0.512753 3.24539
-0.537697 0.00241974 -0.843135 -0.795272 -0.00173965 0.999991 0.00397935 -0.012034 0.843136 0.00360644 -0.537688 3.24029
-0.570483 0.00247481 -0.821306 -0.794701 -0.00170418 0.99999 0.00419697 -0.012008 0.821308 0.00379395 -0.570473 3.23493
-0.606344 0.00226104 -0.795199 -0.792145 -0.00176988 0.99999 0.00419288 -0.0122202 0.7952 0.00394973 -0.606334 3.22954
-0.643178 0.00221652 -0.765714 -0.788114 -0.00178452 0.999989 0.00439362 -0.0122202 0.765715 0.00419231 -0.643166 3.22479
-0.672118 0.00212006 -0.740441 -0.784411 -0.00136061 0.999991 0.00409827 -0.0125548 0.740443 0.00376197 -0.672109 3.22141
-0.686265 0.00223505 -0.727348 -0.782773 -0.000930389 0.999992 0.00395069 -0.0125946 0.727351 0.00338794 -0.686258 3.21983
-0.701632 0.00221104 -0.712536 -0.780804 -0.00117422 0.99999 0.00425927 -0.012585 0.712538 0.00382512 -0.701623 3.21808
-0.726217 0.00218126 -0.687462 -0.776438 -0.00163648 0.999987 0.00490161 -0.0123576 0.687463 0.00468465 -0.726204 3.2151
-0.754205 0.00207751 -0.656636 -0.770596 -0.00168936 0.999986 0.0051042 -0.0123686 0.656637 0.00495891 -0.754191 3.21261
-0.783778 0.00220869 -0.621037 -0.764041 -0.00111996 0.999987 0.00496985 -0.0125773 0.62104 0.0045908 -0.783765 3.21002
-0.812334 0.00223079 -0.583189 -0.756416 -0.000660279 0.999989 0.00474484 -0.0126442 0.583193 0.00423946 -0.812323 3.20862
-0.83995 0.0029296 -0.542655 -0.749184 0.000302358 0.999988 0.00493056 -0.0125436 0.542663 0.00397735 -0.839941 3.20662
-0.865754 0.00230555 -0.500464 -0.74178 -0.000560904 0.999984 0.00557706 -0.0125684 0.500469 0.00510907 -0.86574 3.20424
-0.889566 0.00208458 -0.456801 -0.73391 -0.000572467 0.999984 0.00567817 -0.0126111 0.456806 0.00531261 -0.889551 3.20321
-0.911258 0.00250405 -0.411829 -0.725767 0.000164152 0.999984 0.00571699 -0.0126051 0.411836 0.00514205 -0.911243 3.20266
-0.930727 0.00184947 -0.365711 -0.717344 -0.000159116 0.999985 0.00546205 -0.0126686 0.365716 0.00514187 -0.930712 3.20302
-0.944409 0.00213216 -0.328765 -0.711421 0.000332885 0.999985 0.00552902 -0.0128749 0.328772 0.00511222 -0.944396 3.2031
-0.950991 0.00245575 -0.309207 -0.708531 0.00108928 0.999989 0.00459184 -0.0127313 0.309215 0.00402999 -0.950984 3.2034
-0.954208 0.00253832 -0.299132 -0.707082 0.00118957 0.999988 0.00469086 -0.0126663 0.299141 0.00412022 -0.9542 3.20374
-0.955851 0.00265053 -0.29384 -0.706328 0.00138874 0.999989 0.00450269 -0.0128508 0.293849 0.00389584 -0.955844 3.20406
-0.956686 0.00261489 -0.291111 -0.705855 0.00137053 0.999989 0.00447836 -0.0129024 0.291119 0.0038854 -0.956679 3.2042
-0.957178 0.00294774 -0.289486 -0.705887 0.00170284 0.999988 0.00455215 -0.0126799 0.289496 0.00386427 -0.957171 3.20409
-0.960332 0.00261638 -0.278848 -0.703827 0.0012114 0.999986 0.00521072 -0.0128048 0.278858 0.00466622 -0.960321 3.20395
-0.968176 0.00317545 -0.25025 -0.699239 0.00192632 0.999984 0.0052363 -0.0129441 0.250263 0.0045876 -0.968167 3.20427
-0.977387 0.00222999 -0.211446 -0.692283 0.0011661 0.999986 0.00515604 -0.0130002 0.211455 0.00479288 -0.977376 3.20532
-0.985809 0.00297859 -0.167847 -0.686296 0.00220209 0.999986 0.00481221 -0.0131317 0.167859 0.0043743 -0.985801 3.20237
-0.991349 0.00277591 -0.131225 -0.682923 0.00214416 0.999985 0.00495532 -0.0132188 0.131236 0.00463108 -0.99134 3.18896
-0.993532 0.00191212 -0.113538 -0.682572 0.00132426 0.999985 0.00525278 -0.0131823 0.113547 0.00506845 -0.99352 3.16813
-0.994616 0.0024492 -0.103602 -0.684846 0.00193345 0.999985 0.00507827 -0.0129832 0.103613 0.00485062 -0.994606 3.1423
-0.995125 0.00222716 -0.0985998 -0.687276 0.00175353 0.999987 0.00488999 -0.0129039 0.0986093 0.00469325 -0.995115 3.11702
-0.995398 0.00260542 -0.0957925 -0.689544 0.00211614 0.999984 0.00520892 -0.0128105 0.0958046 0.00498223 -0.995388 3.09815
-0.995534 0.00204627 -0.0943782 -0.690913 0.00159372 0.999987 0.00487019 -0.012883 0.0943869 0.00469803 -0.995525 3.08522
-0.995602 0.00220013 -0.0936547 -0.693068 0.00173423 0.999986 0.00505573 -0.0126265 0.0936645 0.00487107 -0.995592 3.07151
-0.995651 0.00236612 -0.0931329 -0.695346 0.00190296 0.999985 0.00506162 -0.0125939 0.0931435 0.00486238 -0.995641 3.05016
-0.995674 0.00231324 -0.0928817 -0.697734 0.0018922 0.999988 0.00462088 -0.0124637 0.0928912 0.00442514 -0.995666 3.02378
-0.995632 0.00218238 -0.0933386 -0.700749 0.00174561 0.999987 0.0047608 -0.0123178 0.0933478 0.00457708 -0.995623 2.99394
-0.995665 0.00246634 -0.0929768 -0.70669 0.00180541 0.999973 0.00719196 -0.0145279 0.0929919 0.00699292 -0.995642 2.92993
-0.995679 0.00295873 -0.0928139 -0.709344 0.00228652 0.99997 0.00734801 -0.0143554 0.0928329 0.00710404 -0.995656 2.90325
-0.995682 0.00257219 -0.0927889 -0.711825 0.00192724 0.999973 0.00703957 -0.013974 0.0928045 0.00683035 -0.995661 2.87372
-0.995689 0.00251897 -0.0927233 -0.714862 0.00188808 0.999974 0.00689109 -0.0139586 0.0927383 0.00668632 -0.995668 2.84096
-0.995717 0.00292335 -0.0924107 -0.717978 0.00227815 0.999972 0.00708661 -0.0137852 0.0924289 0.00684573 -0.995696 2.80549
-0.995515 0.00146919 -0.0945953 -0.719866 0.000655717 0.999963 0.00863003 -0.0147455 0.0946044 0.0085293 -0.995478 2.76911
-0.995517 0.00156709 -0.0945662 -0.722789 0.000770656 0.999964 0.00845788 -0.0142008 0.094576 0.00834709 -0.995483 2.7367
-0.995525 0.00147444 -0.0944904 -0.724966 0.000659626 0.999962 0.00865387 -0.0142779 0.0944996 0.00855281 -0.995488 2.71316
-0.995522 0.00146637 -0.0945166 -0.726959 0.000665733 0.999964 0.00850187 -0.0139919 0.0945256 0.00840088 -0.995487 2.69109
-0.995535 0.00170403 -0.0943735 -0.729689 0.000900165 0.999963 0.00855979 -0.013838 0.0943846 0.00843662 -0.9955 2.66424
-0.995534 0.00187567 -0.0943865 -0.732766 0.0012452 0.999977 0.00673807 -0.0109929 0.094397 0.00659044 -0.995513 2.6343
-0.995524 0.00206808 -0.0944896 -0.735956 0.00140261 0.999974 0.00710862 -0.0104191 0.0945018 0.00694427 -0.9955 2.60049
-0.995526 0.00148168 -0.094479 -0.739207 0.000881032 0.999979 0.00639887 -0.0110026 0.0944865 0.006287 -0.995506 2.56675
-0.995544 0.00181206 -0.0942766 -0.742077 0.00118956 0.999977 0.00665871 -0.0104116 0.0942866 0.0065169 -0.995524 2.5345
-0.995493 0.00116617 -0.0948303 -0.743842 0.000346981 0.999962 0.00865446 -0.0123716 0.0948368 0.00858254 -0.995456 2.50698
-0.995475 0.0011902 -0.0950139 -0.746611 0.000340708 0.99996 0.00895646 -0.011909 0.0950207 0.00888356 -0.995436 2.47547
-0.995494 0.000837701 -0.0948246 -0.749602 1.4608e-05 0.999962 0.00868052 -0.0115509 0.0948283 0.00864002 -0.995456 2.4423
-0.9955 0.0012028 -0.0947497 -0.752986 0.000386064 0.999963 0.00863778 -0.0112663 0.0947566 0.00856233 -0.995464 2.4077
-0.995437 0.000657858 -0.095419 -0.755213 -0.000210002 0.999959 0.00908492 -0.0114224 0.0954211 0.0090635 -0.995396 2.37602
-0.995433 0.000680435 -0.0954616 -0.757767 -0.000169124 0.99996 0.00889111 -0.0109314 0.0954639 0.00886665 -0.995393 2.34832
-0.995456 0.000747027 -0.095216 -0.760681 -0.000140082 0.999957 0.00930978 -0.0109543 0.0952188 0.00928082 -0.995413 2.31694
-0.995448 0.000955114 -0.0953042 -0.764088 0.000129248 0.999962 0.00867138 -0.0106505 0.0953089 0.00861958 -0.99541 2.28376
-0.995447 0.000556986 -0.0953115 -0.766947 -0.000291981 0.99996 0.00889311 -0.0102042 0.0953126 0.00888045 -0.995408 2.24891
-0.995438 0.000117531 -0.0954057 -0.769645 -0.00085435 0.999948 0.0101459 -0.0113203 0.095402 0.0101811 -0.995387 2.21619
-0.995452 -4.76857e-05 -0.0952687 -0.771834 -0.00101403 0.999949 0.010095 -0.0109749 0.0952633 0.0101457 -0.9954 2.19322
-0.995427 9.76817e-05 -0.095525 -0.773508 -0.00089334 0.999946 0.0103316 -0.0110424 0.0955209 0.0103697 -0.995373 2.1762
-0.995431 0.000283783 -0.0954857 -0.774913 -0.000705769 0.999946 0.0103294 -0.0108941 0.0954835 0.0103496 -0.995377 2.15976
-0.995454 0.000214878 -0.0952418 -0.776914 -0.000775369 0.999946 0.0103601 -0.0105237 0.0952389 0.0103868 -0.9954 2.13638
