1.000000000 0.000000000 0.000000000 0.000000000 0.000000000 1.000000000 0.000000000 0.000000000 0.000000000 0.000000000 1.000000000 0.000000000
1.000000000 -0.000000000 0.000000002 -0.000000003 0.000000000 1.000000000 -0.000000007 0.000000001 -0.000000002 0.000000007 1.000000000 -0.000000010
1.000000000 0.000000000 0.000000001 -0.000000005 -0.000000000 1.000000000 -0.000000012 0.000000002 -0.000000001 0.000000012 1.000000000 -0.000000012
1.000000000 -0.000000000 0.000000000 -0.000000003 0.000000000 1.000000000 -0.000000014 0.000000002 -0.000000000 0.000000014 1.000000000 -0.000000010
1.000000000 -0.000000001 0.000000001 -0.000000004 0.000000001 1.000000000 -0.000000009 0.000000001 -0.000000001 0.000000009 1.000000000 -0.000000010
1.000000000 -0.000000001 0.000000001 -0.000000004 0.000000001 1.000000000 -0.000000008 0.000000001 -0.000000001 0.000000008 1.000000000 -0.000000010
1.000000000 -0.000000001 0.000000002 -0.000000003 0.000000001 1.000000000 -0.000000007 0.000000001 -0.000000002 0.000000007 1.000000000 -0.000000010
1.000000000 -0.000000001 0.000000002 -0.000000004 0.000000001 1.000000000 -0.000000008 0.000000001 -0.000000002 0.000000008 1.000000000 -0.000000010
1.000000000 -0.000000001 0.000000001 -0.000000004 0.000000001 1.000000000 -0.000000009 0.000000001 -0.000000001 0.000000009 1.000000000 -0.000000010
1.000000000 -0.000000001 0.000000001 -0.000000004 0.000000001 1.000000000 -0.000000011 0.000000001 -0.000000001 0.000000011 1.000000000 -0.000000010
1.000000000 -0.000000001 0.000000001 -0.000000003 0.000000001 1.000000000 -0.000000008 0.000000001 -0.000000001 0.000000008 1.000000000 -0.000000009
1.000000000 -0.000000001 0.000000002 -0.000000003 0.000000001 1.000000000 -0.000000009 0.000000001 -0.000000002 0.000000009 1.000000000 -0.000000010
1.000000000 -0.000000001 0.000000002 -0.000000003 0.000000001 1.000000000 -0.000000009 0.000000001 -0.000000002 0.000000009 1.000000000 -0.000000010
1.000000000 -0.000000001 0.000000001 -0.000000004 0.000000001 1.000000000 -0.000000010 0.000000001 -0.000000001 0.000000010 1.000000000 -0.000000010
1.000000000 -0.000000002 0.000000001 -0.000000004 0.000000002 1.000000000 -0.000000010 0.000000001 -0.000000001 0.000000010 1.000000000 -0.000000010
1.000000000 -0.000000002 0.000000001 -0.000000004 0.000000002 1.000000000 -0.000000011 0.000000001 -0.000000001 0.000000011 1.000000000 -0.000000010
1.000000000 -0.000000002 0.000000001 -0.000000003 0.000000002 1.000000000 -0.000000010 0.000000002 -0.000000001 0.000000010 1.000000000 -0.000000009
1.000000000 -0.000000001 0.000000002 -0.000000004 0.000000001 1.000000000 -0.000000009 0.000000001 -0.000000002 0.000000009 1.000000000 -0.000000010
1.000000000 0.000000000 0.000000002 -0.000000004 -0.000000000 1.000000000 -0.000000007 0.000000001 -0.000000002 0.000000007 1.000000000 -0.000000010
1.000000000 0.000000002 0.000000002 -0.000000005 -0.000000002 1.000000000 -0.000000006 0.000000000 -0.000000002 0.000000006 1.000000000 -0.000000009
1.000000000 0.000000003 0.000000003 -0.000000005 -0.000000003 1.000000000 -0.000000005 -0.000000000 -0.000000003 0.000000005 1.000000000 -0.000000009
1.000000000 -0.000165500 -0.000117053 0.000070789 0.000165475 0.999999940 -0.000214842 0.000051236 0.000117088 0.000214823 0.999999940 0.000134070
0.999923885 0.006408927 -0.010544013 0.002819157 -0.006408221 0.999979436 0.000100714 0.000355213 0.010544443 -0.000033137 0.999944389 0.004101211
0.999935150 0.006010615 -0.009671604 0.001922809 -0.006014064 0.999981880 -0.000327625 0.001025063 0.009669459 0.000385770 0.999953151 0.014368373
0.999978721 0.003981268 -0.005171974 -0.001672458 -0.003986164 0.999991596 -0.000936628 0.003005770 0.005168201 0.000957224 0.999986172 0.032395095
0.999979615 0.004773805 -0.004242263 -0.002751204 -0.004776774 0.999988377 -0.000690105 0.002361141 0.004238919 0.000710355 0.999990761 0.049171120
0.999970853 0.003685477 -0.006689443 -0.001347555 -0.003697395 0.999991596 -0.001770104 0.002489306 0.006682863 0.001794786 0.999976039 0.071662515
0.999971926 0.002975833 -0.006877812 -0.000995516 -0.002991044 0.999993086 -0.002202455 0.002719686 0.006871210 0.002222965 0.999973893 0.090348154
0.999965668 0.002250460 -0.007975740 0.000471427 -0.002267102 0.999995291 -0.002078094 0.002682060 0.007971026 0.002096104 0.999966025 0.105140038
0.999995291 0.002555185 -0.001700161 -0.006873759 -0.002557243 0.999996006 -0.001209376 0.001679992 0.001697064 0.001213718 0.999997795 0.120746367
0.999994934 0.002552871 -0.001913636 -0.006383646 -0.002554028 0.999996543 -0.000602231 0.001352608 0.001912092 0.000607116 0.999997973 0.143426687
0.999991834 0.002799260 -0.002910660 -0.003936405 -0.002801500 0.999995768 -0.000765947 0.001216305 0.002908503 0.000774094 0.999995470 0.164209083
0.999991298 0.000501380 0.004138150 -0.021556644 -0.000502624 0.999999821 0.000299674 -0.001031038 -0.004137999 -0.000301751 0.999991417 0.189109266
0.999991834 0.000117741 0.004038355 -0.021502510 -0.000122388 0.999999344 0.001150312 -0.002489669 -0.004038217 -0.001150797 0.999991179 0.214813665
0.999988198 -0.000809061 0.004794635 -0.024194736 0.000803696 0.999999046 0.001120897 -0.002644659 -0.004795537 -0.001117030 0.999987900 0.236832395
0.999982536 -0.000229612 0.005908802 -0.026061542 0.000231430 0.999999940 -0.000306985 -0.000738915 -0.005908731 0.000308347 0.999982476 0.269194931
0.999980688 -0.001083394 0.006119824 -0.026136905 0.001079849 0.999999225 0.000582620 -0.002798065 -0.006120451 -0.000576000 0.999981105 0.291423798
0.999977648 -0.001146243 0.006586835 -0.026151413 0.001137700 0.999998510 0.001300563 -0.003105207 -0.006588316 -0.001293040 0.999977469 0.319559932
0.999980688 -0.000958690 0.006143812 -0.026757225 0.000956341 0.999999464 0.000385201 -0.001799291 -0.006144178 -0.000379318 0.999981046 0.340620875
0.999976218 -0.000845138 0.006845831 -0.027061716 0.000843183 0.999999583 0.000288336 -0.001847595 -0.006846072 -0.000282557 0.999976516 0.361060530
0.999977767 -0.001396044 0.006516235 -0.026858686 0.001393109 0.999998927 0.000454967 -0.001926468 -0.006516863 -0.000445879 0.999978662 0.384213686
0.999973357 -0.001025085 0.007224092 -0.026342647 0.001020538 0.999999285 0.000633123 -0.001701460 -0.007224736 -0.000625733 0.999973714 0.406374693
0.999976695 -0.000848397 0.006772586 -0.025723821 0.000845741 0.999999583 0.000395057 -0.001614564 -0.006772918 -0.000389320 0.999976993 0.431150198
0.999959171 -0.001224071 0.008954912 -0.028715800 0.001227923 0.999999166 -0.000424619 -0.000688061 -0.008954385 0.000435598 0.999959826 0.458502591
0.999955356 -0.000713435 0.009423477 -0.028423464 0.000716347 0.999999702 -0.000305627 -0.001652792 -0.009423256 0.000312364 0.999955535 0.487486780
0.999956012 -0.001316543 0.009285244 -0.027704468 0.001327749 0.999998391 -0.001200799 -0.001166653 -0.009283648 0.001213074 0.999956191 0.517253757
0.999966025 -0.001449464 0.008113404 -0.027026538 0.001445481 0.999998808 0.000496798 -0.002152215 -0.008114114 -0.000485053 0.999966979 0.543933630
0.999948561 -0.001663502 0.010006151 -0.026796268 0.001650558 0.999997795 0.001301710 -0.003333653 -0.010008294 -0.001285127 0.999949098 0.568890870
0.999945998 -0.002802396 0.010008822 -0.027661003 0.002799302 0.999996006 0.000323099 -0.002700232 -0.010009688 -0.000295064 0.999949872 0.597368419
0.999932110 -0.000651082 0.011634483 -0.028753150 0.000645914 0.999999702 0.000447925 -0.002040734 -0.011634771 -0.000440379 0.999932230 0.625372887
0.999917924 -0.001066219 0.012768860 -0.028921867 0.001055638 0.999999106 0.000835391 -0.003119870 -0.012769739 -0.000821844 0.999918103 0.654608071
0.999904752 -0.001696440 0.013695403 -0.030471742 0.001681487 0.999997973 0.001103297 -0.003351395 -0.013697247 -0.001080163 0.999905586 0.686390400
0.999896884 -0.001709040 0.014258323 -0.030751333 0.001685575 0.999997199 0.001657587 -0.004095650 -0.014261116 -0.001633383 0.999896944 0.712541282
0.999888003 -0.001094693 0.014927180 -0.030725615 0.001088710 0.999999344 0.000408943 -0.003105814 -0.014927618 -0.000392645 0.999888480 0.729838490
0.999881804 -0.001196082 0.015328204 -0.031209346 0.001182773 0.999998927 0.000877304 -0.002911519 -0.015329237 -0.000859071 0.999882102 0.746365666
0.999880791 -0.001564891 0.015360075 -0.030969154 0.001564932 0.999998748 0.000009374 -0.002587537 -0.015360070 0.000014664 0.999882042 0.758823097
0.999881327 -0.001757544 0.015306447 -0.030585513 0.001720309 0.999995530 0.002445396 -0.004856186 -0.015310676 -0.002418774 0.999879837 0.765121400
0.999868691 -0.001451363 0.016141346 -0.031882256 0.001455667 0.999998927 -0.000254883 -0.002667085 -0.016140958 0.000278346 0.999869704 0.773291290
0.999872923 -0.000974050 0.015911028 -0.032091174 0.000949859 0.999998391 0.001527891 -0.003842320 -0.015912492 -0.001512583 0.999872267 0.778674722
0.999876440 -0.001022403 0.015686626 -0.031252891 0.001003367 0.999998748 0.001221394 -0.003831349 -0.015687853 -0.001205503 0.999876201 0.782190442
0.999855697 -0.000623469 0.016975982 -0.032562092 0.000596172 0.999998510 0.001612994 -0.004197536 -0.016976964 -0.001602641 0.999854624 0.785575271
0.999862909 -0.000718693 0.016541515 -0.032387398 0.000692274 0.999998450 0.001602800 -0.004021580 -0.016542640 -0.001591129 0.999861896 0.788451433
0.999866605 -0.000550407 0.016324125 -0.032090899 0.000515926 0.999997616 0.002116435 -0.004314298 -0.016325252 -0.002107731 0.999864519 0.790712893
0.999863148 -0.000631979 0.016531017 -0.031915098 0.000600566 0.999998033 0.001905110 -0.004512465 -0.016532188 -0.001894921 0.999861538 0.791798234
0.999867618 -0.001027653 0.016236827 -0.030883150 0.000998726 0.999997914 0.001789612 -0.004354584 -0.016238632 -0.001773159 0.999866545 0.792999744
0.999863565 -0.000827011 0.016497865 -0.032469317 0.000795897 0.999997914 0.001892424 -0.004271244 -0.016499396 -0.001879035 0.999862134 0.794353247
0.999868333 -0.000709144 0.016211474 -0.031289268 0.000677950 0.999997914 0.001929600 -0.004321269 -0.016212808 -0.001918356 0.999866724 0.795096397
0.999863327 -0.000360353 0.016528122 -0.031594686 0.000323572 0.999997437 0.002227980 -0.004543907 -0.016528884 -0.002222328 0.999860942 0.795512497
0.999857187 -0.000368968 0.016894937 -0.032438383 0.000328708 0.999997079 0.002385674 -0.004573158 -0.016895767 -0.002379780 0.999854445 0.796866775
0.999860108 -0.000582602 0.016716626 -0.032310814 0.000552796 0.999998271 0.001787523 -0.004238606 -0.016717637 -0.001778032 0.999858677 0.796730578
0.999857247 -0.000820063 0.016876949 -0.032508168 0.000787072 0.999997795 0.001961318 -0.004106297 -0.016878519 -0.001947755 0.999855638 0.797305882
0.999854982 -0.000862518 0.017007813 -0.032697260 0.000828922 0.999997675 0.001982220 -0.004317941 -0.017009484 -0.001967835 0.999853373 0.797410965
0.999856353 -0.000989261 0.016920617 -0.032705605 0.000951390 0.999997020 0.002246073 -0.004315544 -0.016922789 -0.002229652 0.999854326 0.797568202
0.999859810 -0.000639228 0.016731976 -0.032509491 0.000608957 0.999998152 0.001814154 -0.004037279 -0.016733104 -0.001803711 0.999858379 0.797871172
0.999855280 -0.000553715 0.017001715 -0.032636285 0.000522013 0.999998093 0.001868985 -0.003999954 -0.017002719 -0.001859840 0.999853730 0.797911406
0.999852657 -0.000477095 0.017157953 -0.032712813 0.000435558 0.999996960 0.002424503 -0.004830803 -0.017159058 -0.002416672 0.999849856 0.797469079
0.999852896 -0.000472301 0.017145017 -0.032794718 0.000427404 0.999996483 0.002622253 -0.004733616 -0.017146194 -0.002614539 0.999849558 0.797210813
0.999850988 -0.000562119 0.017254787 -0.032777216 0.000517236 0.999996483 0.002605533 -0.004591860 -0.017256191 -0.002596220 0.999847710 0.797401309
0.999850690 -0.000382736 0.017276943 -0.032844618 0.000339868 0.999996841 0.002484120 -0.004567875 -0.017277839 -0.002477877 0.999847651 0.797547460
0.999850750 -0.000642540 0.017263196 -0.032958258 0.000606121 0.999997556 0.002114747 -0.004275474 -0.017264513 -0.002103968 0.999848723 0.797503829
0.999851286 -0.000411364 0.017241284 -0.032918379 0.000374824 0.999997675 0.002122500 -0.004248635 -0.017242117 -0.002115721 0.999849081 0.797595382
0.999850810 -0.000574087 0.017262422 -0.032959741 0.000540995 0.999998033 0.001921629 -0.004075002 -0.017263491 -0.001912004 0.999849141 0.797617018
0.999851823 -0.000327997 0.017212478 -0.032819454 0.000292571 0.999997854 0.002060633 -0.004365739 -0.017213115 -0.002055292 0.999849737 0.797566175
0.999851704 -0.000454821 0.017216578 -0.033031885 0.000420996 0.999997973 0.001968266 -0.004249393 -0.017217439 -0.001960726 0.999849856 0.797734141
0.999851763 -0.000469131 0.017209733 -0.032865468 0.000435343 0.999997973 0.001966989 -0.004340875 -0.017210621 -0.001959206 0.999849975 0.797731161
0.999850273 -0.000394372 0.017300891 -0.032781333 0.000359866 0.999997914 0.001997513 -0.004229973 -0.017301643 -0.001990988 0.999848306 0.797653139
0.999850988 -0.000478690 0.017255591 -0.032723017 0.000443761 0.999997854 0.002027980 -0.004335052 -0.017256524 -0.002020021 0.999849081 0.797603071
0.999850214 -0.000501932 0.017299270 -0.032763008 0.000467877 0.999997973 0.001972542 -0.004225622 -0.017300224 -0.001964152 0.999848425 0.797633529
0.999850929 -0.000489763 0.017258188 -0.032804057 0.000456585 0.999998033 0.001926376 -0.004282277 -0.017259097 -0.001918209 0.999849200 0.797569215
0.999850631 -0.000554513 0.017273635 -0.032814868 0.000521904 0.999998093 0.001892195 -0.004240023 -0.017274652 -0.001882897 0.999849021 0.797596633
0.999850452 -0.000484127 0.017287241 -0.032834105 0.000451121 0.999998093 0.001913073 -0.004254266 -0.017288134 -0.001904988 0.999848723 0.797603071
0.999849558 -0.000468058 0.017339330 -0.032799691 0.000434576 0.999998033 0.001934738 -0.004196801 -0.017340202 -0.001926912 0.999847770 0.797687769
0.999849379 -0.000519817 0.017347392 -0.032787323 0.000485510 0.999997914 0.001981759 -0.004258414 -0.017348386 -0.001973038 0.999847531 0.797688663
0.999848545 -0.000507539 0.017396357 -0.032819271 0.000472773 0.999997854 0.002002524 -0.004234646 -0.017397337 -0.001993996 0.999846637 0.797716737
0.999849260 -0.000476437 0.017356401 -0.032816868 0.000442147 0.999997914 0.001979401 -0.004274584 -0.017357308 -0.001971428 0.999847412 0.797662139
0.999848604 -0.000456776 0.017394919 -0.032816734 0.000423172 0.999998033 0.001935504 -0.004183313 -0.017395770 -0.001927850 0.999846816 0.797747314
0.999849916 -0.000437835 0.017318984 -0.032790814 0.000404617 0.999998093 0.001921473 -0.004246156 -0.017319791 -0.001914177 0.999848187 0.797662616
0.999849200 -0.000426705 0.017359093 -0.032829307 0.000392984 0.999998033 0.001945910 -0.004235014 -0.017359888 -0.001938795 0.999847412 0.797670782
0.999850452 -0.000447358 0.017286586 -0.032775611 0.000414435 0.999998093 0.001908064 -0.004242692 -0.017287407 -0.001900614 0.999848783 0.797654808
0.999851048 -0.000451866 0.017254222 -0.032728933 0.000419824 0.999998152 0.001860611 -0.004160769 -0.017255031 -0.001853090 0.999849379 0.797709107
0.999849737 -0.000415942 0.017329030 -0.032805093 0.000382917 0.999998093 0.001909037 -0.004253638 -0.017329792 -0.001902114 0.999848008 0.797658324
0.999848843 -0.000355229 0.017383074 -0.032831460 0.000322053 0.999998093 0.001911269 -0.004204293 -0.017383721 -0.001905381 0.999847054 0.797715187
0.999851525 -0.000455045 0.017226234 -0.032718547 0.000423898 0.999998271 0.001811762 -0.004189848 -0.017227029 -0.001804190 0.999849975 0.797670186
0.999849141 -0.000383286 0.017364230 -0.032817267 0.000351308 0.999998212 0.001844577 -0.004156195 -0.017364906 -0.001838198 0.999847531 0.797728896
0.999849379 -0.000388491 0.017352277 -0.032820340 0.000356373 0.999998212 0.001853985 -0.004214593 -0.017352967 -0.001847521 0.999847710 0.797685087
0.999848723 -0.000366685 0.017387895 -0.032834135 0.000334469 0.999998212 0.001855649 -0.004169855 -0.017388545 -0.001849552 0.999847114 0.797726691
0.999849379 -0.000380263 0.017351868 -0.032824155 0.000348214 0.999998212 0.001849982 -0.004210087 -0.017352540 -0.001843661 0.999847710 0.797685087
0.999850929 -0.000438556 0.017259575 -0.032726657 0.000407049 0.999998271 0.001828949 -0.004154983 -0.017260348 -0.001821651 0.999849379 0.797711432
0.999849737 -0.000421194 0.017329527 -0.032801736 0.000389613 0.999998271 0.001825727 -0.004195534 -0.017330267 -0.001818701 0.999848187 0.797688246
0.999848902 -0.000386993 0.017379638 -0.032822516 0.000354518 0.999998212 0.001871592 -0.004155879 -0.017380331 -0.001865147 0.999847233 0.797712505
0.999851525 -0.000490916 0.017223042 -0.032708537 0.000459710 0.999998271 0.001815781 -0.004170232 -0.017223902 -0.001807594 0.999850035 0.797658682
0.999849200 -0.000405134 0.017361360 -0.032810465 0.000372984 0.999998212 0.001854996 -0.004137394 -0.017362079 -0.001848240 0.999847531 0.797717512
0.999849379 -0.000410845 0.017349366 -0.032813903 0.000378572 0.999998212 0.001863436 -0.004194374 -0.017350100 -0.001856588 0.999847770 0.797674477
0.999850988 -0.000454121 0.017255301 -0.032721601 0.000422529 0.999998212 0.001834427 -0.004133796 -0.017256103 -0.001826862 0.999849439 0.797698081
0.999852240 -0.000570997 0.017179750 -0.032325551 0.000531042 0.999997139 0.002330190 -0.004574027 -0.017181031 -0.002320723 0.999849677 0.800551176
0.999853551 -0.001446651 0.017051391 -0.032092094 0.001419817 0.999997735 0.001585674 -0.003935421 -0.017053647 -0.001561232 0.999853373 0.810472846
0.999840558 -0.001227751 0.017815107 -0.032433871 0.001190886 0.999997139 0.002079769 -0.003990242 -0.017817611 -0.002058222 0.999839127 0.822197258
0.999849021 -0.001383762 0.017320119 -0.031904951 0.001349708 0.999997139 0.001977700 -0.003898179 -0.017322807 -0.001954024 0.999848068 0.837475240
0.999857366 -0.001669392 0.016805386 -0.031965457 0.001642503 0.999997377 0.001613682 -0.003941426 -0.016808035 -0.001585849 0.999857485 0.856398284
0.999861479 -0.001516447 0.016576162 -0.030123631 0.001492837 0.999997854 0.001436625 -0.003187573 -0.016578306 -0.001411680 0.999861598 0.883330941
0.999826074 -0.002224211 0.018517178 -0.032343894 0.002189188 0.999995768 0.001911406 -0.003525473 -0.018521350 -0.001870536 0.999826729 0.899045050
0.999826968 -0.001475076 0.018541984 -0.031112581 0.001429629 0.999995947 0.002464056 -0.003547026 -0.018545544 -0.002437122 0.999825060 0.918311298
0.999834418 -0.002597793 0.018009827 -0.030595614 0.002546324 0.999992609 0.002880147 -0.004299802 -0.018017177 -0.002833812 0.999833643 0.938195527
0.999831259 -0.002145840 0.018243667 -0.030601980 0.002100805 0.999994695 0.002487330 -0.004182880 -0.018248906 -0.002448584 0.999830484 0.958977759
0.999837995 -0.001127147 0.017965127 -0.029000815 0.001070546 0.999994457 0.003159933 -0.005157748 -0.017968589 -0.003140189 0.999833643 0.998540819
0.999794960 -0.002841125 0.020049846 -0.031807382 0.002789458 0.999992728 0.002604409 -0.003563219 -0.020057099 -0.002547947 0.999795616 1.026804805
0.999809742 -0.001476332 0.019450959 -0.029889356 0.001447314 0.999997795 0.001505818 -0.003844329 -0.019453140 -0.001477379 0.999809682 1.059680939
0.999808669 -0.002028652 0.019455893 -0.029651443 0.001976392 0.999994397 0.002704968 -0.003629253 -0.019461270 -0.002665997 0.999807060 1.084814072
0.999786377 -0.003547957 0.020362612 -0.031462405 0.003513196 0.999992311 0.001742640 -0.002790641 -0.020368639 -0.001670730 0.999791145 1.116334796
0.999769270 -0.003712753 0.021157295 -0.032267440 0.003662335 0.999990344 0.002421246 -0.003304271 -0.021166081 -0.002343202 0.999773204 1.150223732
0.999803841 -0.002225911 0.019681973 -0.025752902 0.002185261 0.999995410 0.002086625 -0.003147036 -0.019686528 -0.002043206 0.999804139 1.180001497
0.999794066 -0.002038048 0.020189894 -0.024565607 0.001977101 0.999993443 0.003038195 -0.003927959 -0.020195954 -0.002997652 0.999791563 1.205218554
0.999805927 -0.001190904 0.019664943 -0.022937993 0.001131315 0.999994755 0.003041063 -0.004055772 -0.019668462 -0.003018226 0.999801993 1.237059474
0.999787629 -0.002193727 0.020490440 -0.023548169 0.002144429 0.999994755 0.002427588 -0.003444877 -0.020495657 -0.002383132 0.999787092 1.271600366
0.999789476 -0.001197842 0.020482315 -0.022797834 0.001138701 0.999995172 0.002898860 -0.003965540 -0.020485686 -0.002874926 0.999786019 1.299295068
0.999782205 -0.001295795 0.020828376 -0.022547122 0.001215719 0.999991834 0.003856735 -0.005151790 -0.020833204 -0.003830573 0.999775648 1.330569863
0.999776006 -0.001649751 0.021101413 -0.022441218 0.001569100 0.999991417 0.003838069 -0.006355832 -0.021107564 -0.003804099 0.999769986 1.361750603
0.999764740 -0.001779049 0.021615963 -0.022462878 0.001723424 0.999995172 0.002591708 -0.003446629 -0.021620469 -0.002553845 0.999763012 1.385723114
0.999764025 -0.001456641 0.021673007 -0.020916607 0.001386389 0.999993742 0.003256140 -0.004378319 -0.021677615 -0.003225324 0.999759793 1.421351910
0.999746323 -0.001518469 0.022473034 -0.021644529 0.001463009 0.999995828 0.002484071 -0.004182304 -0.022476712 -0.002450562 0.999744356 1.450720906
0.999745846 -0.002084760 0.022447132 -0.020913711 0.002044157 0.999996245 0.001831612 -0.003557695 -0.022450864 -0.001785261 0.999746382 1.478532076
0.999736190 -0.000977189 0.022947837 -0.020454030 0.000894493 0.999993086 0.003613617 -0.005639002 -0.022951208 -0.003592137 0.999730110 1.512095809
0.999746740 -0.001456503 0.022457078 -0.019633925 0.001401293 0.999995947 0.002474032 -0.003928468 -0.022460591 -0.002441937 0.999744773 1.540124297
0.999754310 -0.002414876 0.022032930 -0.017689835 0.002323887 0.999988675 0.004154352 -0.005820407 -0.022042712 -0.004102130 0.999748588 1.576346397
0.999743164 -0.002909593 0.022474373 -0.018416688 0.002795648 0.999983072 0.005099763 -0.006971121 -0.022488831 -0.005035623 0.999734402 1.603861332
0.999732137 -0.002318857 0.023027627 -0.017869083 0.002229555 0.999989927 0.003903003 -0.004807546 -0.023036445 -0.003850616 0.999727190 1.631976724
0.999758840 -0.001769194 0.021888001 -0.014554396 0.001682356 0.999990642 0.003985183 -0.005014195 -0.021894846 -0.003947399 0.999752462 1.660357356
0.999758184 -0.001293426 0.021952752 -0.014346399 0.001211947 0.999992311 0.003724457 -0.003843954 -0.021957401 -0.003696951 0.999752045 1.693081260
0.999728322 -0.001745175 0.023242854 -0.014565945 0.001654733 0.999991000 0.003909842 -0.005167124 -0.023249468 -0.003870319 0.999722183 1.715996027
0.999728501 -0.001865209 0.023226086 -0.013070391 0.001762430 0.999988556 0.004444840 -0.004857090 -0.023234110 -0.004402699 0.999720335 1.751106739
0.999718726 -0.002969764 0.023529517 -0.013270719 0.002881669 0.999988735 0.003777070 -0.004602304 -0.023540467 -0.003708203 0.999715984 1.779517651
0.999732018 -0.001035798 0.023127224 -0.010942630 0.000946143 0.999992013 0.003887196 -0.004830336 -0.023131065 -0.003864272 0.999724984 1.812717199
0.999706566 -0.000374958 0.024219666 -0.012124427 0.000243332 0.999985158 0.005437395 -0.006216123 -0.024221346 -0.005429906 0.999691904 1.840487838
0.999695063 -0.000314816 0.024692273 -0.011059621 0.000201239 0.999989390 0.004602037 -0.004951925 -0.024693459 -0.004595665 0.999684513 1.876919270
0.999696493 0.000082893 0.024636220 -0.010354592 -0.000170093 0.999993742 0.003537453 -0.004401022 -0.024635773 -0.003540570 0.999690235 1.909024715
0.999689519 -0.001008730 0.024897516 -0.009895565 0.000912792 0.999992132 0.003864405 -0.004783823 -0.024901219 -0.003840479 0.999682546 1.936540127
0.999684691 -0.001444279 0.025069052 -0.009328965 0.001348585 0.999991715 0.003833706 -0.004384830 -0.025074381 -0.003798689 0.999678373 1.969516158
0.999683976 0.000090557 0.025139255 -0.006903308 -0.000160530 0.999996126 0.002781416 -0.003180343 -0.025138907 -0.002784573 0.999680102 1.996817350
0.999696970 -0.000392179 0.024613494 -0.006045182 0.000343312 0.999997973 0.001989530 -0.002561440 -0.024614224 -0.001980477 0.999695063 2.025377035
0.999700844 -0.000961221 0.024440568 -0.004949614 0.000895583 0.999995947 0.002696413 -0.002589556 -0.024443062 -0.002673717 0.999697626 2.064817429
0.999658287 -0.000194836 0.026139682 -0.006724966 0.000103707 0.999993920 0.003487560 -0.003767233 -0.026140202 -0.003483657 0.999652207 2.097094059
0.999688148 -0.000606745 0.024963757 -0.003761987 0.000520610 0.999993861 0.003456737 -0.003249988 -0.024965702 -0.003442663 0.999682367 2.125340223
0.999682486 -0.001395911 0.025159707 -0.002395159 0.001309012 0.999993145 0.003470039 -0.004012924 -0.025164379 -0.003436003 0.999677420 2.157244205
0.999654174 -0.001163728 0.026270334 -0.003539521 0.001102795 0.999996662 0.002333817 -0.002876426 -0.026272962 -0.002304039 0.999652147 2.191118002
0.999673605 -0.000694493 0.025539264 -0.001216413 0.000608247 0.999994099 0.003384617 -0.003428121 -0.025541464 -0.003367978 0.999668062 2.217768908
0.999683022 -0.000702425 0.025165653 0.000766056 0.000604459 0.999992192 0.003900236 -0.004771285 -0.025168197 -0.003883788 0.999675691 2.253674269
0.999656141 -0.000158427 0.026222119 0.000162872 0.000049265 0.999991357 0.004163575 -0.005864042 -0.026222551 -0.004160851 0.999647498 2.280868053
0.999683321 -0.000839952 0.025150783 0.001359114 0.000730414 0.999990225 0.004364131 -0.005871217 -0.025154203 -0.004344379 0.999674141 2.317993402
0.999692321 -0.000318172 0.024802189 0.002623670 0.000195256 0.999987662 0.004958131 -0.006668656 -0.024803462 -0.004951763 0.999680102 2.349397898
0.999665558 -0.001138444 0.025834490 0.002449799 0.000992152 0.999983430 0.005674748 -0.006604800 -0.025840523 -0.005647219 0.999650121 2.378402472
0.999667525 -0.001358995 0.025749780 0.003590310 0.001223907 0.999985397 0.005261209 -0.006476079 -0.025756555 -0.005227944 0.999654591 2.405892849
0.999664307 -0.001403680 0.025870187 0.005184939 0.001282963 0.999988198 0.004682251 -0.004769966 -0.025876455 -0.004647489 0.999654353 2.435207605
0.999669790 -0.001157327 0.025669964 0.005756631 0.001041980 0.999989331 0.004506371 -0.004902329 -0.025674906 -0.004478136 0.999660313 2.466949701
0.999674737 -0.000462708 0.025499424 0.008546109 0.000342311 0.999988794 0.004725712 -0.004707657 -0.025501326 -0.004715446 0.999663651 2.498601675
0.999659419 -0.000381719 0.026094275 0.008677159 0.000252782 0.999987721 0.004944335 -0.004502297 -0.026095843 -0.004936055 0.999647260 2.530721188
0.999695063 -0.000861057 0.024679426 0.011743764 0.000766623 0.999992371 0.003835622 -0.002380065 -0.024682540 -0.003815533 0.999688029 2.560083866
0.999669433 -0.001334691 0.025676556 0.010576883 0.001255615 0.999994397 0.003095583 -0.001151503 -0.025680544 -0.003062319 0.999665499 2.595756054
0.999681354 -0.000023710 0.025243422 0.012024736 -0.000054720 0.999995172 0.003106218 -0.002517204 -0.025243375 -0.003106609 0.999676526 2.624849558
0.999653697 -0.000998404 0.026295407 0.012870532 0.000873677 0.999988317 0.004754324 -0.003760663 -0.026299845 -0.004729703 0.999642909 2.660363674
0.999673367 -0.001038943 0.025535949 0.013999157 0.000914641 0.999987662 0.004878920 -0.003486344 -0.025540702 -0.004853970 0.999661982 2.696963310
0.999681771 0.000144176 0.025225183 0.014177050 -0.000272247 0.999987066 0.005073727 -0.003617544 -0.025224127 -0.005078979 0.999668896 2.723793745
0.999679267 -0.000671155 0.025315622 0.016041975 0.000565539 0.999991119 0.004178881 -0.002814254 -0.025318202 -0.004163223 0.999670804 2.756444454
0.999688327 -0.000448766 0.024959998 0.016697664 0.000321253 0.999986887 0.005112470 -0.002898483 -0.024961965 -0.005102858 0.999675393 2.783790827
0.999663472 -0.000094439 0.025941463 0.018194119 -0.000018804 0.999990463 0.004365046 -0.002931256 -0.025941629 -0.004364065 0.999653935 2.821158409
0.999655366 -0.000809409 0.026238799 0.017349744 0.000678371 0.999987245 0.005002575 -0.003231634 -0.026242513 -0.004983052 0.999643207 2.852314234
0.999663532 -0.000417886 0.025935711 0.019025154 0.000295685 0.999988854 0.004715327 -0.003518459 -0.025937391 -0.004706071 0.999652505 2.885624409
0.999660969 0.000348611 0.026035836 0.021155957 -0.000498914 0.999983251 0.005766659 -0.004437304 -0.026033388 -0.005777694 0.999644399 2.913007259
0.999669373 -0.000073654 0.025713602 0.021723423 -0.000050155 0.999988437 0.004814258 -0.003478273 -0.025713658 -0.004813956 0.999657750 2.945524216
0.999664545 -0.000206857 0.025899079 0.020528171 0.000056613 0.999983191 0.005801749 -0.004124204 -0.025899842 -0.005798337 0.999647737 2.972197056
0.999906957 0.000304234 0.013636943 0.048709735 -0.000384388 0.999982655 0.005875526 -0.006461267 -0.013634919 -0.005880222 0.999889731 3.009565353
0.999716938 -0.000631118 0.023784183 0.027127001 0.000522897 0.999989510 0.004556085 -0.002705872 -0.023786807 -0.004542359 0.999706745 3.040732145
0.999666750 -0.000078324 0.025814552 0.025669400 -0.000054793 0.999986708 0.005155914 -0.002580610 -0.025814611 -0.005155609 0.999653459 3.073132038
0.999706388 -0.000298476 0.024228564 0.029021490 0.000201975 0.999992013 0.003985305 -0.002403164 -0.024229560 -0.003979241 0.999698520 3.111278057
0.999702990 0.000401537 0.024367712 0.030527705 -0.000532829 0.999985397 0.005381693 -0.003995392 -0.024365194 -0.005393079 0.999688566 3.142401934
0.999657035 0.000011426 0.026188562 0.027948199 -0.000151228 0.999985754 0.005336331 -0.003064905 -0.026188128 -0.005338461 0.999642789 3.168587446
0.999634326 -0.000231871 0.027040627 0.027868232 0.000077659 0.999983728 0.005703873 -0.003384320 -0.027041508 -0.005699687 0.999618053 3.200715542
0.999650180 0.000360364 0.026446244 0.028508067 -0.000527908 0.999979854 0.006328566 -0.004057709 -0.026443429 -0.006340313 0.999630213 3.224229574
0.999651372 -0.000523663 0.026397057 0.030080466 0.000345882 0.999977231 0.006739019 -0.004127046 -0.026399985 -0.006727539 0.999628842 3.253250599
0.999656796 -0.000363528 0.026193684 0.030972887 0.000199636 0.999980390 0.006259268 -0.003760072 -0.026195446 -0.006251891 0.999637306 3.280559063
0.999643743 -0.000454667 0.026685808 0.031363036 0.000248615 0.999970138 0.007724202 -0.004660713 -0.026688524 -0.007714816 0.999614000 3.306553841
0.999643564 0.000249037 0.026697095 0.032075629 -0.000448343 0.999972105 0.007459723 -0.005012605 -0.026694493 -0.007469034 0.999615729 3.342355728
0.999630690 0.000190991 0.027173636 0.032683060 -0.000399816 0.999970436 0.007679620 -0.004128521 -0.027171368 -0.007687648 0.999601245 3.370922804
0.999637306 -0.000140897 0.026929213 0.034677964 -0.000037232 0.999978125 0.006614085 -0.003058809 -0.026929555 -0.006612689 0.999615490 3.407528639
0.999606609 -0.000086529 0.028046383 0.032707896 -0.000118676 0.999973238 0.007314877 -0.002998685 -0.028046265 -0.007315327 0.999579847 3.434576511
0.999588013 0.000149564 0.028701887 0.031964377 -0.000365003 0.999971807 0.007501015 -0.002411961 -0.028699955 -0.007508400 0.999559879 3.466133595
0.999644041 -0.000890062 0.026664848 0.037053145 0.000699818 0.999974251 0.007143107 -0.002675879 -0.026670519 -0.007121903 0.999618888 3.503557444
0.999632835 -0.000162358 0.027096018 0.037811477 -0.000025421 0.999975979 0.006929629 -0.002040581 -0.027096493 -0.006927774 0.999608815 3.535669088
0.999603629 -0.000619542 0.028146744 0.037542582 0.000405108 0.999970853 0.007623524 -0.002563869 -0.028150648 -0.007609100 0.999574721 3.566579580
0.999614060 -0.000500676 0.027776279 0.038320627 0.000321174 0.999979019 0.006466536 -0.001016138 -0.027778933 -0.006455119 0.999593258 3.594573021
0.999628007 -0.000333155 0.027270827 0.040021308 0.000126430 0.999971271 0.007581815 -0.002185190 -0.027272569 -0.007575547 0.999599338 3.622782469
0.999613822 -0.000069682 0.027789325 0.039746039 -0.000114299 0.999978065 0.006618941 -0.000991514 -0.027789177 -0.006619561 0.999591887 3.651090384
0.999620557 -0.000728938 0.027535539 0.040915217 0.000553036 0.999979377 0.006395234 -0.000613813 -0.027539633 -0.006377579 0.999600351 3.679762602
0.999609113 -0.000526446 0.027951974 0.042304255 0.000304366 0.999968350 0.007948748 -0.001494317 -0.027955275 -0.007937133 0.999577641 3.711078882
0.999609411 -0.000335719 0.027945314 0.042818084 0.000119390 0.999970019 0.007742455 -0.001667881 -0.027947076 -0.007736094 0.999579489 3.739844561
0.999595821 -0.000563542 0.028423598 0.042588674 0.000369267 0.999976516 0.006839783 -0.000129864 -0.028426787 -0.006826522 0.999572575 3.775918245
0.999603570 -0.001844409 0.028094206 0.042835314 0.001640357 0.999972105 0.007284432 -0.000355184 -0.028106859 -0.007235460 0.999578714 3.808476686
0.999608994 -0.000811084 0.027950853 0.045084842 0.000614996 0.999975145 0.007023348 -0.000137753 -0.027955854 -0.007003412 0.999584615 3.840242624
0.999605715 -0.000671093 0.028070437 0.044707444 0.000463247 0.999972463 0.007410308 -0.000313004 -0.028074637 -0.007394383 0.999578476 3.872438908
0.999597073 -0.001940672 0.028317709 0.044879109 0.001747684 0.999975085 0.006838261 0.000692683 -0.028330274 -0.006786015 0.999575555 3.904777527
0.999568164 -0.001145330 0.029363712 0.043937281 0.000960186 0.999979556 0.006318517 0.002537922 -0.029370351 -0.006287594 0.999548793 3.936970234
0.999575198 -0.002067145 0.029070504 0.044454627 0.001843217 0.999968469 0.007727629 0.000577485 -0.029085560 -0.007670762 0.999547482 3.960734129
0.999577463 -0.000714340 0.029058071 0.046315264 0.000517758 0.999976933 0.006772079 0.001957688 -0.029062238 -0.006754173 0.999554813 3.992559195
0.999627829 -0.000791949 0.027268695 0.048386704 0.000595056 0.999973714 0.007227865 0.001903741 -0.027273703 -0.007208948 0.999602020 4.023675442
0.999613047 -0.001174137 0.027792376 0.047702078 0.000963179 0.999970615 0.007602668 0.000605426 -0.027800487 -0.007572957 0.999584794 4.055312634
0.999583185 -0.000793145 0.028858397 0.048296630 0.000608515 0.999979317 0.006406012 0.003119844 -0.028862881 -0.006385781 0.999562979 4.083229065
0.999625623 -0.000990347 0.027342401 0.049375530 0.000806312 0.999976933 0.006740936 0.002872795 -0.027348448 -0.006716366 0.999603391 4.116270065
0.999617696 -0.001025371 0.027630182 0.049447507 0.000818870 0.999971688 0.007484027 0.002359884 -0.027637074 -0.007458541 0.999590218 4.143735409
0.999622285 -0.000640051 0.027475987 0.050749741 0.000480426 0.999982953 0.005815839 0.005645140 -0.027479241 -0.005800442 0.999605536 4.176343441
0.999617457 -0.001505783 0.027616618 0.051356208 0.001332763 0.999979377 0.006282389 0.004373098 -0.027625509 -0.006243179 0.999598861 4.210513115
0.999628782 -0.001348239 0.027212458 0.052109022 0.001178359 0.999979734 0.006257822 0.005144216 -0.027220342 -0.006223432 0.999610066 4.237794876
0.999589264 -0.001443167 0.028622214 0.048860751 0.001234140 0.999972463 0.007319285 0.004243735 -0.028631989 -0.007280954 0.999563515 4.270092487
0.999650359 -0.000997573 0.026423702 0.052086215 0.000844418 0.999982774 0.005806656 0.008064759 -0.026429040 -0.005782313 0.999633968 4.297377110
0.999648452 -0.002051159 0.026434256 0.053188346 0.001922836 0.999986231 0.004878935 0.009046196 -0.026443899 -0.004826391 0.999638677 4.328839302
0.999646246 -0.000487188 0.026591079 0.053933289 0.000336208 0.999983788 0.005682033 0.008591164 -0.026593417 -0.005671083 0.999630272 4.353321075
0.999651670 -0.000713956 0.026381828 0.053797111 0.000543185 0.999978840 0.006479649 0.008382232 -0.026385896 -0.006463062 0.999630928 4.384854794
0.999653876 -0.001319384 0.026275722 0.055008650 0.001178967 0.999984920 0.005358779 0.008822188 -0.026282396 -0.005325946 0.999640346 4.412596226
0.999661148 -0.000847678 0.026017472 0.056001648 0.000702529 0.999984145 0.005587562 0.009689157 -0.026021795 -0.005567391 0.999645889 4.444218636
0.999674678 -0.001341300 0.025470491 0.056639146 0.001183300 0.999979973 0.006217337 0.009085453 -0.025478320 -0.006185175 0.999656260 4.471515656
0.999664366 -0.000387962 0.025904423 0.056369092 0.000237071 0.999983013 0.005827720 0.009790673 -0.025906242 -0.005819623 0.999647439 4.499882698
0.999681175 -0.000553358 0.025244649 0.058736566 0.000401847 0.999981880 0.006006395 0.008641870 -0.025247516 -0.005994335 0.999663234 4.527601242
0.999676228 -0.000289127 0.025442380 0.058335278 0.000123831 0.999978900 0.006498208 0.008750516 -0.025443722 -0.006492954 0.999655187 4.554347038
0.999658585 -0.000914190 0.026113151 0.058249500 0.000753468 0.999980748 0.006163993 0.010061105 -0.026118282 -0.006142213 0.999639988 4.590554237
0.999668300 -0.000133237 0.025753420 0.060649317 -0.000050156 0.999974668 0.007120314 0.009145249 -0.025753716 -0.007119243 0.999642968 4.619115353
0.999676824 -0.000458393 0.025417456 0.061545298 0.000248266 0.999965787 0.008269572 0.007214577 -0.025420377 -0.008260588 0.999642730 4.652272224
0.999665022 -0.000823858 0.025867626 0.062765688 0.000636737 0.999973595 0.007241205 0.009476916 -0.025872909 -0.007222309 0.999639153 4.690378189
0.999660075 0.000222089 0.026069850 0.062659830 -0.000424380 0.999969840 0.007754284 0.009255453 -0.026067341 -0.007762712 0.999630034 4.718063354
0.999649227 -0.000421091 0.026480572 0.063928731 0.000230353 0.999974012 0.007205572 0.010079038 -0.026482919 -0.007196945 0.999623358 4.758593082
0.999648392 -0.001179215 0.026490260 0.061461598 0.000979360 0.999970973 0.007556208 0.008899311 -0.026498402 -0.007527607 0.999620497 4.784787178
0.999642491 -0.001335395 0.026704116 0.062873848 0.001173722 0.999980867 0.006068993 0.010299015 -0.026711712 -0.006035480 0.999624968 4.816751957
0.999647975 -0.001224180 0.026504381 0.064022340 0.001044960 0.999976516 0.006774724 0.009621494 -0.026512053 -0.006744643 0.999625742 4.847112179
0.999679625 -0.001663956 0.025256950 0.066226117 0.001485567 0.999973834 0.007080081 0.010190423 -0.025268070 -0.007040292 0.999655902 4.879045963
0.999663174 -0.002370918 0.025844978 0.065810286 0.002189032 0.999972641 0.007063613 0.010746054 -0.025861019 -0.007004658 0.999641001 4.906615734
0.999612629 -0.000493143 0.027827745 0.064227648 0.000302365 0.999976456 0.006859499 0.011462753 -0.027830472 -0.006848428 0.999589205 4.935827255
0.999648511 -0.000650731 0.026503293 0.067306213 0.000439338 0.999968052 0.007981167 0.010929476 -0.026507640 -0.007966718 0.999616861 4.970636845
0.999583304 -0.000117982 0.028864842 0.064086214 -0.000105738 0.999969959 0.007748960 0.010999893 -0.028864888 -0.007748783 0.999553263 5.001841545
0.999572814 0.000609864 0.029219745 0.065455280 -0.000875584 0.999958396 0.009081909 0.010996137 -0.029212989 -0.009103614 0.999531746 5.033533573
0.999561071 -0.000268363 0.029624632 0.065568455 0.000040479 0.999970436 0.007692708 0.012290270 -0.029625820 -0.007688132 0.999531507 5.066312313
0.999533772 0.001521095 0.030494435 0.065005906 -0.001757478 0.999968588 0.007726346 0.012548788 -0.030481726 -0.007776337 0.999505103 5.097774982
0.999512494 0.001622920 0.031178426 0.064930856 -0.001881315 0.999964118 0.008260091 0.012319408 -0.031163901 -0.008314720 0.999479711 5.129188538
0.999566793 0.001409537 0.029396988 0.068298936 -0.001664765 0.999961138 0.008659448 0.012119815 -0.029383639 -0.008704636 0.999530315 5.160938263
0.999539673 0.001762753 0.030286850 0.068804950 -0.002024295 0.999960899 0.008606979 0.013051315 -0.030270495 -0.008664327 0.999504209 5.188129425
0.999524593 0.000672089 0.030824833 0.067538172 -0.000903323 0.999971569 0.007488251 0.013909092 -0.030818922 -0.007512535 0.999496758 5.221658707
0.999534011 0.000133580 0.030525321 0.066983037 -0.000352492 0.999974251 0.007166234 0.014136015 -0.030523578 -0.007173655 0.999508321 5.251984596
0.999529660 -0.000862298 0.030655399 0.066860586 0.000650871 0.999975920 0.006906200 0.015048916 -0.030660618 -0.006882999 0.999506176 5.283524990
0.999553204 -0.000628157 0.029884025 0.069050953 0.000407180 0.999972522 0.007400007 0.014584749 -0.029887853 -0.007384532 0.999525964 5.314007759
0.999525130 -0.000011971 0.030814519 0.066879831 -0.000204429 0.999975324 0.007019494 0.015682463 -0.030813845 -0.007022460 0.999500453 5.347683907
0.999550760 -0.000523727 0.029966863 0.069841847 0.000275322 0.999965549 0.008292834 0.014176808 -0.029970175 -0.008280858 0.999516487 5.374344349
0.999558866 -0.000626355 0.029693551 0.072848164 0.000425707 0.999977052 0.006763131 0.017112641 -0.029697107 -0.006747507 0.999536157 5.409752369
0.999545515 -0.001180970 0.030122565 0.072741702 0.001020111 0.999985158 0.005354954 0.018541573 -0.030128442 -0.005321792 0.999531865 5.443341732
