1 -0 0 -0 -0 1 -0 0 0 -0 1 0
1 2.95666e-05 8.32493e-05 -4.30615e-05 -2.95605e-05 1 -7.30152e-05 5.2208e-05 -8.32515e-05 7.30127e-05 1 -2.36686e-05
1 0.000129893 -3.27488e-05 -1.71098e-05 -0.000129896 1 -9.25919e-05 6.39488e-05 3.27368e-05 9.25961e-05 1 -8.82884e-06
1 0.000198708 9.55577e-05 -9.88512e-05 -0.000198704 1 -4.48849e-05 5.46363e-05 -9.55666e-05 4.48659e-05 1 -8.99621e-06
1 0.000190356 1.50287e-05 1.64309e-05 -0.000190355 1 -5.64269e-05 6.08999e-05 -1.50395e-05 5.64241e-05 1 4.22531e-05
1 0.000201542 0.000115107 -0.000107174 -0.000201537 1 -4.26651e-05 5.9994e-05 -0.000115116 4.26419e-05 1 -1.58674e-07
1 0.000299727 2.48122e-05 -8.67463e-05 -0.00029972 1 -0.000248491 0.000145406 -2.48867e-05 0.000248484 1 -4.38305e-05
1 1.66966e-17 4.52555e-17 -3.54442e-17 -1.66966e-17 1 -3.40767e-17 4.60724e-17 -4.52555e-17 3.40767e-17 1 2.18339e-17
1 2.88561e-05 8.23471e-05 -4.26429e-05 -2.88502e-05 1 -7.14716e-05 5.09414e-05 -8.23492e-05 7.14692e-05 1 -2.42338e-05
1 0.00020541 9.65012e-05 -9.78575e-05 -0.000205406 1 -3.44502e-05 5.75855e-05 -9.65083e-05 3.44304e-05 1 -6.20513e-06
1 0.000199916 3.62084e-05 2.23135e-06 -0.000199913 1 -7.33477e-05 7.35363e-05 -3.6223e-05 7.33404e-05 1 3.50932e-05
1 8.11882e-05 8.51702e-05 -6.5364e-05 -8.11817e-05 1 -7.61917e-05 5.44626e-05 -8.51764e-05 7.61848e-05 1 -2.27837e-05
1 0.000191093 8.03639e-05 -8.82626e-05 -0.000191089 1 -4.516e-05 5.32729e-05 -8.03725e-05 4.51446e-05 1 -1.03422e-05
1 0.000229064 3.94445e-05 0.000216873 -0.000229077 1 0.000344758 -0.000357386 -3.93655e-05 -0.000344767 1 0.00182399
1 -0.000295581 -0.000635254 0.00036679 0.000295384 1 -0.000309648 -0.000160751 0.000635345 0.000309461 1 0.0138576
1 -0.000277684 -0.00063942 0.000345439 0.000277675 1 -1.4466e-05 -0.00018999 0.000639424 1.42884e-05 1 0.0329089
1 7.95416e-05 -0.000639291 -7.25553e-05 -7.92771e-05 1 0.00041378 -0.000258705 0.000639324 -0.000413729 1 0.0587846
0.999999 -0.000103947 -0.00128181 0.000541472 0.00010277 1 -0.000918347 0.000310655 0.00128191 0.000918215 0.999999 0.0874937
1 -0.000388342 -0.000893214 0.000133233 0.000387301 0.999999 -0.00116526 0.00059016 0.000893666 0.00116491 0.999999 0.118163
0.999999 -0.000124525 -0.00128378 0.000372282 0.000125538 1 0.000789315 -0.000958515 0.00128368 -0.000789476 0.999999 0.141466
0.999998 -0.000365641 -0.00219623 0.00114022 0.000366582 1 0.000427952 -0.000806704 0.00219607 -0.000428756 0.999997 0.169187
0.999999 -4.62502e-05 -0.00153949 0.000312483 4.67337e-05 1 0.000314042 -0.000943379 0.00153947 -0.000314113 0.999999 0.200971
0.999998 0.000726982 -0.00167017 1.98595e-05 -0.000727287 1 -0.000182415 -0.000368795 0.00167004 0.000183629 0.999999 0.2339
0.999997 -0.000499838 -0.00229725 0.000298698 0.000500735 1 0.000389933 -0.00165547 0.00229705 -0.000391082 0.999997 0.266754
0.999998 0.00119874 -0.00165418 -0.000212711 -0.00119989 0.999999 -0.00069868 -0.000505276 0.00165334 0.000700663 0.999998 0.291561
0.999997 0.000458457 -0.00220843 0.000415344 -0.000458858 1 -0.000181113 -0.0011144 0.00220834 0.000182126 0.999998 0.30948
0.999997 0.00128258 -0.00223472 -0.000239118 -0.00128237 0.999999 9.54755e-05 -0.00143974 0.00223484 -9.26094e-05 0.999997 0.324471
0.999995 0.000946009 -0.00290893 -0.000191342 -0.000946732 1 -0.000247162 -0.00171728 0.0029087 0.000249915 0.999996 0.345266
0.999995 0.00134247 -0.00275303 5.20971e-05 -0.00134429 0.999999 -0.000660341 -0.00156065 0.00275214 0.000664039 0.999996 0.37219
0.999997 0.00150534 -0.00183462 -0.000717283 -0.00150498 0.999999 0.000196317 -0.00219583 0.00183491 -0.000193556 0.999998 0.402353
0.999994 0.00179901 -0.00289328 -0.000498675 -0.00179879 0.999998 7.8959e-05 -0.00228452 0.00289342 -7.37541e-05 0.999996 0.432631
0.999996 0.00109033 -0.00246289 -0.000868461 -0.00108814 0.999999 0.000889878 -0.00292451 0.00246386 -0.000887195 0.999997 0.455841
0.999997 0.000886615 -0.00223575 -0.00103305 -0.00088495 0.999999 0.000745804 -0.00328635 0.00223641 -0.000743823 0.999997 0.472065
0.999997 -0.000249366 -0.00259078 -0.000516837 0.000250969 1 0.000618462 -0.00321694 0.00259062 -0.00061911 0.999996 0.483851
0.999995 0.000490304 -0.00296678 -0.000765786 -0.000486826 0.999999 0.0011729 -0.00313473 0.00296736 -0.00117145 0.999995 0.492623
0.999993 0.00122022 -0.00353268 -0.000214732 -0.0012214 0.999999 -0.000332785 -0.00202006 0.00353227 0.000337098 0.999994 0.499271
0.999992 0.00138298 -0.00378383 -8.9038e-05 -0.00138469 0.999999 -0.000450265 -0.00154796 0.0037832 0.000455501 0.999993 0.504108
0.999995 0.000900392 -0.00317797 -0.000549796 -0.000903743 0.999999 -0.00105306 -0.00193488 0.00317702 0.00105593 0.999994 0.507015
0.999993 0.000639016 -0.00368138 -0.000256983 -0.000640628 1 -0.000436742 -0.0021192 0.0036811 0.000439097 0.999993 0.509658
0.999992 0.00104607 -0.00388086 -0.000234913 -0.00104686 0.999999 -0.000200146 -0.00239793 0.00388065 0.000204207 0.999992 0.511046
0.999993 0.000724218 -0.00354742 9.72648e-05 -0.000723772 1 0.000127009 -0.00218368 0.00354752 -0.000124441 0.999994 0.512514
0.999994 0.00105517 -0.00335122 -0.000213941 -0.00105352 0.999999 0.000494644 -0.00247447 0.00335174 -0.00049111 0.999994 0.513377
0.999994 0.000697279 -0.00335021 -0.000211943 -0.000697122 1 4.80905e-05 -0.00238508 0.00335024 -4.57547e-05 0.999994 0.514181
0.999995 0.00111798 -0.00311646 -0.000347016 -0.00112032 0.999999 -0.000749816 -0.00217096 0.00311562 0.000753303 0.999995 0.514305
0.999994 0.00122752 -0.0033758 -0.000520835 -0.00122759 0.999999 -1.77613e-05 -0.0022838 0.00337578 2.19052e-05 0.999994 0.51669
0.999993 0.000202347 -0.00384571 -1.2879e-05 -0.000203954 1 -0.000417509 -0.00184037 0.00384563 0.000418291 0.999993 0.528806
0.999997 -0.000305648 -0.0025716 -0.000777454 0.000303079 0.999999 -0.000999203 -0.00161962 0.0025719 0.000998421 0.999996 0.548566
0.999996 0.00100823 -0.00280208 -0.00128805 -0.00100728 0.999999 0.00033971 -0.00259696 0.00280242 -0.000336886 0.999996 0.573676
0.999993 0.000657077 -0.00355327 -0.000587336 -0.000653965 0.999999 0.000876886 -0.00316385 0.00355385 -0.000874557 0.999993 0.600881
0.999991 0.000856705 -0.00413813 -0.00100267 -0.000852496 0.999999 0.0010187 -0.00291505 0.004139 -0.00101516 0.999991 0.621815
0.999993 0.000373935 -0.00371041 -0.00061037 -0.000370318 0.999999 0.000975416 -0.00366116 0.00371077 -0.000974035 0.999993 0.636539
0.99999 -0.00031475 -0.00442043 -0.000193778 0.000316494 1 0.000393836 -0.00296874 0.00442031 -0.000395231 0.99999 0.649403
0.999992 -0.000200301 -0.0040233 -0.000716273 0.000201384 1 0.000268631 -0.00340301 0.00402324 -0.000269439 0.999992 0.668334
0.999991 0.000145284 -0.00431106 0.000330551 -0.000138175 0.999999 0.00164942 -0.00379618 0.0043113 -0.00164881 0.999989 0.693035
0.999989 0.000173749 -0.00464873 0.000192415 -0.000168636 0.999999 0.00110023 -0.00351701 0.00464892 -0.00109943 0.999989 0.722663
0.999991 0.000361483 -0.00428592 5.39769e-05 -0.000353317 0.999998 0.00190584 -0.00401751 0.0042866 -0.00190431 0.999989 0.752625
0.99999 0.00161226 -0.00426895 -0.000511059 -0.0015977 0.999993 0.00341152 -0.00491315 0.00427442 -0.00340466 0.999985 0.774428
0.999991 0.00183574 -0.00386242 -0.000599897 -0.00182152 0.999992 0.00368294 -0.00500799 0.00386914 -0.00367587 0.999986 0.792705
0.999991 0.000953761 -0.0042238 -0.000573122 -0.000942639 0.999996 0.00263448 -0.00454078 0.0042263 -0.00263047 0.999988 0.816112
0.999993 0.00188092 -0.00332507 -0.0012426 -0.00187043 0.999993 0.00315494 -0.00443042 0.00333098 -0.0031487 0.999989 0.844623
0.999992 0.00185475 -0.00353146 -0.00137567 -0.00184176 0.999992 0.00367723 -0.005043 0.00353825 -0.0036707 0.999987 0.875673
0.999991 0.00119192 -0.00413416 -0.000611768 -0.00117747 0.999993 0.00349592 -0.00516114 0.0041383 -0.00349102 0.999985 0.907303
0.999991 0.00238701 -0.00346377 -0.00153704 -0.00237402 0.99999 0.00374935 -0.00523957 0.00347269 -0.0037411 0.999987 0.930929
0.99999 0.00234485 -0.0037151 -0.00165498 -0.00232978 0.999989 0.00405598 -0.00558601 0.00372457 -0.00404729 0.999985 0.947871
0.999989 0.00218897 -0.00423981 -0.00107284 -0.00217304 0.999991 0.00375906 -0.0054627 0.00424799 -0.00374981 0.999984 0.959757
0.999989 0.00253129 -0.0038578 -0.00141209 -0.0025185 0.999991 0.00331729 -0.00498019 0.00386616 -0.00330754 0.999987 0.970931
0.999992 0.00191671 -0.00355939 -0.00131535 -0.001907 0.999994 0.00272925 -0.00484881 0.0035646 -0.00272244 0.99999 0.989365
0.999992 0.00235071 -0.00337853 -0.00215761 -0.00233826 0.99999 0.00368218 -0.00511816 0.00338715 -0.00367425 0.999988 1.01357
0.999992 0.0020247 -0.00345632 -0.00231369 -0.00201324 0.999992 0.00331601 -0.00475199 0.00346301 -0.00330902 0.999989 1.04215
0.999992 0.0017602 -0.00359829 -0.00234559 -0.00174768 0.999992 0.00348051 -0.00478768 0.00360439 -0.00347419 0.999987 1.07102
0.999991 0.00225551 -0.00355793 -0.00232302 -0.0022375 0.999985 0.00505951 -0.00605003 0.00356929 -0.00505151 0.999981 1.09314
0.999992 0.00274466 -0.00305927 -0.00270609 -0.00272918 0.999984 0.00505286 -0.00572516 0.00307309 -0.00504447 0.999983 1.10933
0.999991 0.00157942 -0.00397725 -0.00205449 -0.00156643 0.999993 0.00326729 -0.00457123 0.00398239 -0.00326103 0.999987 1.12075
0.99999 0.00201941 -0.00390252 -0.00224493 -0.00200635 0.999992 0.0033467 -0.00470738 0.00390925 -0.00333884 0.999987 1.12901
0.999959 0.00222082 -0.00882146 -0.00336358 -0.00219034 0.999992 0.0034631 -0.00471461 0.00882907 -0.00344363 0.999955 1.13502
0.999416 0.00174409 -0.0341161 -0.00656885 -0.00160168 0.99999 0.00420132 -0.00499588 0.0341231 -0.00414423 0.999409 1.13786
0.997491 0.00203179 -0.0707688 -0.0126514 -0.00171497 0.999988 0.00453727 -0.00500956 0.0707772 -0.00440452 0.997482 1.13866
0.993509 0.00178634 -0.113736 -0.0192133 -0.00129753 0.99999 0.00437165 -0.0048757 0.113742 -0.0041957 0.993501 1.13781
0.98714 0.00204397 -0.159848 -0.0257797 -0.00142321 0.999991 0.00399785 -0.00471141 0.159854 -0.00371894 0.987134 1.13539
0.979155 0.00080322 -0.203113 -0.0307764 8.25072e-05 0.999991 0.00435224 -0.00517309 0.203115 -0.00427828 0.979146 1.13305
0.973946 0.00162382 -0.226775 -0.0340199 -0.000607103 0.999989 0.00455303 -0.00548362 0.22678 -0.00429673 0.973937 1.13163
0.969991 0.000288017 -0.243139 -0.0364134 0.000578575 0.999994 0.00349276 -0.00523814 0.243139 -0.00352863 0.969985 1.13026
0.961695 0.00111768 -0.274118 -0.0406447 -5.41907e-05 0.999992 0.0038872 -0.00500986 0.274121 -0.00372345 0.961688 1.1278
0.949863 0.000826406 -0.312666 -0.0454224 0.000323607 0.999993 0.00362618 -0.00526266 0.312667 -0.00354555 0.949856 1.1235
0.93486 0.00218162 -0.35501 -0.0512632 -4.81206e-05 0.999982 0.00601839 -0.0063535 0.355017 -0.00560927 0.934843 1.11905
0.919379 0.00208731 -0.393367 -0.0565458 0.000242287 0.999983 0.00587244 -0.00660805 0.393373 -0.00549431 0.919363 1.11457
0.909796 0.00199114 -0.415051 -0.0591074 0.000143404 0.999987 0.00511163 -0.00601335 0.415056 -0.00471006 0.909784 1.11208
0.902535 0.00204616 -0.430611 -0.0609212 0.000336245 0.999985 0.00545644 -0.00637102 0.430616 -0.00506942 0.902521 1.10994
0.887892 0.0014519 -0.460049 -0.0634134 0.00090761 0.999988 0.00490762 -0.00611765 0.46005 -0.00477498 0.88788 1.10617
0.868874 0.00179895 -0.495029 -0.0678826 0.000761425 0.999987 0.00497042 -0.00635014 0.495032 -0.0046956 0.868862 1.10085
0.845691 0.00114498 -0.533672 -0.0722304 0.00130042 0.99999 0.00420617 -0.00582841 0.533672 -0.00425111 0.845681 1.09545
0.821705 0.00104623 -0.569913 -0.0761084 0.00171465 0.999989 0.00430796 -0.00561755 0.569911 -0.00451707 0.821694 1.09059
0.808313 0.000735482 -0.588753 -0.0784048 0.00140553 0.999994 0.0031789 -0.00525061 0.588752 -0.00339706 0.808307 1.08725
0.797915 0.000870723 -0.602769 -0.0794811 0.00182369 0.999991 0.00385863 -0.00538998 0.602767 -0.00417813 0.797907 1.08525
0.778708 0.00155436 -0.627385 -0.0826072 0.00103278 0.999992 0.00375939 -0.00534593 0.627386 -0.00357542 0.778701 1.08063
0.752901 0.00124175 -0.658132 -0.0853988 0.00138143 0.999993 0.00346713 -0.00521886 0.658132 -0.00351957 0.752894 1.07465
0.721667 0.00144038 -0.692239 -0.0883735 0.00265081 0.999985 0.00484423 -0.00614098 0.692235 -0.00533091 0.721652 1.0683
0.692615 0.00151805 -0.721306 -0.0912738 0.0016941 0.999992 0.00373128 -0.00563522 0.721306 -0.00380631 0.692606 1.06195
0.67525 0.00217271 -0.737585 -0.0925562 0.00197698 0.999987 0.00475557 -0.00647807 0.737586 -0.00466939 0.675237 1.05842
0.662689 0.00170898 -0.748892 -0.0936878 0.00214264 0.999989 0.00417799 -0.0061487 0.748891 -0.00437331 0.662678 1.056
0.638588 0.00201221 -0.769546 -0.0956223 0.00149685 0.999991 0.00385689 -0.00586882 0.769548 -0.00361486 0.638579 1.05099
0.607268 0.00227735 -0.794494 -0.0976852 0.00151756 0.999991 0.00402632 -0.006071 0.794495 -0.00365075 0.607259 1.04456
0.570547 0.00182411 -0.821263 -0.0998706 0.00203801 0.999991 0.00363692 -0.00520751 0.821263 -0.00374877 0.570538 1.03864
0.526149 0.00203131 -0.85039 -0.10209 0.00204082 0.999991 0.00365134 -0.0051639 0.85039 -0.00365664 0.52614 1.0298
0.488719 0.00206917 -0.872439 -0.103022 0.00204181 0.999992 0.00351546 -0.00493963 0.872439 -0.00349942 0.48871 1.02314
0.44622 0.00185155 -0.894921 -0.10401 0.00180893 0.999994 0.0029709 -0.00507121 0.894921 -0.00294452 0.446214 1.01529
0.40195 0.00214649 -0.915659 -0.104724 0.000875295 0.999996 0.00272843 -0.00481954 0.915661 -0.00189816 0.401946 1.00664
0.356396 0.00183385 -0.934333 -0.104747 0.00206984 0.999994 0.00275226 -0.00512918 0.934333 -0.00291482 0.35639 0.998484
0.308798 0.0031835 -0.951122 -0.105033 0.000970457 0.999993 0.00366215 -0.00543256 0.951127 -0.00205389 0.308793 0.989438
0.266036 0.00284992 -0.963959 -0.104255 0.00188985 0.999992 0.00347802 -0.00532457 0.963961 -0.00274702 0.266029 0.983012
0.242699 0.00335302 -0.970096 -0.106176 0.00106363 0.999993 0.00372245 -0.00543419 0.970101 -0.00193526 0.242693 0.979006
0.230343 0.00395897 -0.973101 -0.117547 0.000707257 0.999991 0.00423578 -0.00554691 0.973109 -0.00166391 0.230338 0.979543
0.223955 0.00372905 -0.974592 -0.136352 0.000895348 0.999991 0.00403198 -0.00549666 0.974599 -0.00177558 0.223949 0.983473
0.219205 0.00318722 -0.975674 -0.16092 0.00153799 0.999992 0.0036122 -0.00560163 0.975678 -0.00229239 0.219199 0.989573
0.21855 0.00412458 -0.975817 -0.187367 0.00123058 0.999989 0.00450236 -0.00602886 0.975825 -0.00218481 0.218542 0.99484
0.217448 0.00385133 -0.976064 -0.206923 0.000518231 0.999992 0.00406119 -0.0057169 0.976072 -0.00138892 0.217444 0.999069
0.216303 0.00235298 -0.976323 -0.224318 0.00229382 0.999993 0.00291822 -0.00471449 0.976323 -0.00287073 0.216297 1.00409
0.2165 0.0016901 -0.976281 -0.246373 0.00183863 0.999996 0.00213889 -0.00390158 0.976281 -0.00225809 0.216497 1.00882
0.215925 0.00266755 -0.976406 -0.272146 0.00271055 0.999991 0.0033314 -0.00518709 0.976406 -0.00336594 0.215916 1.01503
0.216743 0.00267045 -0.976225 -0.302381 0.00249488 0.999991 0.00328938 -0.00510381 0.976225 -0.00314852 0.216735 1.02054
0.216265 0.0016479 -0.976333 -0.333518 0.00238915 0.999995 0.00221705 -0.00370863 0.976332 -0.00281207 0.21626 1.02744
0.211632 0.0018909 -0.977348 -0.356265 0.00208267 0.999995 0.00238569 -0.0036895 0.977347 -0.00254038 0.211627 1.03144
0.187023 0.00161157 -0.982354 -0.372233 0.00241872 0.999995 0.00210099 -0.00365483 0.982353 -0.00276897 0.187018 1.03041
0.150498 0.000947149 -0.98861 -0.38328 0.00257867 0.999996 0.00135061 -0.00318516 0.988607 -0.00275256 0.150495 1.02713
0.108953 0.0020855 -0.994045 -0.38998 0.00283397 0.999993 0.00240859 -0.00391532 0.994043 -0.00307951 0.108946 1.02095
0.0673099 0.0022663 -0.99773 -0.3967 0.00294157 0.999993 0.00246988 -0.00382201 0.997728 -0.00310114 0.0673027 1.01633
0.0441926 0.00262799 -0.99902 -0.411792 0.00290292 0.999992 0.00275896 -0.00401585 0.999019 -0.003022 0.0441846 1.01457
0.0321531 0.00200975 -0.999481 -0.433954 0.0026563 0.999994 0.00209624 -0.00364102 0.999479 -0.00272232 0.0321475 1.01429
0.0264728 0.00208397 -0.999647 -0.462654 0.00147583 0.999997 0.00212379 -0.00359608 0.999648 -0.00153153 0.0264697 1.01434
0.0233751 0.00214486 -0.999724 -0.493657 0.00137539 0.999997 0.0021776 -0.00360936 0.999726 -0.00142591 0.0233721 1.01562
0.0215188 0.00235327 -0.999766 -0.526336 0.00235941 0.999994 0.00240459 -0.00379139 0.999766 -0.0024106 0.0215131 1.01639
0.0214158 0.00188429 -0.999769 -0.563261 0.00183869 0.999996 0.0019241 -0.00394796 0.999769 -0.00187947 0.0214122 1.01724
0.0207501 0.00188101 -0.999783 -0.599614 0.00174867 0.999997 0.0019177 -0.0038465 0.999783 -0.00178809 0.0207468 1.0184
0.0200408 0.00165323 -0.999798 -0.637811 0.00172484 0.999997 0.00168814 -0.00343955 0.999798 -0.00175833 0.0200378 1.01981
0.0203523 0.00300121 -0.999788 -0.673127 0.00270318 0.999992 0.00305685 -0.00579679 0.999789 -0.00276482 0.020344 1.01933
0.0152608 0.00219969 -0.999881 -0.699889 0.00269837 0.999994 0.00224113 -0.00488618 0.99988 -0.00273225 0.0152548 1.01926
-0.00973375 0.00274996 -0.999949 -0.717214 0.0027226 0.999993 0.00272358 -0.00535763 0.999949 -0.00269595 -0.00974116 1.01552
-0.0468888 0.00272456 -0.998896 -0.729192 0.00280616 0.999993 0.00259583 -0.00559105 0.998896 -0.00268135 -0.0468961 1.00986
-0.0900929 0.00275199 -0.99593 -0.736542 0.00222081 0.999994 0.00256233 -0.00451622 0.995931 -0.00198093 -0.0900985 1.00313
-0.13065 0.00249595 -0.991425 -0.7411 0.00208315 0.999995 0.00224301 -0.00417409 0.991426 -0.00177224 -0.130654 0.997119
-0.159059 0.00222183 -0.987267 -0.744029 0.00233496 0.999996 0.00187429 -0.004185 0.987266 -0.00200711 -0.159064 0.993246
-0.195545 0.00257585 -0.980691 -0.744368 0.00192176 0.999996 0.00224337 -0.00431447 0.980693 -0.00144598 -0.195549 0.988171
-0.238102 0.00257255 -0.971237 -0.742936 0.00181803 0.999996 0.00220303 -0.00471681 0.971238 -0.00124119 -0.238106 0.982283
-0.282758 0.0030127 -0.959187 -0.740775 0.00226954 0.999994 0.00247183 -0.00513549 0.959189 -0.00147798 -0.282763 0.976424
-0.324252 0.00266187 -0.945967 -0.738186 0.00237379 0.999995 0.00200023 -0.00470676 0.945968 -0.00159695 -0.324257 0.970687
-0.351304 0.00305541 -0.936257 -0.735502 0.00247538 0.999994 0.0023346 -0.00463943 0.936258 -0.00149744 -0.351309 0.968057
-0.386308 0.00255131 -0.922366 -0.732256 0.00263777 0.999995 0.00166128 -0.00448689 0.922366 -0.00179123 -0.386313 0.963815
-0.425863 0.00292 -0.904783 -0.727516 0.00264786 0.999995 0.00198098 -0.00496725 0.904784 -0.00155211 -0.425869 0.958746
-0.468334 0.00300744 -0.883547 -0.723558 0.00202411 0.999995 0.0023309 -0.00431783 0.883549 -0.000696756 -0.468338 0.953495
-0.510698 0.0031013 -0.859755 -0.717894 0.00204891 0.999995 0.00239011 -0.00443492 0.859758 -0.000540931 -0.510702 0.948775
-0.551972 0.00313311 -0.833857 -0.711635 0.00269775 0.999994 0.00197158 -0.00457743 0.833858 -0.00116128 -0.551977 0.943848
-0.592816 0.00291455 -0.805333 -0.705242 0.00278364 0.999995 0.00156997 -0.00450047 0.805333 -0.00131106 -0.592821 0.939702
-0.628218 0.00301909 -0.778031 -0.698542 0.00265967 0.999995 0.00173286 -0.00489964 0.778033 -0.000980688 -0.628223 0.935769
-0.651534 0.00276323 -0.758614 -0.694386 0.00254287 0.999996 0.00145852 -0.00478158 0.758615 -0.000978779 -0.651538 0.933366
-0.679755 0.00307468 -0.733432 -0.689798 0.00233541 0.999995 0.00202766 -0.0046972 0.733435 -0.000334551 -0.679759 0.930705
-0.710518 0.00268657 -0.703674 -0.683142 0.00222393 0.999996 0.00157234 -0.0047405 0.703675 -0.000447745 -0.710521 0.927492
-0.742792 0.00247026 -0.669518 -0.676405 0.00219463 0.999997 0.00125478 -0.00459442 0.669519 -0.000537304 -0.742795 0.924583
-0.774527 0.00306332 -0.632534 -0.669339 0.00245653 0.999995 0.00183493 -0.00481873 0.632536 -0.000132632 -0.774531 0.922087
-0.804407 0.0025359 -0.594073 -0.661916 0.00221605 0.999997 0.001268 -0.00426394 0.594074 -0.000296513 -0.80441 0.919484
-0.83256 0.00199147 -0.553931 -0.653394 0.00170327 0.999998 0.00103514 -0.00462895 0.553932 -8.16775e-05 -0.832562 0.917562
-0.859427 0.00224778 -0.511253 -0.646387 0.00219393 0.999997 0.000708555 -0.00400626 0.511253 -0.000512702 -0.85943 0.915808
-0.883586 0.00131595 -0.468267 -0.638058 0.00168624 0.999999 -0.000371571 -0.00341534 0.468266 -0.00111793 -0.883587 0.914264
-0.905758 0.00082438 -0.423794 -0.62982 0.00103329 0.999999 -0.00026317 -0.00355599 0.423794 -0.00067627 -0.905759 0.913285
-0.925872 0.00147128 -0.377834 -0.622086 0.00163286 0.999999 -0.000107304 -0.0038678 0.377833 -0.000716298 -0.925874 0.913431
-0.943542 0.00179117 -0.331249 -0.61457 0.00172688 0.999998 0.000488402 -0.00378186 0.331249 -0.000111201 -0.943543 0.913066
-0.95889 0.00184803 -0.283771 -0.60611 0.00186153 0.999998 0.000222126 -0.00357815 0.283771 -0.000315252 -0.958892 0.913261
-0.970731 0.00145835 -0.240164 -0.599042 0.00134988 0.999999 0.000616132 -0.00402676 0.240164 0.000273906 -0.970732 0.914204
-0.976384 0.00143778 -0.216037 -0.595029 0.00144177 0.999999 0.000139149 -0.00357762 0.216037 -0.000175613 -0.976385 0.914499
-0.979076 0.00155986 -0.203487 -0.593421 0.00163214 0.999999 -0.00018742 -0.00342208 0.203486 -0.000515618 -0.979078 0.915029
-0.980565 0.00195221 -0.196187 -0.592675 0.00194557 0.999998 0.000226609 -0.00382329 0.196187 -0.00015949 -0.980566 0.914982
-0.981274 0.00191683 -0.192609 -0.592639 0.00192781 0.999998 0.000130411 -0.00406015 0.192609 -0.000243345 -0.981276 0.913551
-0.981581 0.002163 -0.191034 -0.594574 0.00230375 0.999997 -0.000514686 -0.00337517 0.191032 -0.0009453 -0.981583 0.901443
-0.981737 0.00215736 -0.190231 -0.598085 0.00224411 0.999997 -0.000240595 -0.00359159 0.19023 -0.000663101 -0.981739 0.882195
-0.981764 0.00217111 -0.190092 -0.602741 0.00221289 0.999998 -7.52301e-06 -0.00402893 0.190092 -0.00042804 -0.981766 0.857478
-0.9818 0.00173509 -0.189911 -0.607837 0.00182116 0.999998 -0.000278692 -0.0032133 0.18991 -0.000619479 -0.981801 0.829561
-0.981857 0.00164629 -0.189618 -0.611737 0.00163737 0.999999 0.000203702 -0.00301872 0.189618 -0.000110469 -0.981858 0.806092
-0.98184 0.00180216 -0.189702 -0.617153 0.00186132 0.999998 -0.00013366 -0.00195419 0.189701 -0.000484328 -0.981842 0.778853
-0.98196 0.00200408 -0.189078 -0.623531 0.00214516 0.999998 -0.000541503 -0.00205146 0.189076 -0.000937336 -0.981962 0.750282
-0.981787 0.0016303 -0.189978 -0.628192 0.00157909 0.999999 0.000420885 -0.00371653 0.189978 0.000113226 -0.981788 0.716813
-0.981829 0.00186447 -0.189759 -0.635138 0.00174006 0.999998 0.000822225 -0.0042907 0.18976 0.000477094 -0.98183 0.683607
-0.981777 0.00168721 -0.190031 -0.641373 0.00155125 0.999998 0.000864201 -0.00435946 0.190032 0.000553666 -0.981778 0.647707
-0.981829 0.00120955 -0.189764 -0.649279 0.00113828 0.999999 0.000484538 -0.00350973 0.189764 0.000259729 -0.98183 0.60926
-0.98174 0.00157898 -0.19022 -0.654499 0.00153844 0.999999 0.000360798 -0.00386579 0.190221 6.15678e-05 -0.981741 0.57183
-0.981891 0.00169164 -0.189438 -0.665537 0.00183608 0.999998 -0.000587001 -0.00174249 0.189437 -0.000924195 -0.981893 0.525347
-0.981817 0.00181941 -0.189823 -0.672102 0.00220039 0.999996 -0.00179628 0.000221268 0.189819 -0.00218131 -0.981817 0.485525
-0.981854 0.00162343 -0.18963 -0.679636 0.00154332 0.999999 0.000570113 -0.00422277 0.189631 0.000267108 -0.981855 0.449683
-0.981988 0.0017638 -0.188935 -0.68815 0.00195176 0.999998 -0.000808793 -0.00193736 0.188933 -0.00116298 -0.981989 0.410241
-0.98193 0.00198563 -0.189233 -0.694974 0.00205804 0.999998 -0.00018615 -0.00194924 0.189233 -0.000572236 -0.981932 0.368046
-0.981919 0.00247784 -0.189288 -0.702953 0.00250429 0.999997 9.94201e-05 -0.00290521 0.189287 -0.000376409 -0.981922 0.324517
-0.981975 0.00178537 -0.189001 -0.711031 0.002013 0.999997 -0.00101245 -0.000963781 0.188999 -0.00137466 -0.981976 0.289303
-0.981895 0.00180682 -0.189416 -0.717545 0.00191725 0.999998 -0.000399809 -0.00283243 0.189415 -0.000755728 -0.981897 0.250793
-0.981917 0.00234985 -0.189295 -0.72451 0.00234561 0.999997 0.000246453 -0.00400146 0.189295 -0.000202015 -0.98192 0.211889
-0.982111 0.00235837 -0.188289 -0.734214 0.00236027 0.999997 0.000214116 -0.00578606 0.188289 -0.000234129 -0.982114 0.165615
-0.98225 0.00199124 -0.187566 -0.742159 0.00210608 0.999998 -0.000412994 -0.00468044 0.187565 -0.000800694 -0.982252 0.138827
-0.98317 0.00229419 -0.182676 -0.744495 0.00217194 0.999997 0.000869241 -0.00699747 0.182678 0.000457849 -0.983173 0.118756
-0.987226 0.00259255 -0.159302 -0.739228 0.00270365 0.999996 -0.000480722 -0.00446076 0.159301 -0.000905279 -0.98723 0.105027
-0.992494 0.00223434 -0.122272 -0.737528 0.00198392 0.999996 0.00216982 -0.00978988 0.122276 0.00191096 -0.992494 0.0973202
-0.99681 0.00217291 -0.079778 -0.730699 0.00215444 0.999998 0.000317546 -0.00655803 0.0797785 0.000144656 -0.996813 0.0862214
-0.999461 0.00205924 -0.0327615 -0.724699 0.00205676 0.999998 0.00010935 -0.006585 0.0327617 4.19082e-05 -0.999463 0.0830065
-0.999886 0.00210783 0.0149845 -0.717539 0.00210478 0.999998 -0.000219282 -0.00637763 -0.0149849 -0.000187717 -0.999888 0.0815845
-0.997917 0.00225589 0.0644675 -0.71106 0.00225675 0.999997 -5.94673e-05 -0.00662721 -0.0644675 8.61435e-05 -0.99792 0.0819019
-0.993507 0.00186136 0.113759 -0.704166 0.00184645 0.999998 -0.000236466 -0.00617941 -0.113759 -2.48808e-05 -0.993508 0.0833474
-0.986726 0.000584947 0.162391 -0.69643 0.000512215 1 -0.000489748 -0.00522224 -0.162391 -0.000400068 -0.986726 0.0845865
-0.977477 0.000686264 0.211042 -0.689574 0.000563768 1 -0.000640602 -0.00520377 -0.211042 -0.000507195 -0.977477 0.0882197
-0.965632 0.000487938 0.259914 -0.683325 0.000300456 1 -0.000761053 -0.00533006 -0.259914 -0.000656805 -0.965632 0.0916053
-0.951412 0.000532903 0.307919 -0.677268 0.000261856 1 -0.000921574 -0.00522386 -0.307919 -0.000796167 -0.951412 0.0963938
-0.934769 0.000540615 0.355255 -0.671413 0.0004777 1 -0.000264811 -0.00581008 -0.355255 -7.78316e-05 -0.93477 0.10207
-0.91631 -0.000243586 0.40047 -0.663438 -0.000364467 1 -0.000225683 -0.0042995 -0.40047 -0.000352753 -0.91631 0.10497
-0.892272 -0.000161035 0.451499 -0.659104 -0.000120273 1 0.00011898 -0.00588448 -0.451499 5.18597e-05 -0.892272 0.11262
-0.871327 0.000853379 0.490702 -0.651993 -0.000225722 0.999998 -0.0021399 -0.00155546 -0.490703 -0.00197532 -0.871325 0.113774
-0.846125 0.000273897 0.532984 -0.646846 -0.000787677 0.999998 -0.00176435 -0.00166024 -0.532983 -0.00191268 -0.846123 0.120116
-0.818211 0.000405467 0.574918 -0.64236 -0.00094449 0.999997 -0.00204943 -0.00169501 -0.574918 -0.00221987 -0.818208 0.126526
-0.78749 0.000677251 0.616327 -0.638858 -0.000601261 0.999998 -0.00186709 -0.00175096 -0.616327 -0.00184089 -0.787488 0.133148
-0.756023 -9.87032e-05 0.654545 -0.634518 -0.00140952 0.999998 -0.00147725 -0.00164201 -0.654543 -0.00203943 -0.756022 0.140151
-0.723233 0.000216207 0.690605 -0.629411 -0.0018734 0.999996 -0.00227498 -0.000615353 -0.690602 -0.00293912 -0.723229 0.146992
-0.686897 0.000803641 0.726755 -0.62662 -0.00191112 0.999994 -0.0029121 -0.000173846 -0.726753 -0.00338922 -0.686891 0.154122
-0.650392 0.00127374 0.759597 -0.623465 -0.00135706 0.999995 -0.00283881 -0.000405428 -0.759597 -0.00287716 -0.650388 0.161514
-0.611297 0.0018687 0.791399 -0.621418 -0.00118022 0.999994 -0.00327288 0.000126736 -0.7914 -0.00293472 -0.611291 0.169224
-0.571323 0.00146838 0.820724 -0.617806 -0.00226498 0.999992 -0.00336581 0.00123307 -0.820722 -0.00378189 -0.571315 0.175759
-0.52927 0.00064477 0.848453 -0.616119 -0.00264967 0.999994 -0.00241281 0.000666735 -0.848449 -0.00352514 -0.529265 0.183787
-0.486403 -0.000334706 0.873734 -0.61475 -0.0034323 0.999993 -0.00152767 0.000188902 -0.873728 -0.00374198 -0.486401 0.191941
-0.44174 0.00152718 0.897142 -0.613456 -0.00255947 0.999992 -0.00296251 0.00129279 -0.89714 -0.00360486 -0.441732 0.199234
-0.395002 0.00235278 0.918677 -0.613801 -0.00107787 0.999995 -0.00302449 0.000873286 -0.91868 -0.00218489 -0.394998 0.206009
-0.348622 0.00246303 0.93726 -0.614121 -0.00118955 0.999995 -0.00307035 0.000605723 -0.937263 -0.00218531 -0.348618 0.214004
-0.296066 0.00215185 0.955165 -0.614138 -0.00200277 0.999994 -0.00287362 0.00098318 -0.955165 -0.00276375 -0.29606 0.223098
-0.253761 0.00253104 0.967264 -0.614536 -0.00217639 0.999993 -0.00318765 0.00131108 -0.967264 -0.00291404 -0.253754 0.230219
-0.203905 0.00245946 0.978988 -0.616172 -0.00154995 0.999995 -0.00283506 0.000860992 -0.97899 -0.00209547 -0.2039 0.238155
-0.155341 0.00213354 0.987859 -0.6151 -0.00256405 0.999993 -0.00256295 0.00222395 -0.987858 -0.00293105 -0.155335 0.245543
-0.106349 0.00212241 0.994327 -0.617598 -0.00365923 0.99999 -0.00252587 0.00209659 -0.994322 -0.00390709 -0.10634 0.253363
-0.0554151 0.00267217 0.99846 -0.619689 -0.00135439 0.999995 -0.00275145 0.00183656 -0.998462 -0.00150478 -0.0554112 0.260205
-0.00538166 0.00274196 0.999982 -0.6225 -0.00189274 0.999994 -0.00275218 0.00201091 -0.999984 -0.00190751 -0.00537644 0.267937
0.0436541 0.00217941 0.999044 -0.625523 -0.00200301 0.999996 -0.00209396 0.00133938 -0.999045 -0.00190969 0.0436583 0.275524
0.0945821 0.00239903 0.995514 -0.628833 -0.00216045 0.999995 -0.00220457 0.0015993 -0.995515 -0.00194224 0.0945868 0.282359
0.144074 0.00241908 0.989564 -0.631729 -0.00268176 0.999994 -0.00205413 0.00220308 -0.989563 -0.00235783 0.144079 0.289992
0.193418 0.00219687 0.981114 -0.636322 -0.00211272 0.999996 -0.00182264 0.00200534 -0.981114 -0.00172029 0.193422 0.29654
0.242561 0.00229578 0.970133 -0.642027 -0.00206027 0.999996 -0.00185132 0.00150229 -0.970134 -0.00154968 0.242565 0.302686
0.291332 0.00269946 0.956618 -0.646505 -0.00133727 0.999996 -0.00241462 0.00156813 -0.956621 -0.000575803 0.291334 0.308449
0.338576 0.00170836 0.940937 -0.652463 -0.00151858 0.999998 -0.00126917 0.000877068 -0.940938 -0.000999175 0.338578 0.31457
0.385311 0.00231732 0.922784 -0.656684 -0.00119857 0.999997 -0.00201076 0.00197774 -0.922786 -0.000331249 0.385313 0.320592
0.430916 0.00237779 0.902389 -0.662479 -0.00128896 0.999997 -0.00201948 0.00195246 -0.902391 -0.000292913 0.430918 0.326233
0.475732 0.00231981 0.879587 -0.668534 -0.00181746 0.999997 -0.00165438 0.00174468 -0.879588 -0.000811573 0.475735 0.33158
0.518372 0.0023846 0.855152 -0.674838 -0.00257635 0.999996 -0.00122678 0.00158634 -0.855151 -0.00156724 0.518377 0.33699
0.562432 0.00251061 0.82684 -0.680569 -0.000758289 0.999997 -0.00252058 0.00214945 -0.826843 0.00079067 0.562432 0.340338
0.603969 0.00255077 0.797004 -0.687521 -9.60612e-05 0.999995 -0.00312764 0.00198649 -0.797008 0.00181244 0.603967 0.343644
0.642217 0.00309423 0.766517 -0.694336 -0.00140835 0.999995 -0.00285675 0.00238598 -0.766522 0.000755129 0.642218 0.348754
0.679562 0.00267122 0.733613 -0.701266 -0.00113603 0.999996 -0.00258884 0.00246361 -0.733617 0.00092587 0.679562 0.352457
0.716063 0.00135449 0.698035 -0.708806 -0.000481132 0.999999 -0.00144687 0.00170738 -0.698036 0.000700203 0.716062 0.354607
0.750312 0.000792871 0.661083 -0.716381 0.00012365 0.999999 -0.00133969 0.00137363 -0.661084 0.00108693 0.750311 0.356924
0.782217 0.00120532 0.623005 -0.724094 -0.000401786 0.999999 -0.00143022 0.00154154 -0.623006 0.000868424 0.782216 0.360066
0.8171 0.000386359 0.576496 -0.732836 0.000106946 1 -0.000821764 0.000810305 -0.576496 0.000733117 0.817099 0.361814
0.840881 0.00130459 0.541219 -0.73943 8.22687e-05 0.999997 -0.00253828 0.00184328 -0.541221 0.00217891 0.840878 0.362986
0.866746 0.000760126 0.498749 -0.747196 0.000251642 0.999998 -0.00196137 0.00141774 -0.49875 0.00182552 0.866744 0.364315
0.890311 0.00132931 0.455351 -0.755882 -0.000666044 0.999998 -0.00161704 0.00128721 -0.455352 0.00113638 0.890311 0.365791
0.911905 0.00230626 0.410394 -0.764224 -0.00159669 0.999997 -0.00207172 0.00172389 -0.410397 0.00123394 0.911906 0.367233
0.931229 0.00190534 0.364429 -0.772108 -0.000862342 0.999995 -0.00302472 0.00214704 -0.364432 0.00250244 0.931226 0.367042
0.948597 0.00149515 0.316482 -0.779654 -0.000983668 0.999998 -0.00177591 0.00172634 -0.316484 0.00137331 0.948597 0.366346
0.963335 0.00166636 0.268295 -0.787919 -0.00128031 0.999998 -0.00161384 0.00156685 -0.268297 0.00121117 0.963335 0.365824
0.97518 0.00150905 0.22141 -0.796397 -0.00121029 0.999998 -0.00148503 0.0015334 -0.221411 0.0011802 0.97518 0.365012
0.985136 0.00210693 0.171762 -0.803945 -0.00189015 0.999997 -0.00142562 0.00168773 -0.171764 0.00107978 0.985138 0.363318
0.991787 0.00181029 0.127887 -0.811211 -0.00169247 0.999998 -0.00102998 0.00134325 -0.127888 0.000805078 0.991788 0.361739
0.995241 0.00196168 0.097425 -0.815761 -0.00187604 0.999998 -0.000970654 0.00163252 -0.0974267 0.000783261 0.995242 0.360685
0.998173 0.0021441 0.0603845 -0.821832 -0.00211963 0.999998 -0.00046944 0.00137869 -0.0603854 0.00034059 0.998175 0.358956
0.999864 0.00101868 0.016471 -0.828211 -0.00101429 0.999999 -0.000274742 0.0011068 -0.0164713 0.000257998 0.999864 0.356564
0.999522 0.00114469 -0.0309008 -0.835171 -0.00118729 0.999998 -0.00136042 0.00209206 0.0308992 0.00139645 0.999522 0.354078
0.997281 0.00107892 -0.0736857 -0.841738 -0.00116674 0.999999 -0.00114882 0.0019322 0.0736844 0.00123167 0.997281 0.350852
0.99522 0.00151828 -0.09765 -0.845151 -0.00168288 0.999997 -0.0016033 0.00232073 0.0976473 0.00175997 0.99522 0.349505
0.993722 0.00127234 -0.111869 -0.846855 -0.00148662 0.999997 -0.00183207 0.00259081 0.111866 0.00198687 0.993721 0.348561
0.993107 0.00135499 -0.117204 -0.847122 -0.00143091 0.999999 -0.00056355 0.00183633 0.117203 0.000727373 0.993108 0.348041
0.992832 0.00151819 -0.119509 -0.848174 -0.00168382 0.999998 -0.001285 0.00218002 0.119507 0.00147702 0.992832 0.347976
0.992617 0.00155018 -0.121279 -0.848343 -0.00174859 0.999997 -0.00152964 0.00257715 0.121276 0.00173041 0.992617 0.348118
0.992416 0.0013934 -0.122918 -0.848123 -0.00160782 0.999997 -0.00164525 0.00264449 0.122916 0.0018304 0.992415 0.348104
0.992354 0.00121922 -0.123415 -0.847909 -0.0014306 0.999998 -0.00162412 0.00268689 0.123413 0.00178826 0.992354 0.348212
0.992331 0.00140741 -0.123601 -0.848029 -0.00154502 0.999998 -0.00101748 0.00230906 0.1236 0.00120065 0.992331 0.348069
0.992319 0.00130922 -0.123702 -0.848072 -0.00144134 0.999998 -0.000978504 0.00227935 0.1237 0.00114928 0.992319 0.347992
0.992345 0.00145973 -0.123487 -0.848158 -0.0016539 0.999998 -0.0014699 0.00250468 0.123484 0.00166288 0.992345 0.347882
0.992328 0.00121805 -0.123624 -0.848106 -0.00137912 0.999998 -0.00121737 0.00251668 0.123623 0.00137852 0.992328 0.348057
0.992301 0.00129148 -0.123841 -0.848012 -0.00146178 0.999998 -0.00128435 0.00243483 0.123839 0.00145549 0.992301 0.347963
0.992341 0.00142259 -0.12352 -0.848236 -0.00158351 0.999998 -0.00120462 0.00246755 0.123518 0.00139099 0.992341 0.347988
0.9923 0.00124719 -0.12385 -0.847987 -0.00144299 0.999998 -0.00149126 0.00265055 0.123848 0.00165849 0.9923 0.348007
0.992311 0.00135549 -0.123764 -0.848045 -0.00146736 0.999999 -0.000812703 0.00223491 0.123763 0.000988061 0.992311 0.348027
0.992324 0.00134515 -0.123657 -0.848047 -0.00149162 0.999998 -0.00109191 0.00242379 0.123655 0.00126797 0.992324 0.348135
0.992308 0.00132662 -0.123783 -0.847995 -0.00143593 0.999999 -0.000793924 0.00223683 0.123782 0.000965561 0.992309 0.348058
0.992307 0.00138573 -0.123793 -0.848001 -0.00147718 0.999999 -0.00064699 0.0021077 0.123792 0.000824878 0.992308 0.34804
0.992302 0.0012825 -0.123838 -0.847975 -0.00138983 0.999999 -0.000780271 0.00221191 0.123837 0.000946378 0.992302 0.348032
0.992302 0.00119489 -0.123838 -0.847956 -0.00129898 0.999999 -0.00075982 0.00216248 0.123837 0.000914834 0.992302 0.348017
0.992297 0.00131709 -0.123878 -0.847923 -0.00139604 0.999999 -0.000550519 0.00206276 0.123877 0.000719217 0.992297 0.34802
0.992303 0.00130081 -0.123827 -0.848029 -0.00141189 0.999999 -0.000809311 0.00221673 0.123826 0.000977912 0.992303 0.348015
0.9923 0.00125183 -0.123855 -0.847937 -0.00136889 0.999999 -0.000860048 0.00227059 0.123854 0.00102297 0.9923 0.348041
0.992316 0.00147584 -0.123717 -0.848077 -0.00152853 0.999999 -0.000330964 0.00193238 0.123716 0.000517526 0.992318 0.348016
0.992311 0.00141798 -0.123758 -0.848012 -0.00150822 0.999999 -0.00063547 0.00214813 0.123757 0.000817239 0.992312 0.348034
0.992302 0.00130388 -0.123836 -0.848005 -0.00141657 0.999999 -0.000821957 0.00219564 0.123834 0.000991051 0.992302 0.347992
0.992305 0.00127002 -0.123814 -0.847995 -0.00137815 0.999999 -0.000787642 0.00221099 0.123813 0.000952215 0.992305 0.348037
0.992295 0.00135671 -0.123892 -0.847891 -0.00144386 0.999999 -0.000613726 0.00211764 0.123891 0.00078788 0.992296 0.347979
0.992306 0.00129638 -0.123805 -0.848039 -0.00142303 0.999999 -0.000934544 0.00226859 0.123804 0.00110353 0.992306 0.347995
0.992303 0.00128063 -0.123826 -0.848031 -0.00140444 0.999999 -0.000912625 0.00226563 0.123825 0.00107951 0.992304 0.348002
0.992303 0.00128063 -0.123826 -0.848031 -0.00140444 0.999999 -0.000912625 0.00226563 0.123825 0.00107951 0.992304 0.348002
0.992302 0.00127066 -0.123837 -0.847972 -0.0013773 0.999999 -0.000775557 0.0022146 0.123836 0.000940148 0.992302 0.348031
0.992302 0.00125915 -0.123838 -0.847975 -0.00136531 0.999999 -0.000772377 0.00222031 0.123837 0.000935509 0.992302 0.348034
0.992302 0.00125915 -0.123838 -0.847975 -0.00136531 0.999999 -0.000772377 0.00222031 0.123837 0.000935509 0.992302 0.348034
0.992302 0.00125915 -0.123838 -0.847975 -0.00136531 0.999999 -0.000772378 0.00222031 0.123837 0.00093551 0.992302 0.348034
0.992302 0.00125915 -0.123838 -0.847975 -0.00136531 0.999999 -0.000772378 0.00222031 0.123837 0.00093551 0.992302 0.348034
0.992302 0.00125915 -0.123838 -0.847975 -0.00136531 0.999999 -0.000772378 0.00222031 0.123837 0.000935511 0.992302 0.348034
0.992302 0.00125915 -0.123838 -0.847975 -0.00136531 0.999999 -0.000772378 0.00222031 0.123837 0.000935511 0.992302 0.348034
0.992302 0.00125915 -0.123838 -0.847975 -0.00136531 0.999999 -0.000772378 0.00222031 0.123837 0.00093551 0.992302 0.348034
0.992302 0.00125915 -0.123838 -0.847975 -0.00136531 0.999999 -0.000772378 0.00222031 0.123837 0.00093551 0.992302 0.348034
0.992302 0.00125915 -0.123838 -0.847975 -0.00136531 0.999999 -0.000772378 0.00222031 0.123837 0.00093551 0.992302 0.348034
0.992302 0.00125915 -0.123838 -0.847975 -0.00136531 0.999999 -0.000772378 0.00222031 0.123837 0.00093551 0.992302 0.348034
0.992302 0.00125915 -0.123838 -0.847975 -0.00136531 0.999999 -0.000772378 0.00222031 0.123837 0.00093551 0.992302 0.348034
0.992302 0.00125915 -0.123838 -0.847975 -0.00136531 0.999999 -0.000772378 0.00222031 0.123837 0.00093551 0.992302 0.348034
0.992286 0.00138038 -0.123965 -0.847867 -0.00146095 0.999999 -0.000559018 0.00208087 0.123964 0.000735811 0.992286 0.347961
0.992284 0.0014012 -0.123978 -0.847863 -0.00148315 0.999999 -0.000568681 0.00208168 0.123977 0.00074817 0.992285 0.347972
0.992286 0.00138367 -0.123965 -0.847859 -0.00146486 0.999999 -0.000563784 0.00208195 0.123964 0.000741026 0.992286 0.347955
0.992302 0.00127066 -0.123837 -0.847972 -0.0013773 0.999999 -0.000775558 0.0022146 0.123836 0.000940149 0.992302 0.348031
0.992302 0.00125915 -0.123838 -0.847975 -0.00136531 0.999999 -0.000772378 0.00222031 0.123837 0.00093551 0.992302 0.348034
0.992302 0.00125915 -0.123838 -0.847975 -0.00136531 0.999999 -0.000772378 0.00222031 0.123837 0.00093551 0.992302 0.348034
0.992302 0.00125915 -0.123838 -0.847975 -0.00136531 0.999999 -0.000772378 0.00222031 0.123837 0.00093551 0.992302 0.348034
0.992302 0.00125915 -0.123838 -0.847975 -0.00136531 0.999999 -0.000772377 0.00222031 0.123837 0.000935509 0.992302 0.348034
0.992302 0.00125915 -0.123838 -0.847975 -0.00136531 0.999999 -0.000772377 0.00222031 0.123837 0.000935509 0.992302 0.348034
0.992302 0.00125915 -0.123838 -0.847975 -0.00136531 0.999999 -0.000772377 0.00222031 0.123837 0.000935509 0.992302 0.348034
0.992302 0.00125915 -0.123838 -0.847975 -0.00136531 0.999999 -0.000772377 0.00222031 0.123837 0.000935509 0.992302 0.348034
0.992286 0.00138045 -0.123965 -0.847867 -0.00146096 0.999999 -0.000558555 0.00208057 0.123964 0.000735353 0.992286 0.347961
0.992302 0.00127066 -0.123837 -0.847972 -0.0013773 0.999999 -0.000775557 0.0022146 0.123836 0.000940148 0.992302 0.348031
0.992302 0.00125915 -0.123838 -0.847975 -0.00136531 0.999999 -0.000772377 0.00222031 0.123837 0.000935509 0.992302 0.348034
0.992286 0.00132746 -0.12396 -0.847849 -0.00140356 0.999999 -0.000526565 0.00205511 0.123959 0.000696488 0.992287 0.347989
