1 -0 0 -0 -0 1 -0 0 0 -0 1 0
1 -0.000198527 -0.000211634 0.000138608 0.000198529 1 8.77152e-06 -2.5112e-05 0.000211632 -8.81353e-06 1 -4.15267e-05
1 -0.000149805 -0.000125194 9.97422e-05 0.000149807 1 1.30256e-05 -2.21836e-05 0.000125192 -1.30444e-05 1 -3.49124e-05
1 -6.81132e-05 -8.65105e-05 6.25279e-05 6.80983e-05 1 -0.00017288 5.78685e-05 8.65223e-05 0.000172874 1 -6.83e-05
1 -0.000244949 -0.000281059 0.000186036 0.000244942 1 -2.59896e-05 -1.46968e-05 0.000281066 2.59208e-05 1 -6.49149e-05
1 0.000106809 -2.2535e-05 -2.74214e-05 -0.000106806 1 0.000116175 -3.17923e-05 2.25474e-05 -0.000116172 1 4.26027e-05
1 -3.56504e-05 -8.39519e-05 5.25604e-05 3.56356e-05 1 -0.000175322 6.28943e-05 8.39582e-05 0.000175319 1 -5.92003e-05
1 -7.76839e-05 -0.000127374 0.000108208 7.76579e-05 1 -0.00020393 6.22304e-05 0.000127389 0.00020392 1 -6.10892e-05
1 -5.16826e-05 -9.05877e-05 6.17205e-05 5.16669e-05 1 -0.000173747 5.80077e-05 9.05967e-05 0.000173743 1 -6.85633e-05
1 -0.000232175 -0.000292064 0.000191174 0.000232175 1 1.26339e-06 -2.93989e-05 0.000292063 -1.3312e-06 1 -6.29596e-05
1 -2.52734e-05 -0.000113904 0.000179789 2.52667e-05 1 -5.94036e-05 -6.94002e-05 0.000113905 5.94007e-05 1 -0.000176042
1 -0.000102019 -0.000177251 0.000230517 0.000102038 1 0.000103845 -0.000144355 0.00017724 -0.000103863 1 -0.000153531
1 -0.000202697 -0.000281516 0.000306921 0.000202732 1 0.000123474 -0.000192279 0.000281491 -0.000123531 1 -0.000225071
1 -6.91311e-05 -0.00010603 6.35408e-05 6.9108e-05 1 -0.000218452 0.000100024 0.000106045 0.000218445 1 -4.04001e-05
1 -0.000154827 -0.000205081 0.000138556 0.000154816 1 -5.60794e-05 2.33375e-05 0.00020509 5.60477e-05 1 -2.03254e-05
1 -5.41566e-05 -0.000163704 0.00010283 5.41818e-05 1 0.000153807 -5.20438e-05 0.000163696 -0.000153816 1 1.72086e-05
1 -9.76064e-06 -0.000133819 8.82525e-05 9.796e-06 1 0.000264254 -0.000126321 0.000133816 -0.000264256 1 1.09073e-05
1 -0.000280687 -0.000308878 0.000217248 0.000280662 1 -8.07282e-05 -2.42642e-05 0.000308901 8.06415e-05 1 -0.000110413
1 -5.68372e-05 -0.000110974 4.58115e-05 5.68126e-05 1 -0.000221171 0.000102032 0.000110986 0.000221165 1 -3.33948e-05
1 -0.000205182 -0.00027076 0.000184834 0.000205187 1 1.87299e-05 -6.89776e-05 0.000270756 -1.87855e-05 1 -0.00010879
1 -0.000166249 -0.000181226 0.000102935 0.000166241 1 -4.4089e-05 1.5255e-05 0.000181233 4.40589e-05 1 -1.24621e-05
1 -0.000207367 -0.000186654 0.000158442 0.000207373 1 3.42571e-05 -2.08727e-05 0.000186647 -3.42958e-05 1 -1.67348e-05
1 -9.24368e-05 -6.21941e-05 2.15973e-05 9.24459e-05 1 0.000146134 -4.72922e-05 6.21806e-05 -0.000146139 1 6.17036e-05
1 -0.000136549 -9.17948e-05 6.65207e-05 0.000136562 1 0.000138487 -5.17915e-05 9.17759e-05 -0.000138499 1 4.40053e-05
1 -0.000139635 -0.000138158 5.32051e-05 0.000139628 1 -4.92804e-05 3.43831e-05 0.000138165 4.92612e-05 1 7.03927e-06
1 -0.000135527 -0.000154674 7.9249e-05 0.00013552 1 -4.84883e-05 3.4935e-05 0.00015468 4.84673e-05 1 8.91587e-06
1 -0.000146184 -0.000153496 9.16229e-05 0.000146179 1 -3.26604e-05 2.68049e-05 0.000153501 3.2638e-05 1 6.45474e-07
1 9.04716e-05 -0.00015032 4.8262e-05 -9.04542e-05 1 0.000115939 -2.8086e-05 0.00015033 -0.000115926 1 4.94483e-06
1 -0.000333313 -0.000280991 0.000236947 0.000333323 1 3.32483e-05 -0.000119027 0.000280979 -3.3342e-05 1 -9.72968e-05
1 -0.000321902 -0.000256242 0.000272658 0.000321913 1 4.28642e-05 -9.65461e-05 0.000256228 -4.29467e-05 1 -2.61862e-05
1 -0.000149886 -0.000154914 0.000106552 0.000149884 1 -1.1337e-05 1.23594e-05 0.000154916 1.13138e-05 1 -1.51318e-06
1 -0.000176875 -0.000126792 0.000148092 0.000176896 1 0.000161467 -7.86721e-05 0.000126763 -0.000161489 1 1.24593e-06
1 -0.000143451 -0.000187264 0.000126003 0.000143443 1 -4.41262e-05 2.29215e-05 0.00018727 4.40993e-05 1 -1.21128e-05
1 -0.000238949 -0.000176759 0.000180938 0.000238941 1 -4.70698e-05 -1.51231e-06 0.00017677 4.70276e-05 1 -7.79668e-05
1 -0.000295154 -0.000252628 0.000420305 0.000295124 1 -0.000115336 7.8507e-05 0.000252662 0.000115262 1 -5.45666e-05
1 -0.000198106 -0.000128191 0.000183509 0.000198087 1 -0.000147497 0.000105092 0.000128221 0.000147471 1 6.83728e-05
1 -0.000227657 -7.5967e-05 0.000196048 0.000227649 1 -0.000104461 1.64137e-06 7.59907e-05 0.000104444 1 0.00177242
1 -0.000487856 -0.000443998 0.000387519 0.000487721 1 -0.000305149 -0.000202857 0.000444147 0.000304933 1 0.0171284
1 -0.000491985 -0.000804411 0.000664332 0.000491502 1 -0.000600156 0.000125617 0.000804706 0.000599761 0.999999 0.0451408
1 0.000450858 0.000205403 -0.000235883 -0.00045092 1 0.000301616 0.000207836 -0.000205267 -0.000301709 1 0.0822861
1 -0.000126087 -0.000478234 0.000512801 0.000126366 1 0.000582732 -0.00108972 0.000478161 -0.000582792 1 0.123181
1 0.000207476 -0.000560094 0.000343319 -0.000207282 1 0.000346378 -0.00123782 0.000560166 -0.000346262 1 0.15728
1 -0.000560162 -0.000497248 0.0006296 0.00056007 1 -0.000183981 -0.000754846 0.000497351 0.000183703 1 0.19755
1 -0.000284127 -0.000655008 0.000596597 0.000284724 1 0.000910962 -0.00164911 0.000654749 -0.000911148 0.999999 0.240973
1 0.000177353 -0.000893197 0.00021837 -0.000176687 1 0.000745851 -0.0015372 0.000893329 -0.000745693 0.999999 0.289763
0.999999 -0.00064747 -0.000971082 0.000254714 0.000649166 0.999998 0.0017466 -0.00233143 0.00096995 -0.00174723 0.999998 0.341949
1 -0.000189606 -0.000596259 -0.000277063 0.000190399 0.999999 0.00132864 -0.00233868 0.000596007 -0.00132875 0.999999 0.396396
1 3.66236e-05 -0.000376854 -0.000540126 -3.61681e-05 0.999999 0.00120859 -0.00242801 0.000376898 -0.00120857 0.999999 0.452364
0.999999 0.000579796 -0.000935538 8.62957e-05 -0.000578295 0.999999 0.00160337 -0.00202528 0.000936466 -0.00160283 0.999998 0.509986
0.999999 -0.000339486 -0.00101742 0.000302507 0.000340151 1 0.000653095 -0.00186983 0.00101719 -0.000653441 0.999999 0.567265
1 0.000543377 -0.000223004 -0.00109719 -0.000543056 0.999999 0.00143797 -0.00266834 0.000223785 -0.00143785 0.999999 0.625685
1 2.05417e-05 -0.00016919 -0.00117784 -2.01411e-05 0.999997 0.00236704 -0.00337516 0.000169238 -0.00236704 0.999997 0.684147
1 -0.000340518 -0.000271841 -0.000653523 0.000341181 0.999997 0.00244535 -0.00341321 0.000271007 -0.00244544 0.999997 0.744238
1 8.71193e-05 -0.00046375 -0.000648325 -8.56791e-05 0.999995 0.00310473 -0.00366509 0.000464018 -0.00310469 0.999995 0.803455
1 3.26484e-05 -0.000867527 -0.000658534 -2.97901e-05 0.999995 0.00329464 -0.00357112 0.00086763 -0.00329461 0.999994 0.862615
0.999999 0.000614876 -0.000803005 -0.000877242 -0.000613095 0.999997 0.00221614 -0.00335343 0.000804366 -0.00221565 0.999997 0.922307
1 -6.22786e-05 -0.000818284 -0.000693547 6.4535e-05 0.999996 0.00275773 -0.00381942 0.000818109 -0.00275778 0.999996 0.981811
1 0.000319837 -0.000694307 -0.00101949 -0.000317745 0.999995 0.00301133 -0.00360844 0.000695267 -0.00301111 0.999995 1.04197
0.999999 -0.000126581 -0.00118621 -0.000242549 0.000129911 0.999996 0.00280773 -0.00371622 0.00118585 -0.00280788 0.999995 1.10138
0.999999 0.000416694 -0.00141797 -0.000318272 -0.000411017 0.999992 0.00400135 -0.0047623 0.00141962 -0.00400077 0.999991 1.16152
0.999999 -0.000471138 -0.0011671 -7.36131e-05 0.000475381 0.999993 0.00363775 -0.00430785 0.00116538 -0.0036383 0.999993 1.22051
1 -0.000432053 -0.000839749 -0.00123796 0.000435442 0.999992 0.00403931 -0.00540876 0.000837997 -0.00403968 0.999991 1.27883
1 -0.000628784 -0.000689196 -0.002103 0.000630936 0.999995 0.00312595 -0.00417524 0.000687227 -0.00312638 0.999995 1.33943
0.999999 -0.000734603 -0.00136349 -0.000252604 0.000741632 0.999986 0.0051621 -0.00550203 0.00135968 -0.0051631 0.999986 1.39965
0.999998 -0.000696546 -0.00178278 -4.76655e-05 0.000705458 0.999987 0.00500317 -0.00558846 0.00177928 -0.00500441 0.999986 1.4587
0.999999 -0.000388777 -0.00137208 -0.00052254 0.000396154 0.999985 0.00538031 -0.00573845 0.00136997 -0.00538085 0.999985 1.51875
0.999999 -0.00043177 -0.00128627 -0.000448113 0.000438595 0.999986 0.00531048 -0.00604994 0.00128396 -0.00531104 0.999985 1.57938
0.999997 -0.000336081 -0.00228552 0.00102762 0.000345174 0.999992 0.00397901 -0.00410482 0.00228416 -0.00397979 0.999989 1.63975
1 -0.000390746 -0.000591712 -0.00201901 0.000394097 0.999984 0.00567537 -0.00624947 0.000589485 -0.0056756 0.999984 1.69846
0.999999 -0.00091225 -0.000621515 -0.00140027 0.000916104 0.99998 0.0062292 -0.0067725 0.00061582 -0.00622977 0.99998 1.75552
0.999999 -0.000769307 -0.00096258 -0.00229107 0.000774801 0.999983 0.0057206 -0.00611908 0.000958163 -0.00572134 0.999983 1.8009
0.999998 -0.00127277 -0.0011769 -0.00207561 0.00128059 0.999977 0.00667174 -0.00690112 0.00116838 -0.00667324 0.999977 1.84946
0.999998 -0.00176971 -0.00133626 -0.00272821 0.00177847 0.999977 0.00658789 -0.00677158 0.00132457 -0.00659025 0.999977 1.89907
0.999999 -0.000849821 -0.000716965 -0.00310927 0.000854375 0.999979 0.00637516 -0.00634559 0.000711532 -0.00637577 0.999979 1.95291
0.999999 -0.00117451 -0.000171983 -0.0036301 0.00117571 0.999973 0.0071945 -0.007275 0.000163529 -0.00719469 0.999974 2.00672
0.999999 -0.000868738 -0.00125768 -0.00289717 0.000875532 0.999985 0.00541137 -0.00529971 0.00125296 -0.00541246 0.999985 2.06327
0.999997 -0.00224484 -0.000895551 -0.00343924 0.00225109 0.999973 0.00704786 -0.00651352 0.000879705 -0.00704986 0.999975 2.12276
0.999997 -0.00214015 -0.00111637 -0.003286 0.00214835 0.99997 0.00739463 -0.00631063 0.00110051 -0.00739701 0.999972 2.18015
0.999998 -0.00157836 -0.00115725 -0.00311007 0.00158581 0.999978 0.00646284 -0.00445315 0.00114703 -0.00646466 0.999978 2.23863
0.999998 -0.00178355 -0.00106458 -0.0028638 0.00178983 0.999981 0.00593016 -0.00385651 0.00105398 -0.00593205 0.999982 2.29592
0.999997 -0.00208213 -0.00124755 -0.00239327 0.00209002 0.999978 0.00635883 -0.00470389 0.00123428 -0.00636142 0.999979 2.33982
0.999996 -0.00200093 -0.00174479 -0.00228577 0.00201144 0.99998 0.00604661 -0.00456329 0.00173265 -0.0060501 0.99998 2.37285
0.999996 -0.00233237 -0.00144129 -0.00268403 0.00234223 0.999974 0.0068719 -0.00516817 0.00142522 -0.00687525 0.999975 2.41081
0.999997 -0.00146451 -0.0018187 -0.00219032 0.00147699 0.999975 0.00688096 -0.0054806 0.00180858 -0.00688363 0.999975 2.45656
0.999998 -0.000743064 -0.00159519 -0.00279771 0.000753533 0.999978 0.00657209 -0.00486741 0.00159027 -0.00657328 0.999977 2.50511
0.999997 -0.00133682 -0.00209906 -0.00210685 0.00135211 0.999972 0.00729878 -0.00556494 0.00208925 -0.0073016 0.999971 2.55384
0.999997 -0.000991937 -0.00200614 -0.001916 0.00100437 0.99998 0.00620452 -0.00427191 0.00199995 -0.00620652 0.999979 2.59442
0.999996 -0.00186908 -0.00215802 -0.00107453 0.00188345 0.999976 0.00667652 -0.00442858 0.00214549 -0.00668056 0.999975 2.63623
0.999995 -0.00188329 -0.00234594 -0.00120896 0.00189817 0.999978 0.00635481 -0.00388385 0.00233392 -0.00635924 0.999977 2.68377
0.999989 -0.00311458 -0.00344316 -3.6587e-05 0.00313559 0.999976 0.00611462 -0.00315622 0.00342403 -0.00612535 0.999975 2.73591
0.999992 -0.00288822 -0.00283823 0.00064155 0.00290957 0.999967 0.00754729 -0.00562833 0.00281634 -0.00755548 0.999967 2.78626
0.999991 -0.00246753 -0.00345133 0.00110335 0.00249104 0.999974 0.00682381 -0.00596694 0.0034344 -0.00683234 0.999971 2.82679
0.999989 -0.00292878 -0.00367185 0.00204783 0.00295427 0.999971 0.00695481 -0.00510109 0.00365137 -0.00696558 0.999969 2.87154
0.999989 -0.00278685 -0.0038895 0.00243332 0.00281652 0.999967 0.00764544 -0.0058299 0.00386806 -0.00765631 0.999963 2.92031
0.999992 -0.00193973 -0.00348384 0.00198097 0.00196526 0.999971 0.00733831 -0.00649614 0.00346951 -0.0073451 0.999967 2.97079
0.999994 -0.00214969 -0.00252723 -0.00263655 0.00216682 0.999975 0.00679445 -0.00371364 0.00251256 -0.00679989 0.999974 3.02701
0.999992 -0.00258696 -0.00315058 -4.9239e-06 0.00261017 0.999969 0.00738623 -0.00552193 0.00313138 -0.00739439 0.999968 3.08112
0.999992 -0.00222233 -0.00328663 -0.00166152 0.00224327 0.999977 0.006382 -0.00169294 0.00327237 -0.00638932 0.999974 3.14159
0.999993 -0.00207964 -0.00306786 -0.00155306 0.0020986 0.999979 0.00618946 -0.00178796 0.00305492 -0.00619585 0.999976 3.19772
0.999989 -0.00275462 -0.00381732 -0.000701499 0.00278418 0.999966 0.00776093 -0.00386996 0.00379581 -0.00777147 0.999963 3.25663
0.99999 -0.00158619 -0.00411017 0.00016604 0.0016125 0.999978 0.00640717 -0.00196213 0.00409992 -0.00641373 0.999971 3.31454
0.999985 -0.0014702 -0.00522179 0.00430001 0.00151186 0.999967 0.00798326 -0.00560786 0.00520988 -0.00799104 0.999954 3.37326
0.999987 -0.00210592 -0.00455205 0.00136458 0.00214739 0.999956 0.00912419 -0.00727091 0.00453263 -0.00913385 0.999948 3.43032
0.999986 -0.00181527 -0.00497805 0.0023448 0.00185451 0.999967 0.00788797 -0.00424279 0.00496357 -0.00789709 0.999956 3.48971
0.99998 -0.00190732 -0.00602658 0.00457961 0.00196591 0.999951 0.00973071 -0.00874675 0.00600772 -0.00974236 0.999934 3.54896
0.99999 -0.00176486 -0.00417466 -0.00133073 0.00178849 0.999982 0.00566155 0.000409023 0.00416459 -0.00566895 0.999975 3.61362
0.999961 -0.00197694 -0.00863096 0.0029147 0.00201239 0.99999 0.00410112 0.00412164 0.00862276 -0.00411832 0.999954 3.67527
0.999486 -0.00103868 -0.0320516 -0.00225704 0.00127086 0.999973 0.00722449 -0.00239222 0.0320432 -0.00726151 0.99946 3.73013
0.997807 -0.00153769 -0.0661656 -0.0101286 0.00185692 0.999987 0.00476352 0.00149327 0.0661574 -0.00487594 0.997797 3.77139
0.993925 -0.0010298 -0.110051 -0.0126822 0.00205529 0.999956 0.00920519 -0.00760905 0.110037 -0.00937546 0.993883 3.79659
0.987952 -0.000393453 -0.154761 -0.013179 0.00224663 0.999928 0.0117997 -0.0112942 0.154745 -0.0120052 0.987881 3.81422
0.984008 -0.000822095 -0.178122 -0.0316252 0.0028604 0.999933 0.0111868 -0.0126183 0.178101 -0.0115174 0.983945 3.83055
0.976996 -0.000579166 -0.213255 -0.0364278 0.00307599 0.999931 0.0113766 -0.0126045 0.213234 -0.0117708 0.97693 3.83977
0.966784 -0.00084526 -0.255594 -0.042455 0.00380766 0.999931 0.0110956 -0.0126532 0.255567 -0.0117003 0.96672 3.84416
0.954164 -0.000812376 -0.299283 -0.0483953 0.00419612 0.999934 0.0106637 -0.0123158 0.299255 -0.0114307 0.954105 3.84589
0.93885 -0.00121637 -0.344323 -0.0543796 0.00507787 0.999934 0.0103132 -0.0123324 0.344288 -0.011431 0.938795 3.84552
0.921483 0.000555772 -0.388419 -0.0628142 0.00328048 0.999952 0.00921338 -0.0110451 0.388406 -0.00976417 0.921437 3.84386
0.900845 0.000743586 -0.434141 -0.0671807 0.00383167 0.999946 0.00966341 -0.012003 0.434125 -0.0103687 0.900793 3.83959
0.878158 0.000455193 -0.47837 -0.0727652 0.00452417 0.999947 0.00925665 -0.0122676 0.478349 -0.010293 0.878109 3.83483
0.85391 0.00125723 -0.520418 -0.0792048 0.00361465 0.999959 0.00834668 -0.0108832 0.520407 -0.00900845 0.853871 3.83094
0.82686 0.00133189 -0.562406 -0.0839833 0.00401862 0.999958 0.00827634 -0.0110189 0.562393 -0.00910347 0.82682 3.82529
0.797746 0.00106729 -0.602992 -0.0883083 0.00463617 0.999958 0.00790348 -0.011024 0.602975 -0.00910054 0.797708 3.81894
0.766415 0.000994565 -0.642345 -0.0930822 0.00505565 0.999958 0.00758043 -0.0107238 0.642326 -0.00905723 0.766378 3.81276
0.733385 0.00128256 -0.679812 -0.0962258 0.0049631 0.999961 0.00724079 -0.0109541 0.679795 -0.00868427 0.733351 3.80555
0.698799 0.00186461 -0.715316 -0.101636 0.00465069 0.999964 0.0071499 -0.00990083 0.715303 -0.00832306 0.698765 3.8
0.662433 0.00232448 -0.749118 -0.101541 0.00425084 0.999967 0.0068618 -0.0093199 0.749109 -0.00772987 0.662401 3.79432
0.624179 0.00150213 -0.78128 -0.107304 0.00565602 0.999963 0.00644128 -0.00981223 0.781261 -0.00843945 0.624147 3.78576
0.584715 0.00155242 -0.811237 -0.110135 0.00577805 0.999965 0.00607821 -0.00976078 0.811218 -0.00824139 0.584686 3.77759
0.543698 0.00172224 -0.839279 -0.111792 0.00565262 0.999968 0.00571384 -0.00986023 0.839262 -0.00785073 0.543671 3.76947
0.501036 0.0020142 -0.865424 -0.112851 0.00594488 0.999966 0.00576912 -0.010458 0.865406 -0.00803538 0.501007 3.76111
0.456506 0.00213418 -0.889718 -0.113798 0.00648758 0.999963 0.00572733 -0.0108036 0.889697 -0.00838667 0.456475 3.75376
0.411029 0.00132154 -0.911621 -0.115348 0.0071469 0.999964 0.00467198 -0.00930815 0.911594 -0.00843559 0.411005 3.74697
0.365788 0.00128026 -0.930697 -0.115166 0.00701509 0.999967 0.00413266 -0.00923691 0.930672 -0.0080406 0.365767 3.73769
0.318022 0.00120751 -0.948082 -0.115453 0.00707558 0.999968 0.00364701 -0.00878415 0.948057 -0.00786807 0.318004 3.73014
0.270801 0.00215389 -0.962633 -0.113742 0.00785035 0.999959 0.00444581 -0.0106797 0.962603 -0.00876093 0.270773 3.7223
0.221919 0.0021267 -0.975063 -0.112583 0.00755968 0.999964 0.00390155 -0.0106936 0.975036 -0.00823699 0.221895 3.71407
0.17342 0.00203582 -0.984846 -0.110812 0.00788846 0.999963 0.00345613 -0.0108335 0.984816 -0.00836828 0.173397 3.70599
0.124093 0.00227374 -0.992268 -0.108789 0.00770839 0.999965 0.00325539 -0.0109597 0.992241 -0.00805276 0.124071 3.6979
0.0740609 0.00254459 -0.99725 -0.106177 0.00768942 0.999966 0.00312257 -0.0111856 0.997224 -0.00789954 0.0740387 3.69008
0.025139 0.00259602 -0.999681 -0.104979 0.0072375 0.99997 0.00277878 -0.0109967 0.999658 -0.00730505 0.0251194 3.68214
-0.0219043 0.00227102 -0.999757 -0.102797 0.00783054 0.999967 0.00209993 -0.0103345 0.999729 -0.00778264 -0.0219214 3.67517
-0.0494031 0.00178324 -0.998777 -0.100652 0.00788979 0.999968 0.0013951 -0.00931204 0.998748 -0.00781122 -0.0494156 3.67194
-0.0629325 0.00228644 -0.998015 -0.101654 0.00771942 0.999969 0.00180415 -0.0109585 0.997988 -0.00759056 -0.0629481 3.66901
-0.0702175 0.00231007 -0.997529 -0.117771 0.00746037 0.999971 0.00179058 -0.0105136 0.997504 -0.0073162 -0.0702327 3.66694
-0.0749476 0.00171645 -0.997186 -0.144836 0.00869429 0.999962 0.00106777 -0.0105726 0.99715 -0.0085898 -0.0749597 3.66593
-0.0762531 0.00196931 -0.997087 -0.182252 0.00793052 0.999968 0.00136851 -0.0102609 0.997057 -0.00780307 -0.0762663 3.66223
-0.076978 0.00232738 -0.99703 -0.225659 0.00779378 0.999968 0.0017325 -0.0106489 0.997002 -0.00763727 -0.0769937 3.65852
-0.0777799 0.00226922 -0.996968 -0.273259 0.00778159 0.999968 0.00166896 -0.0112159 0.99694 -0.00762818 -0.0777951 3.65491
-0.0773813 0.0020766 -0.996999 -0.325406 0.00783646 0.999968 0.00147456 -0.0108313 0.996971 -0.00769884 -0.0773952 3.64926
-0.078115 0.00217634 -0.996942 -0.378497 0.00719178 0.999973 0.00161945 -0.0105388 0.996918 -0.00704328 -0.0781285 3.64691
-0.0780039 0.00179641 -0.996951 -0.434321 0.00717117 0.999974 0.00124077 -0.0101431 0.996927 -0.00705252 -0.0780147 3.64231
-0.0777139 0.00188548 -0.996974 -0.491309 0.00679467 0.999976 0.00136152 -0.0107138 0.996953 -0.0066683 -0.0777248 3.6377
-0.0781887 0.0030328 -0.996934 -0.546143 0.00720217 0.999971 0.00247718 -0.0125015 0.996913 -0.0069864 -0.0782083 3.63395
-0.0779822 0.00195629 -0.996953 -0.606074 0.00753923 0.999971 0.00137249 -0.00987533 0.996926 -0.00740922 -0.0779947 3.62849
-0.0780831 0.00197591 -0.996945 -0.664269 0.00807004 0.999967 0.00134983 -0.00984796 0.996914 -0.00793999 -0.0780964 3.62436
-0.0778877 0.00273403 -0.996958 -0.72163 0.00752286 0.999969 0.00215456 -0.0116021 0.996934 -0.00733216 -0.0779059 3.6186
-0.077227 0.00197026 -0.997012 -0.784465 0.00773293 0.999969 0.00137713 -0.0107626 0.996984 -0.00760347 -0.0772398 3.61257
-0.0769847 0.00229495 -0.99703 -0.839578 0.0073235 0.999972 0.00173624 -0.0107662 0.997005 -0.00716808 -0.0769993 3.60764
-0.0809229 0.00112169 -0.99672 -0.884997 0.00747901 0.999972 0.000518136 -0.00903381 0.996692 -0.00741255 -0.080929 3.60599
-0.103851 0.00183662 -0.994591 -0.914013 0.0076059 0.999971 0.00105238 -0.00980583 0.994564 -0.00745547 -0.103862 3.59927
-0.13887 0.00176734 -0.990309 -0.933569 0.00766379 0.99997 0.000709896 -0.00967965 0.990281 -0.00749094 -0.138879 3.59076
-0.18098 0.00239446 -0.983484 -0.94495 0.00758418 0.999971 0.00103896 -0.0108692 0.983457 -0.00727089 -0.180993 3.58601
-0.224596 0.00214035 -0.97445 -0.953973 0.00770531 0.99997 0.000420453 -0.0102666 0.974422 -0.00741401 -0.224606 3.57953
-0.251783 0.00147493 -0.967783 -0.96203 0.00751149 0.999972 -0.000430243 -0.00916833 0.967755 -0.00737782 -0.251787 3.57191
-0.287016 0.00132517 -0.957925 -0.964418 0.00742256 0.999972 -0.000840626 -0.00915904 0.957897 -0.00735152 -0.287017 3.56662
-0.327628 0.00266844 -0.944803 -0.9621 0.00715478 0.999974 0.000343209 -0.0113929 0.94478 -0.00664742 -0.327638 3.56106
-0.370949 0.00190111 -0.928651 -0.96273 0.0071787 0.999974 -0.000820407 -0.0098156 0.928625 -0.00697084 -0.370953 3.55528
-0.415529 0.00220639 -0.909577 -0.958395 0.00719815 0.999974 -0.000862715 -0.0102904 0.909551 -0.00690576 -0.415534 3.54907
-0.459171 0.000874939 -0.888348 -0.957263 0.00682179 0.999974 -0.00254118 -0.00838399 0.888322 -0.00722696 -0.459165 3.54223
-0.503357 0.00284709 -0.864074 -0.948956 0.00714759 0.999974 -0.000868881 -0.0118721 0.864049 -0.0066134 -0.503365 3.54076
-0.545331 0.00165625 -0.838219 -0.945273 0.00652008 0.999976 -0.00226598 -0.00930487 0.838196 -0.00670096 -0.545328 3.53305
-0.585797 0.00172368 -0.810456 -0.937605 0.0066344 0.999974 -0.00266859 -0.0100305 0.810431 -0.00694014 -0.585793 3.52756
-0.625857 0.0010409 -0.779937 -0.932749 0.0054776 0.99998 -0.00306091 -0.00925057 0.779918 -0.00618788 -0.625851 3.52397
-0.664087 0.00182437 -0.747653 -0.926071 0.00665092 0.999972 -0.00346748 -0.00977583 0.747626 -0.00727529 -0.664081 3.52046
-0.700395 0.00199677 -0.713752 -0.918544 0.00658432 0.999972 -0.00366361 -0.0102198 0.713725 -0.00726555 -0.700389 3.51694
-0.735089 0.00181797 -0.677969 -0.911677 0.00612292 0.999973 -0.00395737 -0.00979681 0.677943 -0.00706017 -0.73508 3.51347
-0.768394 0.00217251 -0.639973 -0.904434 0.00611775 0.999973 -0.00395077 -0.0101409 0.639948 -0.00695094 -0.768387 3.51145
-0.828708 0.00131663 -0.55968 -0.888903 0.00538286 0.99997 -0.00561791 -0.00945836 0.559655 -0.00766829 -0.82869 3.50734
-0.855782 0.000951006 -0.517336 -0.881276 0.00476841 0.99997 -0.00604972 -0.00887996 0.517315 -0.00764411 -0.855761 3.50556
-0.88055 0.00110645 -0.473953 -0.872856 0.00441557 0.999973 -0.00586918 -0.00981291 0.473933 -0.00726087 -0.880531 3.5049
-0.903065 0.00180069 -0.429501 -0.865051 0.00446307 0.999977 -0.0051916 -0.0102268 0.429481 -0.00660525 -0.903052 3.50422
-0.9415 0.00189863 -0.337007 -0.849226 0.00383043 0.99998 -0.00506742 -0.0106271 0.33699 -0.00606186 -0.941489 3.50425
-0.957195 0.000945358 -0.289443 -0.841078 0.00285304 0.999977 -0.00616904 -0.00976925 0.28943 -0.00673077 -0.957175 3.50411
-0.970743 0.00130108 -0.240115 -0.833252 0.00299442 0.999973 -0.00668748 -0.00966449 0.2401 -0.00721084 -0.970721 3.50512
-0.981356 0.000585734 -0.192199 -0.824657 0.00183254 0.999978 -0.00630937 -0.00985426 0.192191 -0.00654395 -0.981336 3.50612
-0.989765 0.00118769 -0.142699 -0.817637 0.00225923 0.99997 -0.00734726 -0.00940263 0.142686 -0.00759446 -0.989739 3.50786
-0.995694 0.00142169 -0.0926942 -0.810127 0.00200686 0.999979 -0.00622 -0.00989578 0.0926834 -0.00637924 -0.995675 3.50959
-0.999073 0.000861697 -0.0430364 -0.80194 0.00115292 0.999977 -0.00674244 -0.0101899 0.0430296 -0.00678581 -0.999051 3.51232
-0.999991 0.00127314 0.00395351 -0.794903 0.00124663 0.999977 -0.00669999 -0.00993552 -0.00396195 -0.006695 -0.99997 3.5149
-0.999526 0.00126071 0.030763 -0.790814 0.00107959 0.999982 -0.00590337 -0.0102678 -0.0307699 -0.00586736 -0.999509 3.51648
-0.999016 0.00144601 0.0443295 -0.788863 0.00114174 0.999976 -0.00688842 -0.00985538 -0.0443384 -0.00683103 -0.998993 3.51758
-0.99865 0.00111428 0.0519279 -0.788186 0.000823763 0.999984 -0.00561574 -0.010295 -0.0519333 -0.00556538 -0.998635 3.51788
-0.99843 0.00178423 0.0559889 -0.787837 0.00141784 0.999977 -0.0065829 -0.0102406 -0.0559994 -0.00649318 -0.99841 3.51834
-0.998311 0.00174275 0.0580616 -0.78797 0.00138732 0.99998 -0.00616135 -0.0103691 -0.0580712 -0.0060704 -0.998294 3.51862
-0.998293 0.00111186 0.0583893 -0.787291 0.000783774 0.999984 -0.00564146 -0.0104072 -0.0583947 -0.00558607 -0.998278 3.5182
-0.998247 0.00128504 0.0591714 -0.787384 0.000956812 0.999984 -0.00557501 -0.0103157 -0.0591776 -0.00550862 -0.998232 3.51812
-0.998213 0.00183923 0.0597249 -0.787639 0.00144237 0.999977 -0.00668728 -0.0100232 -0.0597359 -0.00658918 -0.998192 3.51665
-0.99821 0.000658146 0.0598051 -0.786076 0.000319555 0.999984 -0.00567096 -0.010493 -0.0598078 -0.0056417 -0.998194 3.50033
-0.998205 0.000765826 0.0598893 -0.784775 0.000411279 0.999982 -0.00593213 -0.0105828 -0.0598927 -0.00589685 -0.998187 3.47227
-0.99819 0.00110313 0.0601365 -0.782595 0.000713654 0.999979 -0.00649771 -0.0102745 -0.0601424 -0.00644303 -0.998169 3.43563
-0.997954 0.00100442 0.0639303 -0.780039 0.000685795 0.999987 -0.00500571 -0.0110991 -0.0639345 -0.00495162 -0.997942 3.39412
-0.996318 0.000187361 0.0857334 -0.773912 -0.000388011 0.999978 -0.00669447 -0.01069 -0.0857327 -0.00670309 -0.996296 3.36405
-0.992453 0.000461955 0.122624 -0.768001 -0.000277366 0.999982 -0.00601204 -0.011459 -0.122624 -0.00600068 -0.992435 3.34428
-0.986637 -0.000882756 0.162931 -0.759014 -0.00184789 0.999982 -0.00577212 -0.0117272 -0.162923 -0.00599606 -0.986621 3.33073
-0.978 0.000419124 0.208606 -0.752671 -0.00109899 0.999974 -0.00716146 -0.0102611 -0.208603 -0.00723316 -0.977974 3.32162
-0.967434 -0.000180991 0.253124 -0.745646 -0.0018069 0.999979 -0.00619092 -0.0105582 -0.253117 -0.00644667 -0.967414 3.31493
-0.960322 1.41753e-05 0.278894 -0.738564 -0.00195925 0.999975 -0.00679716 -0.010844 -0.278887 -0.00707388 -0.960298 3.29596
-0.956788 0.000664555 0.290784 -0.728519 -0.00151585 0.999972 -0.00727303 -0.0109518 -0.290781 -0.00739954 -0.956761 3.26548
-0.954865 0.000504078 0.29704 -0.7171 -0.00184038 0.999969 -0.00761306 -0.011257 -0.297034 -0.00781611 -0.954835 3.22726
-0.953626 0.000520336 0.300995 -0.7043 -0.00171245 0.999973 -0.00715416 -0.0118689 -0.30099 -0.00733783 -0.953599 3.18336
-0.952945 0.000309511 0.303143 -0.690733 -0.00174391 0.999977 -0.00650304 -0.0125693 -0.303138 -0.00672569 -0.952923 3.13759
-0.952538 0.000822327 0.304418 -0.680347 -0.00140959 0.999974 -0.00711192 -0.0127313 -0.304416 -0.00720348 -0.952512 3.103
-0.952622 0.000205092 0.304157 -0.67251 -0.00182694 0.999978 -0.00639626 -0.0127261 -0.304152 -0.0066489 -0.9526 3.07787
-0.952472 0.000345334 0.304627 -0.667697 -0.00154049 0.999981 -0.00595022 -0.0138489 -0.304623 -0.00613669 -0.952453 3.05919
-0.954371 0.000563892 0.298622 -0.664382 -0.00112809 0.999984 -0.00549355 -0.0141714 -0.298621 -0.00557976 -0.954356 3.04614
-0.966803 0.000778391 0.25552 -0.668001 -0.000762974 0.999982 -0.00593309 -0.0148459 -0.25552 -0.00593109 -0.966786 3.03223
-0.983073 -0.000495143 0.183214 -0.675008 -0.00171675 0.999977 -0.00650909 -0.0142627 -0.183207 -0.00671344 -0.983051 3.01876
-0.99491 0.0007725 0.100767 -0.686759 0.000232073 0.999986 -0.00537476 -0.0148077 -0.100769 -0.00532401 -0.994896 3.00656
-0.999895 0.00108591 0.0144512 -0.698639 0.000999427 0.999982 -0.00599009 -0.0142461 -0.0144575 -0.00597501 -0.999878 2.99736
-0.999351 0.000889659 -0.0360032 -0.705489 0.00108922 0.999984 -0.00552356 -0.0142577 0.0359977 -0.0055592 -0.999336 2.99172
-0.998015 0.00117692 -0.0629673 -0.708252 0.00154165 0.999982 -0.00574416 -0.0145486 0.0629594 -0.00582983 -0.997999 2.98879
-0.997128 0.00135266 -0.075729 -0.710107 0.00178737 0.999982 -0.00567288 -0.0151241 0.07572 -0.00579194 -0.997112 2.98542
-0.996572 0.00139657 -0.0827192 -0.712106 0.00188293 0.999981 -0.00580195 -0.0145997 0.0827096 -0.00593782 -0.996556 2.9679
-0.99623 0.00121248 -0.0867468 -0.714414 0.00169883 0.999983 -0.00553297 -0.0149188 0.0867387 -0.00565948 -0.996215 2.93935
-0.996087 0.001916 -0.0883555 -0.717456 0.00239914 0.999983 -0.00536225 -0.0155905 0.0883437 -0.00555324 -0.996075 2.90169
-0.995974 0.00171798 -0.0896286 -0.720713 0.0021855 0.999985 -0.00511835 -0.0159771 0.0896185 -0.00529363 -0.995962 2.85968
-0.99598 0.00160868 -0.0895613 -0.723881 0.00201981 0.999988 -0.0045 -0.0168116 0.089553 -0.00466281 -0.995971 2.82566
-0.995936 0.00160456 -0.0900464 -0.726849 0.00206189 0.999985 -0.00498596 -0.0171909 0.0900371 -0.00515137 -0.995925 2.78678
-0.995931 0.00184543 -0.0901013 -0.731181 0.00223336 0.999989 -0.00420482 -0.0182893 0.0900926 -0.00438894 -0.995924 2.74142
-0.99589 0.00164812 -0.0905519 -0.734454 0.00203419 0.999989 -0.0041714 -0.0188942 0.0905441 -0.00433846 -0.995883 2.69267
-0.995927 0.00191292 -0.0901415 -0.739715 0.00227361 0.99999 -0.00389889 -0.0197025 0.0901332 -0.00408796 -0.995921 2.64139
-0.995956 0.00202987 -0.0898164 -0.745034 0.00248936 0.999984 -0.00500414 -0.0192134 0.0898048 -0.00520749 -0.995946 2.58736
-0.995927 0.00198463 -0.0901428 -0.749069 0.00234353 0.99999 -0.00387583 -0.0205617 0.0901342 -0.0040713 -0.995921 2.53152
-0.995967 0.00290003 -0.0896702 -0.754617 0.00336169 0.999982 -0.00499774 -0.020132 0.0896541 -0.00527903 -0.995959 2.47575
-0.995952 0.0022951 -0.0898608 -0.757579 0.00277346 0.999983 -0.00519877 -0.0202277 0.0898473 -0.00542695 -0.995941 2.43481
-0.996002 0.00264285 -0.0892938 -0.761267 0.0031644 0.999979 -0.00569984 -0.0205207 0.0892768 -0.00595961 -0.995989 2.40521
-0.995934 0.00254752 -0.0900479 -0.762226 0.00298492 0.999984 -0.00472313 -0.02163 0.0900344 -0.00497271 -0.995926 2.3841
-0.995928 0.00191162 -0.0901339 -0.763255 0.00237634 0.999984 -0.00504882 -0.0206693 0.0901229 -0.00524245 -0.995917 2.36721
-0.99594 0.00198123 -0.0899925 -0.764577 0.00247609 0.999982 -0.00538766 -0.0206005 0.0899802 -0.00558862 -0.995928 2.354
-0.995943 0.0025001 -0.0899507 -0.766739 0.00302811 0.999979 -0.00573409 -0.0211208 0.0899345 -0.0059832 -0.99593 2.33072
-0.995947 0.00188645 -0.0899242 -0.770081 0.00236038 0.999984 -0.00516429 -0.0216073 0.089913 -0.00535561 -0.995935 2.29582
-0.99598 0.00182771 -0.0895613 -0.773562 0.00225705 0.999986 -0.00469274 -0.0225626 0.0895516 -0.00487602 -0.99597 2.25606
-0.995988 0.00246463 -0.0894515 -0.777733 0.00291183 0.999984 -0.00486913 -0.0234063 0.0894381 -0.00511007 -0.995979 2.21162
-0.995931 0.00240706 -0.0900861 -0.779653 0.00282561 0.999986 -0.0045189 -0.0242473 0.090074 -0.00475506 -0.995924 2.17465
-0.995959 0.00244804 -0.0897766 -0.783525 0.0028491 0.999987 -0.00433946 -0.024596 0.0897648 -0.00457771 -0.995952 2.13527
-0.996135 0.00154642 -0.0878248 -0.78622 0.00183456 0.999993 -0.0032002 -0.0267689 0.0878192 -0.00334895 -0.996131 2.08855
-0.997895 0.00147868 -0.0648353 -0.786781 0.00174179 0.99999 -0.00400173 -0.0261155 0.0648287 -0.00410624 -0.997888 2.03923
-0.999575 0.0010099 -0.0291249 -0.785654 0.00110709 0.999994 -0.00332095 -0.0271691 0.0291213 -0.00335178 -0.99957 1.99101
-0.999909 0.00139889 0.013388 -0.782334 0.0013528 0.999993 -0.003451 -0.0272634 -0.0133927 -0.00343258 -0.999904 1.95508
-0.998185 0.00166321 0.0602042 -0.777909 0.00147041 0.999994 -0.00324671 -0.0276168 -0.0602092 -0.00315229 -0.998181 1.9282
-0.994535 0.00167406 0.104386 -0.77089 0.00136169 0.999994 -0.0030636 -0.0274142 -0.10439 -0.00290472 -0.994532 1.89524
-0.991586 0.000201516 0.129451 -0.765504 -0.000197939 0.999995 -0.0030729 -0.0277718 -0.129451 -0.00307266 -0.991581 1.85495
-0.988897 0.00101739 0.148596 -0.75307 0.000475637 0.999993 -0.00368131 -0.0285343 -0.148598 -0.00356976 -0.988891 1.76126
-0.988448 0.00100337 0.151559 -0.746786 0.000430836 0.999993 -0.00381039 -0.0281985 -0.151562 -0.00370107 -0.988441 1.70882
-0.9881 0.000197226 0.153815 -0.740905 -0.000437581 0.999992 -0.00409323 -0.0292726 -0.153814 -0.00411182 -0.988091 1.65411
-0.98804 6.44348e-05 0.154199 -0.732918 -0.000519059 0.999993 -0.00374376 -0.0298397 -0.154198 -0.00377903 -0.988033 1.59864
-0.987852 0.000212775 0.155398 -0.725484 -0.000419311 0.999992 -0.00403473 -0.0303626 -0.155398 -0.00405088 -0.987844 1.54198
-0.987847 -0.000553286 0.155431 -0.718086 -0.00113576 0.999993 -0.00365873 -0.0318168 -0.155427 -0.0037908 -0.98784 1.48596
-0.987943 -0.000752414 0.154814 -0.708325 -0.00129216 0.999993 -0.00338584 -0.0324604 -0.15481 -0.00354507 -0.987938 1.4288
-0.987743 -7.11039e-05 0.156092 -0.700667 -0.000619431 0.999994 -0.00346421 -0.0335411 -0.156091 -0.00351843 -0.987736 1.36903
-0.987764 0.000796967 0.155951 -0.691686 0.000292777 0.999995 -0.00325595 -0.033676 -0.155953 -0.00317045 -0.987759 1.31086
-0.987766 -0.0014159 0.155937 -0.673869 -0.000781008 0.999991 0.00413267 -0.0556857 -0.155942 0.00396032 -0.987758 1.20939
-0.987764 -0.00150773 0.15595 -0.665502 -0.000923371 0.999992 0.00381947 -0.0530079 -0.155955 0.00362874 -0.987758 1.14797
-0.987678 -0.000585556 0.156496 -0.656247 -2.58916e-05 0.999994 0.00357823 -0.0542693 -0.156497 0.00353009 -0.987672 1.08935
-0.987738 -0.000509182 0.156123 -0.64638 -0.000232593 0.999998 0.00178988 -0.0503858 -0.156124 0.00173162 -0.987736 1.02647
-0.987328 0.000668639 0.158694 -0.642831 0.000726782 1 0.000308348 -0.0434557 -0.158693 0.000419776 -0.987328 0.984607
-0.9877 -0.000605865 0.156362 -0.628011 -0.000373227 0.999999 0.00151717 -0.050548 -0.156363 0.00144015 -0.987699 0.908055
-0.987626 -1.88844e-05 0.156825 -0.62016 0.000385205 0.999997 0.0025463 -0.0529165 -0.156824 0.0025752 -0.987623 0.852011
-0.987752 -0.00022025 0.156029 -0.606388 0.000294099 0.999995 0.0032734 -0.053668 -0.156029 0.0032792 -0.987747 0.79469
-0.98731 -0.000461882 0.158805 -0.607191 5.50648e-05 0.999995 0.00325081 -0.0544126 -0.158806 0.0032183 -0.987305 0.736859
-0.987448 -0.000475008 0.157946 -0.594158 -0.000687152 0.999999 -0.00128853 -0.0403061 -0.157945 -0.00138089 -0.987447 0.676808
-0.987291 -0.000428019 0.158921 -0.587604 0.000202614 0.999992 0.003952 -0.0564501 -0.158921 0.00393397 -0.987283 0.619719
-0.987182 -0.0012221 0.159594 -0.581956 0.000152492 0.999963 0.00860052 -0.0688559 -0.159598 0.00851462 -0.987145 0.563754
-0.987241 -0.000670944 0.159234 -0.569415 0.000152744 0.999987 0.00516052 -0.0588257 -0.159235 0.005119 -0.987227 0.502878
-0.987217 -0.000901765 0.159378 -0.560327 -8.46142e-05 0.999987 0.00513382 -0.0584921 -0.159381 0.00505471 -0.987204 0.445457
-0.98725 -0.000683587 0.159178 -0.553026 0.000142538 0.999987 0.00517846 -0.058628 -0.15918 0.00513512 -0.987236 0.402663
-0.987231 -0.000923336 0.159291 -0.548264 2.38771e-05 0.999982 0.00594443 -0.0599962 -0.159293 0.00587233 -0.987214 0.372686
-0.987262 -0.000880389 0.159102 -0.543778 1.33801e-05 0.999984 0.00561644 -0.0590175 -0.159104 0.00554702 -0.987246 0.348911
-0.987163 -0.00104919 0.159714 -0.541564 -0.000175856 0.999985 0.00548218 -0.0585993 -0.159717 0.00538371 -0.987148 0.331404
-0.987079 -0.00171613 0.160225 -0.541992 -0.00069802 0.999979 0.00641032 -0.060126 -0.160232 0.00621565 -0.98706 0.320886
-0.987253 -0.00119881 0.159157 -0.538354 -0.000226805 0.999981 0.00612527 -0.0604498 -0.159161 0.00601109 -0.987234 0.311947
-0.98727 -0.000370646 0.159052 -0.534386 0.000260631 0.999992 0.00394812 -0.056293 -0.159052 0.00393932 -0.987262 0.303349
-0.987209 -0.00102084 0.159431 -0.536646 -0.000137017 0.999985 0.00555451 -0.0587842 -0.159434 0.00546161 -0.987193 0.301003
-0.986712 -0.000624125 0.162481 -0.534557 0.000240389 0.999986 0.005301 -0.0585003 -0.162482 0.00526962 -0.986697 0.297457
-0.982932 -0.00115463 0.183964 -0.527932 -0.000425835 0.999992 0.00400107 -0.0552603 -0.183967 0.00385444 -0.982925 0.296119
-0.975808 -0.000914681 0.218627 -0.521773 -0.000129605 0.999993 0.00360526 -0.0551548 -0.218629 0.0034897 -0.975802 0.29624
-0.965077 -0.00154645 0.261963 -0.52002 -5.07381e-05 0.999984 0.00571629 -0.0585235 -0.261967 0.00550336 -0.965061 0.301643
-0.952009 -0.00133652 0.306068 -0.512854 0.000227268 0.999987 0.00507359 -0.0580641 -0.306071 0.00489966 -0.951996 0.303588
-0.936613 -0.000888475 0.350365 -0.50614 0.000751895 0.999989 0.00454584 -0.0566765 -0.350365 0.00452113 -0.936602 0.307325
-0.918274 -0.0018277 0.39594 -0.50127 3.71914e-05 0.999989 0.00470231 -0.0572028 -0.395945 0.00433274 -0.918264 0.312466
-0.897904 -0.00170857 0.440189 -0.493078 0.000103289 0.999992 0.00409211 -0.0554982 -0.440192 0.00371979 -0.897896 0.317041
-0.874632 -0.00281219 0.48478 -0.490028 -8.43474e-05 0.999984 0.00564869 -0.0577579 -0.484788 0.00489963 -0.874618 0.323963
-0.849612 -0.00267412 0.527401 -0.484965 0.000153032 0.999986 0.00531683 -0.0578497 -0.527408 0.00459795 -0.8496 0.331821
-0.822164 -0.00303786 0.569242 -0.479832 -3.92388e-05 0.999986 0.00527993 -0.0572852 -0.569251 0.00431863 -0.822153 0.336894
-0.792684 -0.00253638 0.609628 -0.475859 0.00105691 0.999984 0.00553474 -0.0581656 -0.609632 0.00503162 -0.792669 0.34437
-0.760977 -0.00277357 0.648773 -0.469493 0.000387833 0.999989 0.00472996 -0.0558427 -0.648779 0.003851 -0.760967 0.349704
-0.728766 -0.00279609 0.684757 -0.464244 0.000307264 0.99999 0.0044103 -0.0556111 -0.684763 0.00342448 -0.728758 0.357235
-0.692842 -0.00157868 0.721087 -0.460785 0.000630666 0.999996 0.00279526 -0.0532195 -0.721089 0.00239144 -0.692838 0.361861
-0.655759 -0.00147704 0.754969 -0.457677 0.000915088 0.999996 0.00275125 -0.0527378 -0.75497 0.00249502 -0.655755 0.367789
-0.617709 -0.00154701 0.786405 -0.455031 0.000831607 0.999996 0.0026204 -0.0526065 -0.786406 0.00227263 -0.617705 0.375025
-0.577823 -0.00145923 0.81616 -0.452724 0.000890981 0.999997 0.00241871 -0.0525644 -0.816161 0.00212477 -0.57782 0.383158
-0.536295 -0.00136562 0.84403 -0.451076 0.000478547 0.999998 0.00192204 -0.0524052 -0.84403 0.00143469 -0.536293 0.391362
-0.49313 -0.000811609 0.869955 -0.449787 0.00168119 0.999997 0.0018859 -0.0523279 -0.869954 0.00239255 -0.493127 0.398527
-0.449597 -0.000797369 0.893231 -0.447338 0.000978014 0.999999 0.00138495 -0.0512971 -0.893231 0.00149626 -0.449595 0.406563
-0.404572 -0.000808619 0.914506 -0.447022 0.000868573 0.999999 0.00126846 -0.0514811 -0.914506 0.0013075 -0.404571 0.415064
-0.35826 -0.000744379 0.933621 -0.44687 0.000901406 0.999999 0.0011432 -0.0514691 -0.933621 0.00125114 -0.358259 0.422907
-0.311551 -0.000543348 0.950229 -0.44623 0.000234828 1 0.0006488 -0.0504123 -0.950229 0.000425275 -0.311551 0.430764
-0.263099 -0.000188432 0.964769 -0.446755 0.00127851 0.999999 0.000543972 -0.0503313 -0.964768 0.00137659 -0.263098 0.437695
-0.213992 -0.000322516 0.976835 -0.447902 0.00126059 0.999999 0.000606318 -0.0505943 -0.976835 0.00136114 -0.213991 0.445733
-0.167446 -0.000470643 0.985881 -0.449019 0.0012013 0.999999 0.000681417 -0.0505673 -0.98588 0.00129844 -0.167446 0.453054
-0.141002 0.000330404 0.990009 -0.447755 0.00121551 0.999999 -0.00016062 -0.049978 -0.990009 0.00118071 -0.141002 0.457101
-0.126199 -0.000139674 0.992005 -0.43255 0.00162962 0.999999 0.000348113 -0.0504632 -0.992004 0.00166052 -0.126199 0.456426
-0.121015 -0.00180513 0.992649 -0.406525 0.000164125 0.999998 0.0018385 -0.0522181 -0.992651 0.000385404 -0.121014 0.455253
-0.115758 -0.00040913 0.993277 -0.367945 0.000881004 0.999999 0.000514573 -0.0500484 -0.993277 0.000934647 -0.115758 0.449776
-0.11428 -0.00174103 0.993447 -0.326929 0.00117164 0.999998 0.00188729 -0.0522587 -0.993448 0.00137964 -0.114278 0.445193
-0.11323 -0.00208707 0.993567 -0.280421 0.000144866 0.999998 0.00211709 -0.0523409 -0.993569 0.000383653 -0.11323 0.43976
-0.111566 -0.000627328 0.993757 -0.228666 0.000980631 0.999999 0.000741361 -0.0510682 -0.993757 0.00105722 -0.111565 0.4315
-0.111085 -0.00100396 0.99381 -0.176379 0.000994423 0.999999 0.00112137 -0.0512366 -0.99381 0.00111284 -0.111084 0.425344
-0.111109 -0.00136889 0.993807 -0.120544 0.000151989 0.999999 0.00139441 -0.05129 -0.993808 0.000305979 -0.111108 0.418595
-0.111841 -8.49179e-05 0.993726 -0.0631231 0.00084016 1 0.000180012 -0.0508076 -0.993726 0.000855022 -0.111841 0.412413
-0.109118 -0.00223809 0.994026 -0.0101416 0.000261024 0.999997 0.00228019 -0.0527268 -0.994029 0.000508276 -0.109117 0.402276
-0.109337 -0.00203653 0.994003 0.0476131 0.000319481 0.999998 0.00208396 -0.0525326 -0.994005 0.00054542 -0.109336 0.395946
-0.105857 -0.00197478 0.994379 0.106646 2.74093e-05 0.999998 0.00198885 -0.0526136 -0.994381 0.000237788 -0.105856 0.389164
-0.0824985 -0.00337078 0.996585 0.162632 -0.000228863 0.999994 0.00336336 -0.0543829 -0.996591 4.9391e-05 -0.0824988 0.385244
-0.0462319 -0.00296349 0.998926 0.21979 0.000148871 0.999996 0.00297355 -0.0540948 -0.998931 0.000286184 -0.0462312 0.384387
