1 0 -6.93889e-18 4.44089e-16 6.93889e-18 1 2.1684e-19 0 6.93889e-18 2.1684e-18 1 0
0.999998 -0.001839 0.000809603 -0.00305591 0.0018375 0.999997 0.00185444 -0.000179977 -0.000813011 -0.00185295 0.999998 -0.00159011
0.999999 -0.00128933 -0.00064552 -0.00212622 0.001286 0.999986 -0.00512955 -0.000102929 0.000652124 0.00512871 0.999987 -0.000679463
0.999999 -0.00126966 0.000933973 -0.00220749 0.00126812 0.999998 0.00164714 -4.92471e-05 -0.000936062 -0.00164595 0.999998 -0.000425042
0.999999 -0.000986306 0.0012933 -0.00107249 0.000985924 0.999999 0.000295505 3.69949e-05 -0.0012936 -0.00029423 0.999999 0.000590598
1 -7.00164e-05 0.000621717 -0.000545233 7.03364e-05 1 -0.000514633 0.000116756 -0.000621681 0.000514676 1 0.00122986
0.999997 -0.0018307 0.00129094 -0.00216556 0.00182706 0.999994 0.00281058 5.73494e-05 -0.00129608 -0.00280822 0.999995 0.000503896
0.999994 -0.00305554 0.00155898 -0.00240804 0.00304937 0.999988 0.0039435 4.51817e-05 -0.00157101 -0.00393873 0.999991 0.000644776
0.99999 -0.00364973 0.00241957 -0.00266277 0.00364296 0.999989 0.00279438 7.26356e-05 -0.00242974 -0.00278554 0.999993 0.00081997
0.999974 -0.00656928 0.00288097 -0.00532216 0.00654753 0.99995 0.00749473 -8.76721e-05 -0.00293006 -0.00747567 0.999968 -0.000533267
0.999979 -0.00551168 0.00329976 -0.0047129 0.00548401 0.99995 0.00833877 3.71839e-05 -0.00334556 -0.0083205 0.99996 0.00017223
0.99997 -0.00670811 0.00383482 -0.00462887 0.00665812 0.999895 0.0129038 5.3544e-05 -0.00392097 -0.0128778 0.999909 0.000459922
0.999966 -0.00798553 0.00225615 -0.00439706 0.00795707 0.999892 0.0123535 9.09339e-05 -0.00235456 -0.0123351 0.999921 0.00091487
0.999974 -0.00664154 0.0029077 -0.00520433 0.0065942 0.99985 0.0160006 0.000126877 -0.00301353 -0.015981 0.999868 0.000661377
0.999979 -0.00569548 0.00306433 -0.00463331 0.00564182 0.999835 0.0172446 0.000147825 -0.00316205 -0.017227 0.999847 0.0013214
0.999976 -0.00639667 0.00276955 -0.00393365 0.00634781 0.99983 0.0173073 0.000216936 -0.00287979 -0.0172893 0.999846 0.00207067
0.999979 -0.00579881 0.00296171 -0.0033123 0.00574543 0.999826 0.0177236 0.00029741 -0.00306397 -0.0177062 0.999839 0.00274854
0.999968 -0.00734426 0.00306863 -0.00579313 0.00728779 0.999811 0.0180261 0.000214999 -0.00320043 -0.0180032 0.999833 0.0014981
0.999972 -0.00659407 0.00347611 -0.00425611 0.00651045 0.999702 0.0235396 0.000324557 -0.00363029 -0.0235163 0.999717 0.00270211
0.999975 -0.00666539 0.00241837 -0.00563344 0.00661276 0.999754 0.0211543 0.000271546 -0.00255878 -0.0211378 0.999773 0.00215751
0.999974 -0.00633187 0.00355592 -0.00598493 0.00624979 0.999724 0.0226375 0.000256148 -0.00369827 -0.0226147 0.999737 0.00215774
0.999982 -0.0054777 0.00259552 -0.00443837 0.00543157 0.999833 0.017457 0.000396593 -0.00269071 -0.0174426 0.999844 0.00340874
0.999981 -0.00542181 0.00304474 -0.00405422 0.00536788 0.999833 0.0174484 0.000451183 -0.00313883 -0.0174317 0.999843 0.00396777
0.999992 -0.00262561 0.00287334 -0.00203417 0.00258787 0.999911 0.0130583 0.000610986 -0.00290737 -0.0130508 0.999911 0.00555797
0.999988 -0.00348189 0.00331593 -0.0021764 0.00343238 0.999884 0.0148218 0.000685198 -0.00336716 -0.0148102 0.999885 0.00572438
0.999974 -0.00631265 0.0034245 -0.0050899 0.00626121 0.99987 0.0148283 0.000498572 -0.00351767 -0.0148064 0.999884 0.00425967
0.999988 -0.00429447 0.00216258 -0.00390306 0.00427722 0.99996 0.00791649 0.000562392 -0.00219649 -0.00790715 0.999966 0.00529093
0.999977 -0.00551044 0.00398123 -0.00472647 0.00546934 0.999932 0.0102612 0.000532071 -0.0040375 -0.0102392 0.999939 0.00500348
0.999995 -0.00247696 0.00182202 -0.00216042 0.00246277 0.999967 0.00774895 0.000723754 -0.00184116 -0.00774443 0.999968 0.0069238
0.999994 -0.00125079 0.00333538 -0.00192762 0.00122338 0.999966 0.00820895 0.000796847 -0.00334553 -0.00820482 0.999961 0.00734571
0.999996 -0.000533917 0.00292776 -0.00162947 0.000516883 0.999983 0.00581599 0.000861555 -0.00293082 -0.00581445 0.999979 0.00778671
0.999996 -0.000858197 0.00262559 -0.00185625 0.000847583 0.999991 0.00404092 0.000907442 -0.00262904 -0.00403868 0.999988 0.00795403
0.999993 -0.000730308 0.00355794 -0.000770832 0.00071546 0.999991 0.00417244 0.00100624 -0.00356095 -0.00416987 0.999985 0.00892897
0.999993 0.000678448 0.00371678 0.0001819 -0.000690993 0.999994 0.00337506 0.00113266 -0.00371446 -0.0033776 0.999987 0.00978743
0.999992 -0.000784618 0.00388134 -0.00212919 0.000769129 0.999992 0.00399038 0.000909171 -0.00388444 -0.00398737 0.999985 0.00867922
0.999986 -0.00229435 0.00476762 -0.00220405 0.00226517 0.999979 0.00611593 0.000962788 -0.00478155 -0.00610505 0.99997 0.00889442
0.999983 -0.00126867 0.00563866 -0.00234921 0.00121689 0.999957 0.00917818 0.000987539 -0.00565007 -0.00917117 0.999942 0.00908825
0.999979 -0.00426076 0.00496184 -0.00340543 0.00422238 0.999961 0.0077212 0.000933065 -0.00499455 -0.00770008 0.999958 0.008685
0.999976 -0.00396196 0.00567265 -0.00408509 0.00391617 0.99996 0.00805984 0.00083888 -0.00570436 -0.00803744 0.999951 0.00861226
0.999987 -0.00212518 0.00472772 -0.00270439 0.00208929 0.999969 0.0075838 0.00100546 -0.00474369 -0.00757382 0.99996 0.00975631
0.999967 -0.00481044 0.00652866 -0.00361065 0.0047176 0.999889 0.0141616 0.00101546 -0.00659605 -0.0141304 0.999878 0.00946286
0.999972 -0.00432481 0.00604217 -0.00248785 0.00423893 0.999891 0.0141551 0.00108513 -0.00610273 -0.0141291 0.999882 0.0104659
0.999958 -0.00684394 0.00603839 -0.00553495 0.00674006 0.999832 0.0170595 0.000819273 -0.00615413 -0.0170181 0.999836 0.00879343
0.999965 -0.00612664 0.00576335 -0.00479081 0.00601603 0.999801 0.0190163 0.000902668 -0.00587871 -0.0189809 0.999803 0.00955527
0.99996 -0.00734299 0.00518767 -0.00482749 0.00724162 0.999788 0.0192961 0.00099851 -0.00532826 -0.0192578 0.9998 0.00979927
0.999967 -0.00656815 0.00480319 -0.00419942 0.00648682 0.999839 0.0167555 0.00103834 -0.00491247 -0.0167237 0.999848 0.0104286
0.99996 -0.00694157 0.0055672 -0.00384975 0.00681469 0.999724 0.0224944 0.00112067 -0.00572181 -0.0224556 0.999731 0.0109477
0.999964 -0.00665821 0.0052058 -0.00415144 0.00653744 0.999717 0.0228819 0.00110394 -0.00535667 -0.022847 0.999725 0.0110243
0.999945 -0.00890142 0.00562724 -0.00634688 0.00877475 0.999716 0.0221472 0.000961611 -0.00582279 -0.0220966 0.999739 0.0099623
0.999963 -0.00684467 0.00522619 -0.00507518 0.00672114 0.999706 0.0232991 0.00107861 -0.00538413 -0.0232631 0.999715 0.0110372
0.999947 -0.00827893 0.00612385 -0.00643937 0.00812233 0.99965 0.025169 0.00100868 -0.00633008 -0.025118 0.999664 0.0105077
0.999963 -0.00674934 0.0053058 -0.00511723 0.00660799 0.999634 0.0262219 0.00106496 -0.00548084 -0.0261859 0.999642 0.0115347
0.99995 -0.00777856 0.00630415 -0.00608313 0.00761625 0.999649 0.0253738 0.00105374 -0.00649931 -0.0253245 0.999658 0.0112062
0.99995 -0.00712802 0.00703587 -0.0060366 0.00694231 0.999636 0.0260751 0.00114428 -0.00721917 -0.026025 0.999635 0.0115768
0.999971 -0.00450912 0.00613506 -0.00455327 0.00436336 0.999713 0.0235677 0.00122182 -0.00623957 -0.0235402 0.999703 0.0126931
0.99997 -0.00640183 0.004424 -0.00429495 0.0063212 0.999818 0.0180053 0.00127652 -0.00453846 -0.0179768 0.999828 0.0132597
0.999974 -0.00570352 0.00439095 -0.00430314 0.00564159 0.999886 0.0139897 0.00128667 -0.00447024 -0.0139645 0.999892 0.0135049
0.999966 -0.0064251 0.00510433 -0.00431407 0.0063414 0.999848 0.0162497 0.00130917 -0.00520796 -0.0162168 0.999855 0.0138384
0.999988 -0.00295083 0.00388964 -0.00386823 0.00290129 0.999915 0.01268 0.00131904 -0.00392673 -0.0126686 0.999912 0.0142765
0.999971 -0.00388791 0.00647307 -0.00570782 0.00376464 0.999813 0.0189479 0.00123805 -0.00654553 -0.018923 0.9998 0.0134119
0.999984 -0.00244348 0.00500459 -0.00325148 0.00239108 0.999943 0.0104484 0.00150254 -0.00502983 -0.0104363 0.999933 0.0158599
0.999983 -0.00173503 0.00547832 -0.00176365 0.00169751 0.999975 0.00684588 0.00163987 -0.00549006 -0.00683647 0.999962 0.0170939
0.999978 -0.00167661 0.00647311 -0.00199097 0.00163195 0.999975 0.00689758 0.0016832 -0.00648451 -0.00688686 0.999955 0.0172251
0.999983 -1.78211e-05 0.00585586 -0.000663606 -2.19684e-05 0.999977 0.00679468 0.001818 -0.00585585 -0.00679469 0.99996 0.0182906
0.999978 -0.00304681 0.00589609 -0.00279304 0.00300729 0.999973 0.0067015 0.00162563 -0.00591634 -0.00668362 0.99996 0.0172892
0.999983 -0.00169418 0.00550473 -0.000614398 0.00166166 0.999981 0.00590625 0.00184991 -0.00551463 -0.00589701 0.999967 0.0189713
0.99998 -0.00210595 0.00590253 -0.00145162 0.00206705 0.999976 0.00658934 0.00180269 -0.00591627 -0.00657701 0.999961 0.0187487
0.999968 -0.00359465 0.00708791 -0.00304659 0.0035107 0.999924 0.0118224 0.00174671 -0.00712987 -0.0117971 0.999905 0.0180369
0.999968 -0.00375648 0.00700577 -0.00180606 0.00368506 0.999941 0.0101799 0.00185994 -0.0070436 -0.0101537 0.999924 0.0191529
0.999965 -0.00699725 0.00457588 -0.00269304 0.00697172 0.99996 0.00557178 0.00176841 -0.00461468 -0.00553969 0.999974 0.0189119
0.999962 -0.0058468 0.00649864 -0.00271608 0.00575522 0.999885 0.0140218 0.00184266 -0.00657987 -0.0139839 0.999881 0.0192147
0.999962 -0.00617331 0.00607807 -0.00288555 0.00608668 0.999881 0.0141702 0.00183319 -0.00616482 -0.0141327 0.999881 0.019381
0.999939 -0.00884915 0.00656498 -0.00500109 0.00873845 0.999822 0.0167045 0.0017037 -0.00671163 -0.0166461 0.999839 0.0186462
0.999935 -0.00846091 0.00761121 -0.0059493 0.00826775 0.999652 0.0250618 0.00171742 -0.0078206 -0.0249972 0.999657 0.0183697
0.999929 -0.00873762 0.00815779 -0.00543076 0.00856052 0.999732 0.0214972 0.00178877 -0.00834344 -0.0214258 0.999736 0.0189752
0.999942 -0.00821809 0.00699131 -0.00502074 0.00805675 0.999708 0.0228002 0.00188338 -0.00717664 -0.0227425 0.999716 0.0195198
0.999946 -0.0071404 0.00759106 -0.0033305 0.00696427 0.999712 0.0229809 0.00202421 -0.00775296 -0.0229268 0.999707 0.0208203
0.999938 -0.00737023 0.00830696 -0.00398376 0.00717298 0.999697 0.0235303 0.00200346 -0.00847787 -0.0234693 0.999689 0.0206924
0.999925 -0.00922874 0.00807451 -0.00612426 0.00901864 0.99963 0.0256806 0.00186745 -0.00830852 -0.0256058 0.999638 0.0196386
0.999921 -0.00982523 0.00780335 -0.00595112 0.00961595 0.999605 0.0264188 0.00189343 -0.00805984 -0.0263417 0.999621 0.0200887
0.99995 -0.00714418 0.00695995 -0.00425524 0.0069778 0.999696 0.0236434 0.00204285 -0.00712675 -0.0235937 0.999696 0.0213817
0.999947 -0.00815978 0.0062294 -0.00441691 0.00801562 0.999707 0.022827 0.00209345 -0.00641384 -0.0227758 0.99972 0.0215161
0.99995 -0.00714262 0.00697367 -0.00410666 0.00698687 0.999731 0.0221093 0.00216818 -0.00712972 -0.0220595 0.999731 0.0220244
0.999957 -0.00681966 0.00631541 -0.0036483 0.00669871 0.999797 0.0189782 0.00218633 -0.00644355 -0.0189351 0.9998 0.0226402
0.999962 -0.00510355 0.00706823 -0.0028243 0.0049632 0.999793 0.0197335 0.00232247 -0.00716748 -0.0196977 0.99978 0.0234293
0.999971 -0.00390697 0.00649526 -0.00290247 0.00380739 0.999876 0.015274 0.00235428 -0.00655413 -0.0152488 0.999862 0.0239474
0.999972 -0.00491451 0.005583 -0.00282322 0.00484035 0.999901 0.0132203 0.00236757 -0.00564742 -0.0131929 0.999897 0.0242686
0.999964 -0.00515916 0.00669992 -0.00311806 0.00507133 0.999902 0.0130613 0.00238913 -0.00676665 -0.0130269 0.999892 0.0244154
0.99997 -0.00332672 0.00694106 -0.00273866 0.00324906 0.999932 0.0111696 0.00240527 -0.00697774 -0.0111468 0.999914 0.0249773
0.999973 -0.00226212 0.0069455 -0.00171975 0.00218086 0.999929 0.0116842 0.00255296 -0.00697144 -0.0116688 0.999908 0.0258549
0.99998 -0.00246974 0.00582556 -0.00198976 0.00243827 0.999982 0.00540257 0.00254673 -0.0058388 -0.00538826 0.999968 0.0260501
0.999972 -0.00347898 0.00659624 -0.00176014 0.00342854 0.999965 0.00764241 0.00256298 -0.0066226 -0.00761959 0.999949 0.0264537
0.999968 -0.00317261 0.00733225 -0.00100012 0.003126 0.999975 0.00636013 0.0026454 -0.00735225 -0.00633701 0.999953 0.0272284
0.999973 -0.0025077 0.00686521 -0.000935411 0.00245553 0.999968 0.00759638 0.00269149 -0.00688404 -0.00757932 0.999948 0.0275278
0.999964 -0.00383997 0.0075126 -0.00147734 0.00378221 0.999963 0.00768748 0.00268246 -0.00754185 -0.00765879 0.999942 0.0274997
0.999965 -0.00379316 0.00748888 -0.00101101 0.00373284 0.999961 0.00805238 0.00275013 -0.00751913 -0.00802414 0.99994 0.0280502
0.999969 -0.00421412 0.00662895 -0.000954037 0.00415999 0.999958 0.00815754 0.00276281 -0.00666305 -0.00812972 0.999945 0.0284376
0.999961 -0.00600577 0.00651977 -0.00137031 0.00595174 0.999948 0.00827547 0.00275694 -0.00656913 -0.00823634 0.999945 0.0284892
0.999946 -0.00570887 0.0086798 -0.00232523 0.00561816 0.99993 0.0104398 0.00273273 -0.00873879 -0.0103904 0.999908 0.0282269
0.999948 -0.00632581 0.00797024 -0.00240203 0.00623244 0.999912 0.0116857 0.0027359 -0.00804346 -0.0116354 0.9999 0.0285216
0.99995 -0.00648567 0.00756941 -0.00243426 0.00638945 0.999899 0.0126681 0.00273876 -0.00765081 -0.0126191 0.999891 0.0288018
0.999937 -0.00778118 0.00809248 -0.00294892 0.00763547 0.999811 0.0178836 0.00280204 -0.0082301 -0.0178206 0.999807 0.0290753
0.999926 -0.00860228 0.00856643 -0.00402877 0.00847079 0.999848 0.0152691 0.0030278 -0.00869647 -0.0151954 0.999847 0.0318819
0.999946 -0.00610582 0.0083698 -0.00455348 0.00594054 0.99979 0.019631 0.0029552 -0.0084879 -0.0195802 0.999772 0.0319074
0.999954 -0.00576253 0.00769875 -0.00366282 0.00569505 0.999945 0.00875741 0.00310739 -0.0077488 -0.00871316 0.999932 0.0338678
0.999924 -0.00885954 0.00857738 -0.00129109 0.00878791 0.999926 0.00835286 0.00358996 -0.00865075 -0.00827684 0.999928 0.0379402
0.999937 -0.00658063 0.00911659 -0.00184572 0.00648782 0.999927 0.0101727 0.00350873 -0.00918287 -0.010113 0.999907 0.0378009
0.999888 -0.0117065 0.00930836 -0.00449814 0.0114957 0.999683 0.0223812 0.00353739 -0.00956742 -0.0222717 0.999706 0.0385599
0.999899 -0.0101191 0.00999135 -0.00642687 0.00987362 0.999656 0.0243164 0.00354303 -0.010234 -0.0242152 0.999654 0.0387907
0.999923 -0.00879051 0.0088088 -0.00552348 0.00865316 0.999842 0.0155114 0.00367183 -0.00894377 -0.015434 0.999841 0.040905
0.999928 -0.00615906 0.0102716 -0.000771947 0.0060932 0.999961 0.00643033 0.00415597 -0.0103108 -0.00636728 0.999927 0.0456138
0.999926 -0.0076925 0.00937488 -0.00163732 0.00762534 0.999945 0.00717847 0.00412609 -0.00942959 -0.00710646 0.99993 0.046544
0.999841 -0.0124888 0.0127033 -0.00650724 0.0121536 0.999585 0.0261347 0.00393699 -0.0130244 -0.0259762 0.999578 0.0452054
0.999844 -0.0137101 0.0111697 -0.00699898 0.0133982 0.999531 0.0275311 0.00405517 -0.0115419 -0.0273772 0.999559 0.0464154
0.999873 -0.0120278 0.0104695 -0.00756651 0.0117995 0.999697 0.0216045 0.0041594 -0.0107262 -0.0214782 0.999712 0.0475615
0.99991 -0.00887242 0.0100732 -0.0045516 0.00870899 0.999832 0.0161538 0.0044778 -0.0102148 -0.0160646 0.999819 0.0509823
0.999913 -0.00826249 0.0102882 -0.0033509 0.0081445 0.999901 0.0114586 0.00473574 -0.0103819 -0.0113738 0.999881 0.0532332
0.999887 -0.0112595 0.0100103 -0.00435423 0.0111693 0.999897 0.00901583 0.00471697 -0.0101108 -0.008903 0.999909 0.0541376
0.99987 -0.0116208 0.0111609 -0.00542051 0.0113731 0.999693 0.0220026 0.00481829 -0.0114131 -0.0218728 0.999696 0.0549721
0.999849 -0.0132068 0.0112809 -0.00819447 0.0129115 0.999582 0.0258585 0.00497369 -0.0116177 -0.025709 0.999602 0.056341
0.999883 -0.0112104 0.0104219 -0.00694171 0.0110345 0.999798 0.0167878 0.00513508 -0.010608 -0.0166708 0.999805 0.058587
0.999898 -0.00971937 0.0104687 -0.00455533 0.00962516 0.999913 0.00901264 0.00536978 -0.0105554 -0.00891095 0.999905 0.0615714
0.999881 -0.0114694 0.0103373 -0.0056485 0.0113726 0.999891 0.00937715 0.00535402 -0.0104438 -0.00925847 0.999903 0.0624466
0.99981 -0.01518 0.0122054 -0.00918428 0.0148405 0.999513 0.0274434 0.00516722 -0.0126161 -0.027257 0.999549 0.0619028
0.999812 -0.0147668 0.0125833 -0.00955916 0.0144122 0.999509 0.027821 0.00510981 -0.0129879 -0.0276344 0.999534 0.0633227
0.999865 -0.0124331 0.0107647 -0.00805111 0.0121723 0.999639 0.0239619 0.00525654 -0.0110587 -0.0238276 0.999655 0.0657034
0.999861 -0.0126854 0.0108118 -0.00843582 0.0125148 0.999798 0.0157019 0.00528077 -0.0110088 -0.0155644 0.999818 0.067099
0.999893 -0.00954993 0.0110811 -0.00536417 0.00943205 0.999899 0.0106419 0.00562175 -0.0111816 -0.0105362 0.999882 0.0703122
0.99986 -0.0118084 0.011864 -0.00677225 0.0116519 0.999845 0.0131745 0.00562141 -0.0120177 -0.0130344 0.999843 0.070867
0.999833 -0.0142528 0.0114449 -0.00795162 0.0140261 0.999708 0.0196554 0.00572307 -0.0117217 -0.0194915 0.999741 0.0714711
0.999772 -0.018627 0.0104213 -0.012044 0.0183272 0.999436 0.0281548 0.00561052 -0.0109398 -0.0279574 0.999549 0.0705101
0.999829 -0.0154881 0.0101355 -0.0113623 0.0152093 0.999519 0.0270329 0.00589055 -0.0105493 -0.0268741 0.999583 0.0722355
0.999842 -0.014805 0.00979806 -0.0103657 0.0145805 0.999638 0.0226034 0.00612966 -0.0101292 -0.0224569 0.999696 0.0742852
0.999916 -0.0106058 0.00745684 -0.00681646 0.0105511 0.999917 0.00732796 0.00648075 -0.00753394 -0.00724866 0.999945 0.0778874
0.999899 -0.0109134 0.00913821 -0.00614652 0.0108363 0.999906 0.00844438 0.00665181 -0.00922951 -0.0083445 0.999923 0.0798304
0.999818 -0.0167038 0.00923136 -0.00910081 0.0165436 0.999716 0.0171646 0.00660313 -0.00951545 -0.0170088 0.99981 0.0796412
0.999783 -0.0188416 0.00889122 -0.0110131 0.0186131 0.999511 0.0251146 0.00658231 -0.00936007 -0.0249436 0.999645 0.0800046
0.999815 -0.0173841 0.00825704 -0.0114721 0.0172224 0.999666 0.0192679 0.00684463 -0.00858924 -0.0191221 0.99978 0.0827341
0.99991 -0.0111431 0.00743361 -0.00748558 0.0110733 0.999895 0.00936613 0.00726978 -0.0075372 -0.00928298 0.999929 0.0865703
0.999896 -0.0112333 0.008999 -0.0064347 0.0111625 0.999907 0.00787933 0.00748499 -0.00908668 -0.00777807 0.999928 0.0886758
0.999797 -0.0186011 0.00775459 -0.0120005 0.0185058 0.999754 0.0121925 0.00710167 -0.00797948 -0.0120465 0.999896 0.0870049
0.999744 -0.0214227 0.00733938 -0.0134854 0.0212637 0.999551 0.0210871 0.00717864 -0.00778783 -0.0209256 0.999751 0.087638
0.999762 -0.0207792 0.00660958 -0.0139146 0.0206222 0.999523 0.0230019 0.00725924 -0.00708438 -0.0228601 0.999714 0.0887701
0.999807 -0.0187254 0.00600769 -0.0128262 0.018638 0.999724 0.0142858 0.00743832 -0.00627354 -0.0141711 0.99988 0.0909673
0.999848 -0.0164936 0.00572694 -0.010254 0.0164665 0.999853 0.00474624 0.00770151 -0.00580438 -0.00465122 0.999972 0.0940304
0.999835 -0.0167131 0.00717067 -0.0105839 0.0166946 0.999857 0.00263338 0.00765473 -0.00721365 -0.00251324 0.999971 0.0952794
0.99978 -0.0199434 0.00652157 -0.0112133 0.0198995 0.999779 0.00672291 0.00763641 -0.00665421 -0.00659165 0.999956 0.09662
0.999698 -0.0229788 0.00876419 -0.0142441 0.0227767 0.999487 0.0224976 0.00752713 -0.00927666 -0.0222912 0.999708 0.0964727
0.999763 -0.0206761 0.00680853 -0.0132419 0.0205159 0.999529 0.0228127 0.00770146 -0.007277 -0.0226676 0.999717 0.0985644
0.999771 -0.0201722 0.00710425 -0.0143253 0.0200503 0.999657 0.0168357 0.00775229 -0.00744143 -0.0166894 0.999833 0.0994657
0.999832 -0.0175909 0.00519633 -0.0110947 0.0175934 0.999845 -0.000423616 0.00810969 -0.00518807 0.000514966 0.999986 0.102878
0.999849 -0.0159447 0.00688279 -0.0103027 0.0159329 0.999872 0.00176399 0.00821256 -0.00691003 -0.00165406 0.999975 0.10486
0.999776 -0.0197525 0.00766523 -0.0115644 0.0196591 0.999734 0.0120724 0.00818957 -0.00790165 -0.011919 0.999898 0.105683
0.999722 -0.0227445 0.0062787 -0.0141268 0.0226324 0.999593 0.0173835 0.008105 -0.00667152 -0.0172366 0.999829 0.105878
0.999737 -0.0219305 0.00669804 -0.0145004 0.0218104 0.999609 0.0175058 0.00807418 -0.00707933 -0.0173551 0.999824 0.10709
0.999787 -0.0197344 0.00605343 -0.0137165 0.0196487 0.99971 0.0139068 0.00821339 -0.00632612 -0.0137849 0.999885 0.109233
0.999796 -0.0188117 0.00734053 -0.0137927 0.0187898 0.999819 0.0030421 0.00819332 -0.00739642 -0.00290355 0.999968 0.110531
0.999857 -0.0160505 0.00532794 -0.00919714 0.016054 0.999871 -0.000618988 0.0086897 -0.00531732 0.000704435 0.999986 0.114627
0.999683 -0.0242373 0.00685047 -0.0153054 0.0241421 0.999615 0.013652 0.00840265 -0.00717872 -0.0134822 0.999883 0.112799
0.999653 -0.0255023 0.00662455 -0.0168433 0.0253582 0.999458 0.0209868 0.00847531 -0.00715617 -0.0208115 0.999758 0.113533
0.999671 -0.0249019 0.00611807 -0.0171918 0.0247857 0.999524 0.0183896 0.00856 -0.0065731 -0.0182319 0.999812 0.114887
0.999803 -0.0195179 0.00357646 -0.0143091 0.0194907 0.999782 0.00750905 0.00892803 -0.00372224 -0.00743786 0.999965 0.117963
0.999845 -0.0174006 0.00280815 -0.01128 0.0174167 0.999832 -0.00578166 0.00929437 -0.00270707 0.00582967 0.999979 0.121229
0.999847 -0.0172079 0.00309523 -0.010051 0.0172261 0.999834 -0.00594446 0.00947514 -0.00299242 0.00599687 0.999978 0.123424
0.99973 -0.0228768 0.00402577 -0.0145654 0.0228474 0.999713 0.00721464 0.00939499 -0.00418966 -0.00712072 0.999966 0.122432
0.999684 -0.024961 0.00287737 -0.0162926 0.0249198 0.999597 0.0135652 0.00942072 -0.00321481 -0.0134893 0.999904 0.123005
0.999697 -0.0245463 0.00158612 -0.0155234 0.0245285 0.999645 0.0104202 0.00956826 -0.00184133 -0.0103781 0.999944 0.125008
0.999763 -0.0217665 -0.000238391 -0.0157907 0.021767 0.99976 0.0023714 0.00966208 0.000186717 -0.00237603 0.999997 0.126329
0.999843 -0.0177033 0.000278327 -0.0116462 0.0177052 0.999793 -0.0100716 0.0100488 -9.99695e-05 0.0100749 0.999949 0.130174
0.999767 -0.0215309 0.00130619 -0.0136359 0.0215389 0.999747 -0.00651628 0.0100457 -0.00116556 0.00654289 0.999978 0.130627
0.999694 -0.0247382 0.000806904 -0.0151356 0.0247351 0.999687 0.00366358 0.0101185 -0.000897282 -0.0036425 0.999993 0.131304
0.999669 -0.0256965 -0.00110267 -0.0144326 0.0257048 0.999635 0.00835881 0.0103726 0.000887471 -0.00838439 0.999964 0.133223
0.999658 -0.0261481 -0.000214134 -0.0168091 0.0261489 0.999643 0.00541518 0.0102648 7.24604e-05 -0.00541892 0.999985 0.133438
0.999722 -0.0235015 -0.00165834 -0.015401 0.0234989 0.999723 -0.00161434 0.0105342 0.00169582 0.00157493 0.999997 0.135819
0.999847 -0.0172783 -0.00275583 -0.0110632 0.0172337 0.999732 -0.015475 0.0109947 0.00302248 0.0154251 0.999876 0.139536
0.999806 -0.0191111 -0.0047092 -0.0113208 0.0190178 0.999636 -0.0191179 0.0111224 0.00507285 0.0190246 0.999806 0.140808
0.9997 -0.0242271 -0.00352129 -0.013839 0.0241957 0.999669 -0.0087156 0.0111585 0.00373128 0.00862779 0.999956 0.140819
0.999681 -0.0248735 -0.00436378 -0.0155227 0.0248634 0.999688 -0.00235131 0.0111382 0.0044209 0.00224207 0.999988 0.141309
0.999676 -0.0252744 -0.00309077 -0.0175926 0.0252831 0.999676 0.00279983 0.0111637 0.003019 -0.00287707 0.999991 0.141523
0.999779 -0.0200765 -0.00617705 -0.0156539 0.0200131 0.999748 -0.0101658 0.0114376 0.00637958 0.01004 0.999929 0.144107
0.999858 -0.0153791 -0.00692048 -0.0105728 0.0152396 0.999688 -0.0197834 0.0118517 0.00722257 0.0196751 0.99978 0.148318
0.999834 -0.0173302 -0.00562129 -0.0116286 0.0171985 0.999595 -0.0226779 0.0118698 0.00601202 0.0225775 0.999727 0.149247
0.999731 -0.0223358 -0.00631332 -0.0134488 0.0222318 0.999623 -0.0160968 0.0118483 0.00667048 0.0159521 0.999851 0.149923
0.999662 -0.02542 -0.00539233 -0.0158535 0.0254016 0.999671 -0.0034412 0.0118835 0.00547803 0.00330306 0.99998 0.150164
0.999599 -0.0280318 -0.00399754 -0.0202854 0.0280522 0.999593 0.00513447 0.0117631 0.00385198 -0.00524455 0.999979 0.149212
0.99971 -0.0229271 -0.00741268 -0.0155025 0.0228322 0.999659 -0.0126534 0.0122608 0.00770026 0.0124805 0.999892 0.15357
0.999811 -0.0179729 -0.0073701 -0.0128443 0.0178116 0.999612 -0.0213971 0.0125464 0.00775181 0.0212618 0.999744 0.156425
0.999829 -0.0171155 -0.00705511 -0.0119114 0.0169364 0.999551 -0.0247042 0.0127508 0.00747476 0.0245804 0.99967 0.158442
0.999745 -0.0220165 -0.00507803 -0.0153369 0.0219538 0.999686 -0.0120919 0.0126168 0.00534265 0.0119773 0.999914 0.158052
0.999693 -0.0235576 -0.00770033 -0.0148899 0.0235004 0.999696 -0.0074409 0.012817 0.00787328 0.00725765 0.999943 0.159831
0.999654 -0.025845 -0.00498 -0.0187352 0.0258597 0.999661 0.00291177 0.0127115 0.00490306 -0.00303955 0.999983 0.159151
0.99969 -0.0240218 -0.00654743 -0.0168271 0.0239967 0.999705 -0.0038773 0.0129301 0.00663864 0.00371898 0.999971 0.161694
0.999809 -0.018172 -0.00713658 -0.0143523 0.0180388 0.99967 -0.0183071 0.0132589 0.0074669 0.0181748 0.999807 0.164518
0.999843 -0.0163207 -0.00682787 -0.0120313 0.0161625 0.999613 -0.0226199 0.0135605 0.0071944 0.0225061 0.999721 0.167185
0.999788 -0.0196161 -0.00626583 -0.0135465 0.0195198 0.999696 -0.0150794 0.0136602 0.00655972 0.0149539 0.999867 0.167928
0.999692 -0.023744 -0.00726043 -0.0153521 0.0237029 0.999703 -0.00570354 0.0137097 0.0073937 0.00552969 0.999957 0.168415
0.999615 -0.0270538 -0.00619465 -0.0197937 0.0270818 0.999623 0.00447102 0.0135738 0.00607136 -0.00463706 0.999971 0.167478
0.999712 -0.0224699 -0.00837014 -0.0160511 0.0223911 0.999705 -0.00939636 0.0139408 0.00857881 0.00920624 0.999921 0.170947
0.999859 -0.0148852 -0.00779234 -0.0129862 0.0147385 0.999719 -0.0185507 0.0143401 0.00806628 0.0184332 0.999798 0.173996
0.999882 -0.0133617 -0.00755143 -0.0106659 0.013174 0.999616 -0.0243816 0.0146016 0.0078743 0.0242792 0.999674 0.176762
0.999836 -0.0170696 -0.00597803 -0.012477 0.0169627 0.999703 -0.0174877 0.0146123 0.00627477 0.0173834 0.999829 0.177322
0.999734 -0.0222995 -0.00583079 -0.0154609 0.0222556 0.999724 -0.00748703 0.0145803 0.00599614 0.00735527 0.999955 0.177143
0.999618 -0.0267526 -0.00692283 -0.0187338 0.0267613 0.999641 0.00116792 0.0145346 0.00688911 -0.00135274 0.999975 0.17678
0.999702 -0.0233837 -0.00700079 -0.0178053 0.0233728 0.999725 -0.00163911 0.0147369 0.00703719 0.00147499 0.999974 0.178712
0.999879 -0.0135787 -0.00760489 -0.0121965 0.0134149 0.999685 -0.0211899 0.0153374 0.00789023 0.0210854 0.999747 0.184149
0.999717 -0.0233466 -0.00457614 -0.0162603 0.023319 0.99971 -0.00599017 0.0153909 0.00471467 0.00588176 0.999972 0.18521
0.999688 -0.024586 -0.00437611 -0.017892 0.0246043 0.999689 0.00417569 0.0154641 0.00427208 -0.00428206 0.999982 0.185736
0.999813 -0.0187716 -0.00471351 -0.0168647 0.0187573 0.999819 -0.00306715 0.0157158 0.00477023 0.00297816 0.999984 0.188917
0.999851 -0.0167559 -0.00421006 -0.0150064 0.0166987 0.999773 -0.0132585 0.0160149 0.00443126 0.0131862 0.999903 0.191773
0.999827 -0.018522 -0.00172212 -0.0155311 0.0185084 0.9998 -0.0075995 0.0161798 0.00186253 0.00756631 0.99997 0.193808
0.999712 -0.0239452 -0.0014719 -0.0181213 0.0239558 0.999683 0.00768613 0.0162032 0.00128739 -0.00771918 0.999969 0.194755
0.999699 -0.0244211 -0.00223618 -0.0192528 0.0244344 0.999683 0.00613542 0.0162533 0.00208564 -0.00618821 0.999979 0.19619
0.99984 -0.0176829 -0.00265073 -0.0161615 0.0176604 0.99981 -0.00827803 0.0166351 0.0027966 0.00822989 0.999962 0.200119
0.999606 -0.0280583 0.00114338 -0.0205094 0.0280344 0.999457 0.0173134 0.0169123 -0.00162855 -0.0172745 0.999849 0.202688
0.999667 -0.0256782 0.00245356 -0.0218788 0.0256218 0.999456 0.0207888 0.0171634 -0.00298604 -0.0207191 0.999781 0.20406
0.999839 -0.0178958 0.00147282 -0.017614 0.0178932 0.999838 0.00179043 0.0176439 -0.00150462 -0.00176379 0.999997 0.208415
0.999786 -0.0203316 0.00373005 -0.0174701 0.0203268 0.999792 0.00133502 0.0180368 -0.00375642 -0.00125891 0.999992 0.210415
0.999707 -0.0238594 0.00410924 -0.0188978 0.0237756 0.99953 0.0193571 0.0182642 -0.00456915 -0.0192537 0.999804 0.211878
0.999723 -0.0229749 0.00513071 -0.0201371 0.0228275 0.999371 0.0271496 0.018525 -0.00575124 -0.0270249 0.999618 0.213412
0.999766 -0.0211507 0.00444992 -0.0185845 0.0210952 0.999703 0.0121836 0.0188492 -0.00470629 -0.0120868 0.999916 0.216401
0.999803 -0.0188167 0.00630077 -0.0173794 0.0187439 0.999759 0.0114228 0.0192876 -0.00651419 -0.0113024 0.999915 0.219395
0.999638 -0.0258818 0.00733516 -0.0177863 0.0257067 0.999404 0.0230285 0.0196149 -0.00792681 -0.0228316 0.999708 0.221499
0.999603 -0.0265916 0.00929824 -0.0209856 0.0262184 0.998927 0.0381824 0.0197869 -0.0103036 -0.0379235 0.999228 0.221952
0.999698 -0.0235235 0.00714136 -0.0193872 0.0233823 0.999541 0.0192508 0.0200872 -0.00759093 -0.019078 0.999789 0.224909
0.999804 -0.0185339 0.00689123 -0.0163836 0.0184874 0.999806 0.00674852 0.0205895 -0.00701497 -0.0066198 0.999953 0.228669
0.999595 -0.0271174 0.00864143 -0.0205578 0.026913 0.999374 0.022951 0.0206247 -0.00925839 -0.0227091 0.999699 0.228817
0.999492 -0.0305806 0.00898438 -0.0229316 0.030199 0.998747 0.0399171 0.0207479 -0.0101938 -0.0396255 0.999163 0.229733
0.999619 -0.026558 0.00749062 -0.0214523 0.0263907 0.999418 0.0216091 0.021048 -0.00806015 -0.0214032 0.999738 0.232898
0.999798 -0.0186952 0.00732475 -0.0172951 0.0186224 0.999778 0.00988664 0.0215183 -0.00750796 -0.00974824 0.999924 0.23723
0.999573 -0.0284664 0.00665915 -0.0208087 0.0282981 0.999308 0.0241337 0.0216997 -0.00734154 -0.023935 0.999687 0.237925
0.999472 -0.0321164 0.00487788 -0.0236988 0.031958 0.999049 0.029671 0.021815 -0.00582617 -0.0294994 0.999548 0.238581
0.999625 -0.0270317 0.00434573 -0.0225419 0.0269554 0.999496 0.0167471 0.0221124 -0.00479624 -0.0166237 0.99985 0.241249
0.999812 -0.0191875 0.00281453 -0.0169213 0.0191878 0.999816 -6.86769e-05 0.0227432 -0.00281269 0.000122669 0.999996 0.246265
0.999614 -0.0276487 0.00285335 -0.0215685 0.0276118 0.999543 0.0122656 0.0227466 -0.00319118 -0.0121821 0.999921 0.246157
0.999422 -0.0338832 0.00277975 -0.0249255 0.0338052 0.999129 0.0244775 0.0228024 -0.0036067 -0.0243693 0.999697 0.246732
0.999557 -0.0297693 0.000505202 -0.0240584 0.0297633 0.999513 0.00941333 0.0231206 -0.000785184 -0.00939412 0.999956 0.249406
0.99975 -0.0222904 -0.00146435 -0.0205867 0.0222779 0.999719 -0.00810707 0.0236494 0.00164465 0.00807242 0.999966 0.253731
0.999556 -0.0296821 -0.00248501 -0.0233512 0.0296932 0.999549 0.00454562 0.0238777 0.00234897 -0.0046174 0.999987 0.254703
0.999281 -0.0376994 -0.00396623 -0.0268016 0.0377439 0.999218 0.0118182 0.0239027 0.00351759 -0.0119594 0.999922 0.255188
0.999526 -0.0303614 -0.0051579 -0.0240201 0.0303445 0.999534 -0.00332929 0.0243856 0.00525658 0.00317119 0.999981 0.25873
0.999741 -0.0219371 -0.00599591 -0.01959 0.0218297 0.99961 -0.0174318 0.0248351 0.00637598 0.0172964 0.99983 0.263247
0.99953 -0.0299027 -0.00678569 -0.0213849 0.0298474 0.999522 -0.00811192 0.0249125 0.00702501 0.00790557 0.999944 0.26477
0.99928 -0.0374224 -0.00628631 -0.0266182 0.0374637 0.999276 0.0065787 0.0248611 0.00603557 -0.00680947 0.999959 0.264368
0.999535 -0.0293533 -0.00821296 -0.0233429 0.0292348 0.999472 -0.0141918 0.02529 0.0086252 0.0139451 0.999866 0.268238
0.999711 -0.022269 -0.00900872 -0.0198509 0.0220219 0.999402 -0.0266648 0.0256892 0.00959713 0.0264588 0.999604 0.27233
0.999333 -0.0344928 -0.0119601 -0.0238597 0.0344278 0.999391 -0.00560255 0.0260714 0.0121461 0.00518705 0.999913 0.274748
0.999534 -0.0281431 -0.0118125 -0.0228358 0.0279834 0.999518 -0.0134752 0.0263967 0.012186 0.0131383 0.999839 0.277281
0.999761 -0.0180791 -0.0123303 -0.0172968 0.0176766 0.999331 -0.032004 0.0270995 0.0129006 0.0317784 0.999412 0.282086
0.999653 -0.0247268 -0.00913418 -0.0199427 0.0245891 0.999587 -0.0148854 0.0272775 0.00949847 0.0146557 0.999847 0.283091
0.999386 -0.0334404 -0.0104101 -0.025024 0.0334061 0.999436 -0.00345429 0.0272443 0.0105197 0.00310442 0.99994 0.282968
0.999638 -0.0243733 -0.0113582 -0.0198256 0.0241869 0.999575 -0.0162653 0.0278214 0.0117498 0.0159847 0.999803 0.287819
0.999811 -0.0167928 -0.00980746 -0.0179325 0.0165391 0.999541 -0.0253932 0.0282641 0.0102294 0.0252262 0.999629 0.291086
0.999647 -0.0253325 -0.00804874 -0.0213188 0.0252643 0.999645 -0.00846126 0.0284976 0.00826023 0.00825492 0.999932 0.291884
0.999303 -0.0366422 -0.00711869 -0.026961 0.0366624 0.999324 0.00273527 0.0283584 0.00701365 -0.00299435 0.999971 0.291415
0.999491 -0.0312447 -0.00647287 -0.0250281 0.0312226 0.999506 -0.00348786 0.0288376 0.00657865 0.00328399 0.999973 0.294488
0.999803 -0.0191328 -0.00531345 -0.0213457 0.0190461 0.999692 -0.0159063 0.0292237 0.00561614 0.015802 0.999859 0.298595
0.999602 -0.0280639 -0.00302964 -0.0238007 0.0280599 0.999605 -0.0013669 0.0294619 0.00306681 0.00128134 0.999994 0.299869
0.999648 -0.0263798 -0.0026792 -0.0235799 0.0263824 0.999651 0.0009376 0.0299115 0.00265353 -0.00100795 0.999996 0.304445
0.999782 -0.0208467 -0.00095997 -0.0226075 0.020841 0.999767 -0.00556167 0.030188 0.00107569 0.00554045 0.999984 0.307466
0.999472 -0.0323849 0.00252827 -0.0262366 0.032332 0.999302 0.0187273 0.0303208 -0.00313299 -0.0186357 0.999821 0.30801
0.999363 -0.0356446 0.00177451 -0.0284908 0.0355844 0.999009 0.0267419 0.0305026 -0.00272595 -0.0266617 0.999641 0.30913
0.999623 -0.0273719 0.00199288 -0.0260309 0.0273437 0.999541 0.0130255 0.03083 -0.0023485 -0.0129661 0.999913 0.312468
0.999841 -0.0176216 0.00284161 -0.0210549 0.0176117 0.999839 0.00346981 0.0315074 -0.0029023 -0.00341922 0.99999 0.317126
0.999522 -0.0304519 0.00530622 -0.0255216 0.0303065 0.999212 0.0256153 0.0314286 -0.00608207 -0.0254423 0.999658 0.317446
0.999392 -0.0345916 0.00437114 -0.0283688 0.0344462 0.998961 0.0298308 0.0314731 -0.00539849 -0.0296621 0.999545 0.318117
0.999592 -0.0281563 0.00472255 -0.024988 0.0280535 0.999395 0.0205698 0.0318965 -0.00529886 -0.020429 0.999777 0.321891
0.999782 -0.0205178 0.00397524 -0.0217764 0.0204916 0.999769 0.00652153 0.0322273 -0.00410812 -0.00643864 0.999971 0.325841
0.99943 -0.033097 0.00672042 -0.0269592 0.0329338 0.999191 0.0230933 0.0320897 -0.00747929 -0.0228588 0.999711 0.325687
0.99918 -0.0397678 0.00757234 -0.0287488 0.0394459 0.99847 0.0387489 0.0323078 -0.00910171 -0.0384184 0.99922 0.327216
0.999528 -0.0299286 0.00700374 -0.0268902 0.0297393 0.999226 0.0257383 0.0325959 -0.00776863 -0.0255179 0.999644 0.330192
0.999726 -0.0222331 0.00728775 -0.0238919 0.0221345 0.999666 0.0133432 0.0330046 -0.00758198 -0.0131783 0.999884 0.334024
0.999445 -0.0320837 0.00900611 -0.024645 0.0318644 0.999215 0.0235246 0.0331733 -0.0097538 -0.0232245 0.999683 0.335945
0.999358 -0.0348694 0.00824383 -0.0269959 0.0345646 0.998803 0.0346116 0.0332719 -0.00944085 -0.0343045 0.999367 0.337218
0.999537 -0.0297741 0.0062959 -0.0252944 0.029675 0.999443 0.0152877 0.0335142 -0.00674757 -0.0150938 0.999863 0.340351
0.999603 -0.0268677 0.00842535 -0.024019 0.0267913 0.9996 0.0090571 0.0337551 -0.00866533 -0.00882778 0.999923 0.343278
0.999189 -0.0389205 0.0103283 -0.0294268 0.038606 0.998831 0.0290799 0.0337231 -0.011448 -0.0286575 0.999524 0.343109
0.999189 -0.0391653 0.00935319 -0.0292602 0.0387915 0.998552 0.037263 0.0339744 -0.0107991 -0.03687 0.999262 0.345357
0.999469 -0.0317089 0.00755542 -0.0268738 0.0315442 0.999282 0.0210083 0.0342494 -0.00821615 -0.0207588 0.999751 0.34871
0.999564 -0.0276753 0.0103003 -0.0266837 0.0274778 0.999445 0.0188452 0.0345016 -0.0108161 -0.018554 0.999769 0.351338
0.999222 -0.0380858 0.0102669 -0.0299335 0.037679 0.998595 0.0372652 0.0346508 -0.0116718 -0.0368493 0.999253 0.354517
0.999482 -0.0308617 0.0091144 -0.0277699 0.0306965 0.999371 0.0177392 0.0349556 -0.00965613 -0.0174503 0.999801 0.357817
0.999489 -0.0300251 0.0109411 -0.0286797 0.0298067 0.999363 0.0196066 0.035072 -0.0115228 -0.0192704 0.999748 0.359751
0.999212 -0.0386256 0.00916794 -0.0308394 0.0382719 0.998617 0.0360356 0.0351844 -0.0105472 -0.0356563 0.999308 0.361083
0.999092 -0.0415421 0.00949663 -0.0320484 0.0411376 0.998375 0.0394223 0.0353727 -0.0111189 -0.0389959 0.999178 0.362724
0.999377 -0.0343185 0.00821047 -0.0291967 0.0341741 0.999269 0.0171171 0.0356673 -0.0087919 -0.0168258 0.99982 0.366159
0.999507 -0.0300066 0.00927334 -0.0280207 0.0298426 0.999404 0.0173431 0.0359766 -0.00978822 -0.0170578 0.999807 0.369136
0.999092 -0.0414506 0.0098106 -0.031503 0.0411277 0.99867 0.0310982 0.0359471 -0.0110866 -0.0306665 0.999468 0.370006
0.999147 -0.0402759 0.00908684 -0.03153 0.0399372 0.998596 0.0347966 0.0360481 -0.0104756 -0.034404 0.999353 0.372294
0.999396 -0.0336313 0.00871827 -0.0293551 0.0334987 0.999327 0.0149328 0.0360534 -0.00921461 -0.0146317 0.99985 0.375671
0.999397 -0.0331072 0.0104265 -0.030343 0.0328456 0.999164 0.0243332 0.0360976 -0.0112234 -0.023976 0.99965 0.37773
0.999088 -0.0417098 0.009184 -0.0313605 0.0414048 0.998655 0.0312103 0.0362534 -0.0104734 -0.0308016 0.999471 0.379435
0.999024 -0.0435427 0.00735883 -0.0323142 0.0432398 0.99837 0.0372538 0.0364664 -0.00896897 -0.0368993 0.999279 0.380767
0.999193 -0.0397034 0.00605547 -0.0323462 0.0395752 0.999016 0.0200014 0.0367402 -0.00684363 -0.0197456 0.999782 0.382887
0.999612 -0.0274728 0.00451579 -0.0270693 0.0274434 0.999602 0.00646637 0.0373584 -0.00469165 -0.00633993 0.999969 0.387367
0.999119 -0.0413514 0.00716772 -0.0317971 0.0411926 0.99893 0.021044 0.0372453 -0.00803025 -0.0207302 0.999753 0.387676
0.998888 -0.0468452 0.0053926 -0.0348205 0.0466815 0.998537 0.0272727 0.0373738 -0.00666231 -0.0269906 0.999613 0.388667
0.999338 -0.0363458 0.0017445 -0.0289896 0.0363426 0.999338 0.00181275 0.0378565 -0.00180923 -0.00174815 0.999997 0.393351
0.999515 -0.0309403 0.00362777 -0.0300743 0.0309305 0.999518 0.00271962 0.0379288 -0.00371017 -0.00260609 0.99999 0.395178
0.999233 -0.0389578 0.00401088 -0.0300153 0.0389061 0.999168 0.0122433 0.0381009 -0.00448451 -0.0120778 0.999917 0.397501
0.998833 -0.048237 0.00239379 -0.0345882 0.048181 0.998646 0.0196079 0.0380232 -0.00333638 -0.0194697 0.999805 0.397793
0.999146 -0.0413273 -0.00042839 -0.0321124 0.0413272 0.999146 -0.000283641 0.0383484 0.000439746 0.000265695 1 0.401055
0.999509 -0.0312587 0.00208687 -0.0303308 0.0312625 0.99951 -0.00179292 0.0386058 -0.0020298 0.00185728 0.999996 0.404074
0.998948 -0.0458308 0.00128005 -0.0343221 0.0458069 0.99884 0.0148135 0.0385875 -0.00195748 -0.0147393 0.999889 0.407101
0.999338 -0.0363736 -0.000979871 -0.0305656 0.0363696 0.999331 -0.00379066 0.0389729 0.0011171 0.00375251 0.999992 0.411179
0.999512 -0.0312339 0.000388172 -0.0304042 0.0312358 0.999491 -0.00645564 0.0390851 -0.00018634 0.00646462 0.999979 0.413546
0.999052 -0.0435267 0.000925864 -0.0331774 0.0435208 0.999037 0.00562269 0.0391064 -0.00116971 -0.00557706 0.999984 0.414597
0.998811 -0.0487155 0.00204801 -0.0360231 0.0486613 0.99859 0.0211931 0.0391257 -0.00307755 -0.0210682 0.999773 0.415618
0.99932 -0.0368514 -0.0015271 -0.0317518 0.0368374 0.999286 -0.00834823 0.0394782 0.00183365 0.0082863 0.999964 0.41979
0.999485 -0.0320711 0.00070584 -0.0311471 0.032076 0.99945 -0.00841254 0.0396448 -0.000435652 0.00843085 0.999964 0.422388
0.999017 -0.0443341 0.000616717 -0.0325478 0.0443323 0.999013 0.00269457 0.0397017 -0.00073557 -0.00266458 0.999996 0.424256
0.999018 -0.0442863 -0.00131335 -0.0352763 0.0442929 0.999004 0.00548054 0.0397216 0.00106933 -0.00553333 0.999984 0.42528
0.999361 -0.0356647 -0.00235116 -0.0310849 0.0356336 0.999291 -0.0121641 0.0401502 0.00278332 0.0120726 0.999923 0.429507
0.999534 -0.0304734 -0.00178119 -0.03045 0.0304494 0.999462 -0.0121997 0.0403855 0.002152 0.0121397 0.999924 0.432107
0.99906 -0.0433018 -0.00180467 -0.0328928 0.0432976 0.99906 -0.00230622 0.0404084 0.00190284 0.00222592 0.999996 0.433181
0.998857 -0.047615 -0.00421569 -0.0352837 0.047621 0.998865 0.00132607 0.0404658 0.00414776 -0.00152531 0.99999 0.434475
0.999314 -0.0367522 -0.00452383 -0.0329844 0.0366972 0.999258 -0.0116974 0.040771 0.00495037 0.0115234 0.999921 0.437677
0.999545 -0.0299404 -0.00358057 -0.0299285 0.0298853 0.999447 -0.0145586 0.0411421 0.00401448 0.014445 0.999888 0.441897
0.998776 -0.0492368 -0.00470391 -0.0354635 0.0492183 0.99878 -0.003965 0.0411339 0.0048934 0.00372863 0.999981 0.443207
0.99946 -0.0319011 -0.00789913 -0.028238 0.0317251 0.999266 -0.021485 0.041613 0.00857872 0.0212228 0.999738 0.448277
0.999107 -0.0414798 -0.00806438 -0.031858 0.0413712 0.999057 -0.0131957 0.0420411 0.00860412 0.0128503 0.99988 0.452855
0.999307 -0.0355491 -0.0110429 -0.0292233 0.0352237 0.998976 -0.028379 0.0424906 0.0120405 0.0279704 0.999536 0.456193
0.999688 -0.0224601 -0.0109588 -0.0266854 0.0220475 0.999093 -0.0364178 0.0428659 0.0117669 0.0361648 0.999277 0.460266
0.999321 -0.0355229 -0.00978843 -0.029538 0.0353152 0.999163 -0.0206308 0.0429292 0.0105131 0.0202711 0.999739 0.461737
